Produce_batch,Num_Messages,Number_APoints/Msg,KB_Transfered,KB/sec
0,5000,0,5000,0.0,0.0
5000,10000,1,5000,310.0,3445.98135795
0,5000,2,5000,621.0,4801.56690343
5000,10000,3,5000,931.0,4441.05694711
10000,15000,4,5000,1237.0,4267.38775883
15000,20000,5,5000,1545.0,4173.63572368
20000,25000,6,5000,1855.0,4119.10098488
25000,30000,7,5000,2164.0,4594.63608596
30000,35000,8,5000,2475.0,4919.27610473
35000,40000,9,5000,2781.0,5113.10127127
40000,45000,10,5000,3092.0,5367.89803269
45000,50000,11,5000,3402.0,5593.19668901
50000,55000,12,5000,3708.0,5757.07720065
55000,60000,13,5000,4019.0,5930.91356553
60000,65000,14,5000,4329.0,6080.45005628
65000,70000,15,5000,4642.0,6255.00262087
70000,75000,16,5000,4952.0,6370.77940807
75000,80000,17,5000,5262.0,6520.09999696
80000,85000,18,5000,5572.0,6630.08973716
85000,90000,19,5000,5881.0,6641.02565577
90000,95000,20,5000,6191.0,6541.04532142
95000,100000,21,5000,6498.0,6510.4813988
0,5000,22,5000,6807.0,5566.29572387
5000,10000,23,5000,7119.0,5458.37222646
10000,15000,24,5000,7430.0,5524.69424445
15000,20000,25,5000,7746.0,5560.19743864
20000,25000,26,5000,8062.0,5704.34021503
25000,30000,27,5000,8377.0,5844.55056107
30000,35000,28,5000,8693.0,5925.96545132
35000,40000,29,5000,8999.0,5983.84741028
40000,45000,30,5000,9306.0,6041.87326617
45000,50000,31,5000,9615.0,6101.65917934
50000,55000,32,5000,9924.0,6184.9084255
55000,60000,33,5000,10228.0,6231.78247869
60000,65000,34,5000,10531.0,6294.37576314
65000,70000,35,5000,10843.0,6376.06037616
70000,75000,36,5000,11154.0,6440.44099981
75000,80000,37,5000,11469.0,6527.70053423
80000,85000,38,5000,11784.0,6614.84053214
85000,90000,39,5000,12095.0,6699.68123161
90000,95000,40,5000,12405.0,6782.22855556
95000,100000,41,5000,12718.0,6860.71077231
100000,105000,42,5000,13031.0,6907.46093876
105000,110000,43,5000,13327.0,6986.35741935
110000,115000,44,5000,13624.0,7023.94481657
115000,120000,45,5000,13928.0,7089.11275725
120000,125000,46,5000,14233.0,7151.34536295
125000,130000,47,5000,14533.0,7185.13603093
130000,135000,48,5000,14833.0,7262.11166664
135000,140000,49,5000,15146.0,7299.51681412
140000,145000,50,5000,15458.0,7363.97922407
145000,150000,51,5000,15767.0,7376.49916717
150000,155000,52,5000,16077.0,7380.15727288
155000,160000,53,5000,16375.0,7435.87106905
160000,165000,54,5000,16673.0,7489.70664254
165000,170000,55,5000,16988.0,7546.4590619
170000,175000,56,5000,17303.0,7622.03072819
175000,180000,57,5000,17605.0,7674.44558493
180000,185000,58,5000,17907.0,7699.16096929
185000,190000,59,5000,18223.0,7764.82058639
190000,195000,60,5000,18538.0,7819.99820496
195000,200000,61,5000,18856.0,7873.67092375
200000,205000,62,5000,19174.0,7899.73185408
205000,210000,63,5000,19483.0,7922.83339616
210000,215000,64,5000,19793.0,7933.55624111
215000,220000,65,5000,20101.0,7953.53788434
220000,225000,66,5000,20409.0,7897.88426672
225000,230000,67,5000,20723.0,7921.84204213
230000,235000,68,5000,21037.0,7924.72260714
235000,240000,69,5000,21349.0,7927.7730054
240000,245000,70,5000,21662.0,7981.61280684
245000,250000,71,5000,21970.0,7965.24490082
250000,255000,72,5000,22279.0,7937.2267265
255000,260000,73,5000,22578.0,7905.91112226
260000,265000,74,5000,22877.0,7951.8904675
265000,270000,75,5000,23184.0,7968.05133602
270000,275000,76,5000,23492.0,8007.08140964
275000,280000,77,5000,23804.0,8063.07115582
280000,285000,78,5000,24117.0,8082.45724143
285000,290000,79,5000,24433.0,8110.92765468
290000,295000,80,5000,24749.0,8130.94168107
295000,300000,81,5000,25064.0,8162.82942708
300000,305000,82,5000,25380.0,8172.57885492
305000,310000,83,5000,25701.0,8187.52200092
310000,315000,84,5000,26022.0,8194.43189535
315000,320000,85,5000,26343.0,8195.12004297
320000,325000,86,5000,26663.0,8243.56661466
325000,330000,87,5000,26980.0,8277.75238909
330000,335000,88,5000,27296.0,8314.29895311
335000,340000,89,5000,27599.0,8306.03221396
340000,345000,90,5000,27902.0,8334.28430927
345000,350000,91,5000,28218.0,8366.79171957
350000,355000,92,5000,28534.0,8371.1691888
355000,360000,93,5000,28841.0,8359.24499622
360000,365000,94,5000,29147.0,8338.47587121
365000,370000,95,5000,29452.0,8335.61407596
370000,375000,96,5000,29757.0,8331.52069014
375000,380000,97,5000,30067.0,8342.51068268
380000,385000,98,5000,30378.0,8371.28672807
385000,390000,99,5000,30692.0,8370.1158582
390000,395000,100,5000,31006.0,8400.15625067
395000,400000,101,5000,31324.0,8438.35723972
400000,405000,102,5000,31641.0,8474.84891538
405000,410000,103,5000,31964.0,8502.87758773
410000,415000,104,5000,32287.0,8513.92061268
415000,420000,105,5000,32592.0,8524.79175758
420000,425000,106,5000,32898.0,8550.94548285
425000,430000,107,5000,33199.0,8556.88261879
430000,435000,108,5000,33500.0,8567.6154086
435000,440000,109,5000,33811.0,8575.6194561
440000,445000,110,5000,34122.0,8583.4236951
445000,450000,111,5000,34430.0,8613.67638391
450000,455000,112,5000,34738.0,8613.15756506
455000,460000,113,5000,35049.0,8632.09114308
460000,465000,114,5000,35361.0,8631.65746945
465000,470000,115,5000,35675.0,8614.86936363
470000,475000,116,5000,35988.0,8607.71829682
475000,480000,117,5000,36300.0,8592.57441265
480000,485000,118,5000,36611.0,8576.40721285
485000,490000,119,5000,36917.0,8591.24283091
490000,495000,120,5000,37223.0,8592.38058881
495000,500000,121,5000,37540.0,8615.04743047
500000,505000,122,5000,37856.0,8637.84224096
505000,510000,123,5000,38155.0,8648.12706225
510000,515000,124,5000,38454.0,8667.54219331
515000,520000,125,5000,38768.0,8653.83251984
520000,525000,126,5000,39083.0,8643.64677881
525000,530000,127,5000,39395.0,8632.9542428
530000,535000,128,5000,39708.0,8622.94770059
535000,540000,129,5000,40018.0,8628.2658569
540000,545000,130,5000,40328.0,8618.79400051
545000,550000,131,5000,40641.0,8614.3161832
550000,555000,132,5000,40955.0,8629.77041632
555000,560000,133,5000,41263.0,8630.67906425
560000,565000,134,5000,41571.0,8617.87528311
565000,570000,135,5000,41874.0,8633.29853266
570000,575000,136,5000,42176.0,8633.60201468
575000,580000,137,5000,42494.0,8620.54100428
580000,585000,138,5000,42812.0,8580.94364232
585000,590000,139,5000,43120.0,8555.27718002
590000,595000,140,5000,43427.0,8530.10956748
595000,600000,141,5000,43741.0,8504.85587226
600000,605000,142,5000,44054.0,8465.23398988
605000,610000,143,5000,44378.0,8444.50790986
610000,615000,144,5000,44702.0,8470.51057225
615000,620000,145,5000,45009.0,8487.82173317
620000,625000,146,5000,45316.0,8513.56784782
625000,630000,147,5000,45632.0,8542.05537723
630000,635000,148,5000,45949.0,8567.61786743
635000,640000,149,5000,46263.0,8595.85119834
640000,645000,150,5000,46577.0,8602.09554865
645000,650000,151,5000,46888.0,8601.33323554
650000,655000,152,5000,47199.0,8600.90730806
655000,660000,153,5000,47515.0,8606.08112525
660000,665000,154,5000,47830.0,8613.2523542
665000,670000,155,5000,48138.0,8618.77281318
670000,675000,156,5000,48447.0,8625.38036141
675000,680000,157,5000,48748.0,8612.37571106
680000,685000,158,5000,49049.0,8609.92893623
685000,690000,159,5000,49352.0,8619.46440479
690000,695000,160,5000,49655.0,8625.90114664
695000,700000,161,5000,49960.0,8622.76970137
700000,705000,162,5000,50266.0,8623.53825705
705000,710000,163,5000,50579.0,8629.39260476
710000,715000,164,5000,50892.0,8626.3168287
715000,720000,165,5000,51199.0,8625.14821283
720000,725000,166,5000,51507.0,8612.21148831
725000,730000,167,5000,51814.0,8632.41105249
730000,735000,168,5000,52121.0,8655.63006058
735000,740000,169,5000,52419.0,8668.73076056
740000,745000,170,5000,52718.0,8668.16461221
745000,750000,171,5000,53033.0,8688.54489918
750000,755000,172,5000,53349.0,8706.82110282
755000,760000,173,5000,53660.0,8730.0580432
760000,765000,174,5000,53972.0,8729.70473052
765000,770000,175,5000,54292.0,8712.97352297
770000,775000,176,5000,54613.0,8719.01978318
775000,780000,177,5000,54928.0,8724.90142128
780000,785000,178,5000,55242.0,8714.99515424
785000,790000,179,5000,55552.0,8716.91619998
790000,795000,180,5000,55861.0,8703.30425041
795000,800000,181,5000,56157.0,8706.29851826
800000,805000,182,5000,56454.0,8710.08823215
805000,810000,183,5000,56762.0,8720.16859082
810000,815000,184,5000,57070.0,8709.56532573
815000,820000,185,5000,57386.0,8718.33536448
820000,825000,186,5000,57703.0,8716.74072626
825000,830000,187,5000,58005.0,8702.3199972
830000,835000,188,5000,58307.0,8719.26659971
835000,840000,189,5000,58623.0,8733.90094043
840000,845000,190,5000,58939.0,8717.23438054
845000,850000,191,5000,59256.0,8720.52725557
850000,855000,192,5000,59572.0,8724.68895896
855000,860000,193,5000,59890.0,8728.09307516
860000,865000,194,5000,60207.0,8711.51199091
865000,870000,195,5000,60511.0,8730.28982441
870000,875000,196,5000,60815.0,8743.05967571
875000,880000,197,5000,61129.0,8725.71264511
880000,885000,198,5000,61444.0,8730.84833105
885000,890000,199,5000,61743.0,8724.33501628
890000,895000,200,5000,62042.0,8725.91682241
895000,900000,201,5000,62358.0,8713.22662296
900000,905000,202,5000,62675.0,8707.98651789
905000,910000,203,5000,63002.0,8718.39878015
910000,915000,204,5000,63330.0,8724.47336078
915000,920000,205,5000,63640.0,8728.6378194
920000,925000,206,5000,63950.0,8723.26717642
925000,930000,207,5000,64263.0,8694.38888454
930000,935000,208,5000,64576.0,8698.05795218
935000,940000,209,5000,64882.0,8700.16487046
940000,945000,210,5000,65188.0,8689.9004511
945000,950000,211,5000,65491.0,8692.46810056
950000,955000,212,5000,65794.0,8684.3972996
955000,960000,213,5000,66111.0,8659.55050924
960000,965000,214,5000,66429.0,8663.57278582
965000,970000,215,5000,66735.0,8665.45510462
970000,975000,216,5000,67042.0,8675.21729322
975000,980000,217,5000,67359.0,8687.41595292
980000,985000,218,5000,67676.0,8692.07623143
985000,990000,219,5000,67980.0,8703.92676033
990000,995000,220,5000,68283.0,8715.74315636
995000,1000000,221,5000,68595.0,8727.74452452
0,5000,222,5000,68907.0,7180.19245686
5000,10000,223,5000,69207.0,7150.84945156
10000,15000,224,5000,69508.0,7166.68950202
15000,20000,225,5000,69809.0,7179.86050128
20000,25000,226,5000,70110.0,7192.65786685
25000,30000,227,5000,70410.0,7205.55775394
30000,35000,228,5000,70711.0,7218.49076008
35000,40000,229,5000,71012.0,7225.58930657
40000,45000,230,5000,71313.0,7238.01817139
45000,50000,231,5000,71613.0,7254.80355796
50000,55000,232,5000,71914.0,7271.55449605
55000,60000,233,5000,72215.0,7283.91746741
60000,65000,234,5000,72516.0,7289.8353175
65000,70000,235,5000,72816.0,7295.47466008
70000,75000,236,5000,73117.0,7301.79454708
75000,80000,237,5000,73418.0,7301.00939359
80000,85000,238,5000,73719.0,7296.06400755
85000,90000,239,5000,74019.0,7302.20599778
90000,95000,240,5000,74320.0,7317.31077532
95000,100000,241,5000,74621.0,7329.67045818
100000,105000,242,5000,74921.0,7344.37752058
105000,110000,243,5000,75219.0,7356.47651576
110000,115000,244,5000,75517.0,7368.06713591
115000,120000,245,5000,75815.0,7379.76463234
120000,125000,246,5000,76112.0,7395.441039
125000,130000,247,5000,76410.0,7407.1051988
130000,135000,248,5000,76708.0,7413.20246245
135000,140000,249,5000,77005.0,7427.67628936
140000,145000,250,5000,77303.0,7441.06013194
145000,150000,251,5000,77601.0,7445.77304014
150000,155000,252,5000,77898.0,7457.05729316
155000,160000,253,5000,78196.0,7462.25301817
160000,165000,254,5000,78494.0,7476.0284959
165000,170000,255,5000,78791.0,7484.49071663
170000,175000,256,5000,79089.0,7488.22372888
175000,180000,257,5000,79387.0,7499.61708667
180000,185000,258,5000,79684.0,7510.36757294
185000,190000,259,5000,79982.0,7520.99668516
190000,195000,260,5000,80280.0,7524.29870587
195000,200000,261,5000,80578.0,7528.47811414
200000,205000,262,5000,80875.0,7535.05052069
205000,210000,263,5000,81175.0,7540.07929036
210000,215000,264,5000,81475.0,7542.15951445
215000,220000,265,5000,81775.0,7556.84994587
220000,225000,266,5000,82075.0,7567.47895341
225000,230000,267,5000,82375.0,7573.19810554
230000,235000,268,5000,82675.0,7574.37236177
235000,240000,269,5000,82975.0,7580.40235626
240000,245000,270,5000,83274.0,7594.27744053
245000,250000,271,5000,83574.0,7597.38293829
250000,255000,272,5000,83874.0,7601.32156049
255000,260000,273,5000,84174.0,7588.36303751
260000,265000,274,5000,84474.0,7592.90850839
265000,270000,275,5000,84773.0,7586.8953057
270000,275000,276,5000,85073.0,7601.04428221
275000,280000,277,5000,85373.0,7604.13244549
280000,285000,278,5000,85673.0,7618.11902014
285000,290000,279,5000,85973.0,7630.89451554
290000,295000,280,5000,86273.0,7644.47446026
295000,300000,281,5000,86572.0,7654.71555075
300000,305000,282,5000,86872.0,7659.02970099
305000,310000,283,5000,87188.0,7674.23534182
310000,315000,284,5000,87504.0,7685.78179608
315000,320000,285,5000,87820.0,7699.97492067
320000,325000,286,5000,88136.0,7705.93503912
325000,330000,287,5000,88452.0,7710.0529131
330000,335000,288,5000,88768.0,7722.47397848
335000,340000,289,5000,89084.0,7723.27113188
340000,345000,290,5000,89400.0,7730.49663983
345000,350000,291,5000,89716.0,7737.38298043
350000,355000,292,5000,90031.0,7730.62864322
355000,360000,293,5000,90347.0,7730.14133827
360000,365000,294,5000,90663.0,7730.81170723
365000,370000,295,5000,90979.0,7735.96354873
370000,375000,296,5000,91295.0,7730.90780363
375000,380000,297,5000,91611.0,7736.54271381
380000,385000,298,5000,91927.0,7741.94150637
385000,390000,299,5000,92243.0,7747.61484779
390000,395000,300,5000,92559.0,7747.7942097
395000,400000,301,5000,92874.0,7748.64735357
400000,405000,302,5000,93190.0,7745.68551514
405000,410000,303,5000,93512.0,7752.53823646
410000,415000,304,5000,93835.0,7755.71442734
415000,420000,305,5000,94157.0,7762.98848051
420000,425000,306,5000,94479.0,7771.17380956
425000,430000,307,5000,94801.0,7777.38484976
430000,435000,308,5000,95123.0,7783.18346459
435000,440000,309,5000,95445.0,7792.26952017
440000,445000,310,5000,95767.0,7802.99572519
445000,450000,311,5000,96089.0,7808.05680513
450000,455000,312,5000,96411.0,7802.90432992
455000,460000,313,5000,96733.0,7792.730337
460000,465000,314,5000,97055.0,7799.3198253
465000,470000,315,5000,97377.0,7805.10093972
470000,475000,316,5000,97700.0,7814.19284271
475000,480000,317,5000,98022.0,7817.09807898
480000,485000,318,5000,98344.0,7825.21199244
485000,490000,319,5000,98666.0,7829.60650405
490000,495000,320,5000,98988.0,7833.21997891
495000,500000,321,5000,99310.0,7839.77585128
500000,505000,322,5000,99632.0,7843.33558201
505000,510000,323,5000,99942.0,7846.56283543
510000,515000,324,5000,100253.0,7848.84019181
515000,520000,325,5000,100563.0,7855.31226204
520000,525000,326,5000,100874.0,7857.48270518
525000,530000,327,5000,101184.0,7864.23197973
530000,535000,328,5000,101495.0,7869.63468814
535000,540000,329,5000,101805.0,7871.18554214
540000,545000,330,5000,102115.0,7872.75985646
545000,550000,331,5000,102426.0,7874.82520642
550000,555000,332,5000,102736.0,7875.77237775
555000,560000,333,5000,103047.0,7878.62364478
560000,565000,334,5000,103357.0,7885.35099448
565000,570000,335,5000,103667.0,7888.76426259
570000,575000,336,5000,103978.0,7897.5939446
575000,580000,337,5000,104288.0,7906.23030611
580000,585000,338,5000,104599.0,7909.35759629
585000,590000,339,5000,104909.0,7917.64484824
590000,595000,340,5000,105219.0,7918.97078784
595000,600000,341,5000,105530.0,7923.21815211
600000,605000,342,5000,105840.0,7920.51895
605000,610000,343,5000,106140.0,7921.18410524
610000,615000,344,5000,106439.0,7931.56789629
615000,620000,345,5000,106739.0,7941.92070107
620000,625000,346,5000,107038.0,7942.88087474
625000,630000,347,5000,107338.0,7948.97231922
630000,635000,348,5000,107638.0,7954.91082609
635000,640000,349,5000,107937.0,7957.22660305
640000,645000,350,5000,108237.0,7965.27739067
645000,650000,351,5000,108536.0,7967.25602141
650000,655000,352,5000,108836.0,7978.20390162
655000,660000,353,5000,109135.0,7985.59460982
660000,665000,354,5000,109435.0,7988.01567455
665000,670000,355,5000,109735.0,7990.61181636
670000,675000,356,5000,110034.0,7996.14213566
675000,680000,357,5000,110334.0,8001.16492799
680000,685000,358,5000,110634.0,8007.7749464
685000,690000,359,5000,110933.0,8009.26294556
690000,695000,360,5000,111233.0,8017.59956798
695000,700000,361,5000,111533.0,8028.01245188
700000,705000,362,5000,111832.0,8038.82839226
705000,710000,363,5000,112142.0,8049.06537414
710000,715000,364,5000,112452.0,8052.75074758
715000,720000,365,5000,112761.0,8060.80589674
720000,725000,366,5000,113071.0,8063.97493822
725000,730000,367,5000,113381.0,8065.38250199
730000,735000,368,5000,113691.0,8070.91326808
735000,740000,369,5000,114000.0,8072.49327058
740000,745000,370,5000,114310.0,8065.17453404
745000,750000,371,5000,114620.0,8066.38119513
750000,755000,372,5000,114930.0,8073.76367201
755000,760000,373,5000,115240.0,8076.28602146
760000,765000,374,5000,115550.0,8078.88918785
765000,770000,375,5000,115860.0,8081.26183492
770000,775000,376,5000,116170.0,8083.47595294
775000,780000,377,5000,116479.0,8083.23253924
780000,785000,378,5000,116789.0,8083.03563066
785000,790000,379,5000,117099.0,8085.26850607
790000,795000,380,5000,117409.0,8087.51100341
795000,800000,381,5000,117719.0,8097.29269553
800000,805000,382,5000,118028.0,8098.95964745
805000,810000,383,5000,118339.0,8100.79408805
810000,815000,384,5000,118650.0,8098.68978569
815000,820000,385,5000,118961.0,8099.86231923
820000,825000,386,5000,119272.0,8100.74507082
825000,830000,387,5000,119583.0,8103.42147704
830000,835000,388,5000,119894.0,8107.17539932
835000,840000,389,5000,120205.0,8105.92123758
840000,845000,390,5000,120516.0,8108.45026491
845000,850000,391,5000,120827.0,8106.31343553
850000,855000,392,5000,121138.0,8111.04537315
855000,860000,393,5000,121449.0,8112.7796379
860000,865000,394,5000,121760.0,8118.03372267
865000,870000,395,5000,122071.0,8121.58044659
870000,875000,396,5000,122382.0,8123.41502693
875000,880000,397,5000,122693.0,8120.0056544
880000,885000,398,5000,123004.0,8117.02500291
885000,890000,399,5000,123315.0,8114.08243266
890000,895000,400,5000,123626.0,8112.24099837
895000,900000,401,5000,123937.0,8106.54494909
900000,905000,402,5000,124248.0,8116.24566594
905000,910000,403,5000,124560.0,8126.71470174
910000,915000,404,5000,124871.0,8131.29264485
915000,920000,405,5000,125183.0,8131.12373576
920000,925000,406,5000,125495.0,8130.89676656
925000,930000,407,5000,125806.0,8127.34079682
930000,935000,408,5000,126118.0,8126.34206589
935000,940000,409,5000,126429.0,8129.05623415
940000,945000,410,5000,126741.0,8131.30559804
945000,950000,411,5000,127052.0,8139.64736645
950000,955000,412,5000,127364.0,8142.00604267
955000,960000,413,5000,127676.0,8149.20050221
960000,965000,414,5000,127987.0,8156.58565001
965000,970000,415,5000,128299.0,8163.88063957
970000,975000,416,5000,128610.0,8174.04358249
975000,980000,417,5000,128922.0,8177.24435476
980000,985000,418,5000,129233.0,8187.08878332
985000,990000,419,5000,129545.0,8189.71904973
990000,995000,420,5000,129856.0,8190.49621006
995000,1000000,421,5000,130168.0,8190.73377082
1000000,1005000,422,5000,130480.0,8196.56121388
1005000,1010000,423,5000,130794.0,8202.29289862
1010000,1015000,424,5000,131107.0,8207.45283215
1015000,1020000,425,5000,131421.0,8208.30118866
1020000,1025000,426,5000,131735.0,8206.12547226
1025000,1030000,427,5000,132049.0,8189.60183517
1030000,1035000,428,5000,132362.0,8186.0498667
1035000,1040000,429,5000,132676.0,8182.46689372
1040000,1045000,430,5000,132990.0,8185.49508591
1045000,1050000,431,5000,133304.0,8195.29773219
1050000,1055000,432,5000,133617.0,8202.3896842
1055000,1060000,433,5000,133931.0,8211.77131145
1060000,1065000,434,5000,134245.0,8218.84832907
1065000,1070000,435,5000,134559.0,8228.5771296
1070000,1075000,436,5000,134872.0,8237.65489194
1075000,1080000,437,5000,135186.0,8247.7298723
1080000,1085000,438,5000,135500.0,8256.17217404
1085000,1090000,439,5000,135814.0,8263.04637007
1090000,1095000,440,5000,136128.0,8270.18723946
1095000,1100000,441,5000,136441.0,8279.89781648
1100000,1105000,442,5000,136755.0,8286.72589995
1105000,1110000,443,5000,137071.0,8295.91162324
1110000,1115000,444,5000,137387.0,8302.73461324
1115000,1120000,445,5000,137703.0,8309.48460281
1120000,1125000,446,5000,138019.0,8309.89474835
1125000,1130000,447,5000,138335.0,8311.24478149
1130000,1135000,448,5000,138651.0,8314.42943238
1135000,1140000,449,5000,138967.0,8320.27371003
1140000,1145000,450,5000,139282.0,8317.12995861
1145000,1150000,451,5000,139598.0,8305.59359264
1150000,1155000,452,5000,139914.0,8308.21285511
1155000,1160000,453,5000,140230.0,8311.04883943
1160000,1165000,454,5000,140546.0,8310.17052914
1165000,1170000,455,5000,140862.0,8307.21519563
1170000,1175000,456,5000,141178.0,8305.2770884
1175000,1180000,457,5000,141494.0,8308.72668704
1180000,1185000,458,5000,141810.0,8312.05062004
1185000,1190000,459,5000,142126.0,8314.05735936
1190000,1195000,460,5000,142442.0,8318.96584766
1195000,1200000,461,5000,142758.0,8319.23327052
1200000,1205000,462,5000,143074.0,8322.13146024
1205000,1210000,463,5000,143376.0,8327.57305088
1210000,1215000,464,5000,143678.0,8333.17871439
1215000,1220000,465,5000,143980.0,8334.9823054
1220000,1225000,466,5000,144282.0,8337.14860545
1225000,1230000,467,5000,144584.0,8336.69588873
1230000,1235000,468,5000,144886.0,8338.77037076
1235000,1240000,469,5000,145188.0,8342.14359091
1240000,1245000,470,5000,145490.0,8347.75980464
1245000,1250000,471,5000,145792.0,8356.30252709
1250000,1255000,472,5000,146094.0,8356.69042363
1255000,1260000,473,5000,146396.0,8358.71757402
1260000,1265000,474,5000,146698.0,8360.38098573
1265000,1270000,475,5000,147000.0,8354.39985838
1270000,1275000,476,5000,147302.0,8344.8160424
1275000,1280000,477,5000,147604.0,8340.65999785
1280000,1285000,478,5000,147906.0,8342.36351292
1285000,1290000,479,5000,148209.0,8344.2172081
1290000,1295000,480,5000,148511.0,8333.23196749
1295000,1300000,481,5000,148813.0,8331.40191042
1300000,1305000,482,5000,149115.0,8338.86649221
1305000,1310000,483,5000,149433.0,8339.25575396
1310000,1315000,484,5000,149751.0,8343.66472524
1315000,1320000,485,5000,150069.0,8349.92544817
1320000,1325000,486,5000,150387.0,8353.6118948
1325000,1330000,487,5000,150706.0,8356.70572997
1330000,1335000,488,5000,151024.0,8359.53538867
1335000,1340000,489,5000,151342.0,8362.4446248
1340000,1345000,490,5000,151660.0,8368.59609658
1345000,1350000,491,5000,151979.0,8367.73345644
1350000,1355000,492,5000,152297.0,8365.3315968
1355000,1360000,493,5000,152615.0,8369.91476076
1360000,1365000,494,5000,152933.0,8373.61004327
1365000,1370000,495,5000,153251.0,8374.63848375
1370000,1375000,496,5000,153569.0,8372.04697252
1375000,1380000,497,5000,153887.0,8373.91774298
1380000,1385000,498,5000,154205.0,8374.55723028
1385000,1390000,499,5000,154524.0,8372.03740803
1390000,1395000,500,5000,154842.0,8375.54634084
1395000,1400000,501,5000,155160.0,8376.64143108
1400000,1405000,502,5000,155478.0,8375.85109362
1405000,1410000,503,5000,155808.0,8374.85523723
1410000,1415000,504,5000,156138.0,8377.88252038
1415000,1420000,505,5000,156468.0,8376.9417001
1420000,1425000,506,5000,156799.0,8376.87815881
1425000,1430000,507,5000,157129.0,8367.47558307
1430000,1435000,508,5000,157459.0,8359.43928579
1435000,1440000,509,5000,157789.0,8357.93309469
1440000,1445000,510,5000,158119.0,8366.27722147
1445000,1450000,511,5000,158449.0,8372.03238085
1450000,1455000,512,5000,158779.0,8376.15078433
1455000,1460000,513,5000,159110.0,8380.06518953
1460000,1465000,514,5000,159440.0,8380.53474452
1465000,1470000,515,5000,159770.0,8380.12423225
1470000,1475000,516,5000,160100.0,8382.17043028
1475000,1480000,517,5000,160430.0,8385.16110974
1480000,1485000,518,5000,160760.0,8391.42024283
1485000,1490000,519,5000,161091.0,8393.67335164
1490000,1495000,520,5000,161421.0,8394.88441398
1495000,1500000,521,5000,161751.0,8400.10321701
1500000,1505000,522,5000,162081.0,8396.80115097
1505000,1510000,523,5000,162391.0,8400.71739479
1510000,1515000,524,5000,162701.0,8401.81265584
1515000,1520000,525,5000,163011.0,8402.76193549
1520000,1525000,526,5000,163321.0,8382.16662256
1525000,1530000,527,5000,163630.0,8389.3560334
1530000,1535000,528,5000,163940.0,8387.22349931
1535000,1540000,529,5000,164250.0,8388.98717711
1540000,1545000,530,5000,164560.0,8383.64068271
1545000,1550000,531,5000,164870.0,8385.32476924
1550000,1555000,532,5000,165180.0,8387.34487135
1555000,1560000,533,5000,165489.0,8388.84878357
1560000,1565000,534,5000,165799.0,8393.04307675
1565000,1570000,535,5000,166109.0,8393.87700743
1570000,1575000,536,5000,166419.0,8396.70262739
1575000,1580000,537,5000,166729.0,8396.84565061
1580000,1585000,538,5000,167038.0,8397.21142415
1585000,1590000,539,5000,167348.0,8392.17121757
1590000,1595000,540,5000,167658.0,8399.17176525
1595000,1600000,541,5000,167968.0,8395.25521001
1600000,1605000,542,5000,168278.0,8397.26634919
1605000,1610000,543,5000,168583.0,8396.24516998
1610000,1615000,544,5000,168888.0,8392.32066073
1615000,1620000,545,5000,169194.0,8396.43293914
1620000,1625000,546,5000,169499.0,8396.83843639
1625000,1630000,547,5000,169804.0,8396.13774399
1630000,1635000,548,5000,170110.0,8394.29160307
1635000,1640000,549,5000,170415.0,8397.41672581
1640000,1645000,550,5000,170720.0,8401.20774478
1645000,1650000,551,5000,171025.0,8403.27423784
1650000,1655000,552,5000,171331.0,8404.0526682
1655000,1660000,553,5000,171636.0,8401.01108682
1660000,1665000,554,5000,171941.0,8404.28149792
1665000,1670000,555,5000,172247.0,8407.03634941
1670000,1675000,556,5000,172552.0,8406.53302482
1675000,1680000,557,5000,172857.0,8411.40190307
1680000,1685000,558,5000,173162.0,8416.29152464
1685000,1690000,559,5000,173468.0,8421.30412543
1690000,1695000,560,5000,173773.0,8423.08529305
1695000,1700000,561,5000,174078.0,8427.89168331
1700000,1705000,562,5000,174384.0,8432.84387176
1705000,1710000,563,5000,174683.0,8437.71661879
1710000,1715000,564,5000,174982.0,8444.82456131
1715000,1720000,565,5000,175281.0,8449.69070084
1720000,1725000,566,5000,175580.0,8451.22639886
1725000,1730000,567,5000,175879.0,8441.61558048
1730000,1735000,568,5000,176178.0,8442.84283494
1735000,1740000,569,5000,176477.0,8444.2610668
1740000,1745000,570,5000,176776.0,8445.78637893
1745000,1750000,571,5000,177075.0,8447.2329175
1750000,1755000,572,5000,177374.0,8442.09283264
1755000,1760000,573,5000,177674.0,8441.182073
1760000,1765000,574,5000,177973.0,8437.89057583
1765000,1770000,575,5000,178272.0,8428.32455051
1770000,1775000,576,5000,178571.0,8429.71648103
1775000,1780000,577,5000,178870.0,8431.03713428
1780000,1785000,578,5000,179169.0,8437.17280157
1785000,1790000,579,5000,179468.0,8438.70986577
1790000,1795000,580,5000,179768.0,8439.66447719
1795000,1800000,581,5000,180067.0,8444.17154634
1800000,1805000,582,5000,180366.0,8447.22065671
1805000,1810000,583,5000,180679.0,8450.91386258
1810000,1815000,584,5000,180992.0,8455.67078687
1815000,1820000,585,5000,181305.0,8452.69077637
1820000,1825000,586,5000,181618.0,8449.95379545
1825000,1830000,587,5000,181931.0,8427.53714314
1830000,1835000,588,5000,182245.0,8417.67719613
1835000,1840000,589,5000,182558.0,8424.58148626
1840000,1845000,590,5000,182871.0,8429.28452607
1845000,1850000,591,5000,183184.0,8431.05766471
1850000,1855000,592,5000,183497.0,8432.69337113
1855000,1860000,593,5000,183810.0,8429.93490628
1860000,1865000,594,5000,184123.0,8426.29248259
1865000,1870000,595,5000,184436.0,8425.15562307
1870000,1875000,596,5000,184749.0,8423.60396661
1875000,1880000,597,5000,185062.0,8416.4000114
1880000,1885000,598,5000,185376.0,8419.26736598
1885000,1890000,599,5000,185689.0,8420.71918815
1890000,1895000,600,5000,186002.0,8425.18504933
1895000,1900000,601,5000,186315.0,8429.99108254
1900000,1905000,602,5000,186628.0,8435.13829978
1905000,1910000,603,5000,186942.0,8435.54611816
1910000,1915000,604,5000,187256.0,8439.92769664
1915000,1920000,605,5000,187570.0,8441.79694653
1920000,1925000,606,5000,187884.0,8440.68350047
1925000,1930000,607,5000,188197.0,8442.47688544
1930000,1935000,608,5000,188511.0,8444.25873393
1935000,1940000,609,5000,188825.0,8446.03513463
1940000,1945000,610,5000,189139.0,8449.35288747
1945000,1950000,611,5000,189452.0,8451.17952469
1950000,1955000,612,5000,189766.0,8452.93890701
1955000,1960000,613,5000,190080.0,8456.31206024
1960000,1965000,614,5000,190394.0,8455.0540294
1965000,1970000,615,5000,190707.0,8456.60253072
1970000,1975000,616,5000,191021.0,8456.51565214
1975000,1980000,617,5000,191335.0,8459.60180425
1980000,1985000,618,5000,191649.0,8465.48775135
1985000,1990000,619,5000,191963.0,8470.08652333
1990000,1995000,620,5000,192276.0,8471.24844838
1995000,2000000,621,5000,192590.0,8472.56012101
2000000,2005000,622,5000,192904.0,8478.36019599
2005000,2010000,623,5000,193222.0,8478.64455112
2010000,2015000,624,5000,193540.0,8482.55122485
2015000,2020000,625,5000,193859.0,8486.97431717
2020000,2025000,626,5000,194177.0,8491.98324649
2025000,2030000,627,5000,194495.0,8495.12970657
2030000,2035000,628,5000,194813.0,8500.12888111
2035000,2040000,629,5000,195132.0,8504.97516123
2040000,2045000,630,5000,195450.0,8505.70719592
2045000,2050000,631,5000,195768.0,8506.45178268
2050000,2055000,632,5000,196086.0,8507.45658627
2055000,2060000,633,5000,196405.0,8510.75397005
2060000,2065000,634,5000,196723.0,8511.5686976
2065000,2070000,635,5000,197041.0,8513.51336182
2070000,2075000,636,5000,197359.0,8512.64094711
2075000,2080000,637,5000,197678.0,8514.59521921
2080000,2085000,638,5000,197996.0,8513.36747116
2085000,2090000,639,5000,198314.0,8518.67228467
2090000,2095000,640,5000,198632.0,8523.41180465
2095000,2100000,641,5000,198951.0,8525.29363071
2100000,2105000,642,5000,199269.0,8521.15693543
2105000,2110000,643,5000,199575.0,8520.62853765
2110000,2115000,644,5000,199881.0,8519.14201555
2115000,2120000,645,5000,200187.0,8515.39722703
2120000,2125000,646,5000,200493.0,8510.5901111
2125000,2130000,647,5000,200799.0,8515.28744099
2130000,2135000,648,5000,201105.0,8514.67575447
2135000,2140000,649,5000,201411.0,8518.15572883
2140000,2145000,650,5000,201718.0,8519.7026555
2145000,2150000,651,5000,202024.0,8522.73176162
2150000,2155000,652,5000,202330.0,8520.91631434
2155000,2160000,653,5000,202636.0,8520.80725054
2160000,2165000,654,5000,202942.0,8520.79584
2165000,2170000,655,5000,203248.0,8517.66243743
2170000,2175000,656,5000,203554.0,8521.13838034
2175000,2180000,657,5000,203860.0,8521.97426363
2180000,2185000,658,5000,204166.0,8521.58769189
2185000,2190000,659,5000,204472.0,8518.41382554
2190000,2195000,660,5000,204779.0,8511.1227987
2195000,2200000,661,5000,205085.0,8509.57419989
2200000,2205000,662,5000,205391.0,8510.75873403
2205000,2210000,663,5000,205691.0,8512.02367362
2210000,2215000,664,5000,205992.0,8514.83592039
2215000,2220000,665,5000,206292.0,8518.68774912
2220000,2225000,666,5000,206592.0,8519.09088783
2225000,2230000,667,5000,206892.0,8510.52664588
2230000,2235000,668,5000,207192.0,8507.78915363
2235000,2240000,669,5000,207492.0,8508.64313393
2240000,2245000,670,5000,207792.0,8509.13449783
2245000,2250000,671,5000,208093.0,8509.94517039
2250000,2255000,672,5000,208393.0,8510.90267089
2255000,2260000,673,5000,208693.0,8516.64186565
2260000,2265000,674,5000,208993.0,8518.04976669
2265000,2270000,675,5000,209293.0,8519.0172279
2270000,2275000,676,5000,209593.0,8519.79891177
2275000,2280000,677,5000,209893.0,8520.63219033
2280000,2285000,678,5000,210194.0,8521.46747012
2285000,2290000,679,5000,210494.0,8516.67156059
2290000,2295000,680,5000,210794.0,8519.1264292
2295000,2300000,681,5000,211094.0,8520.54342456
2300000,2305000,682,5000,211394.0,8520.5987224
2305000,2310000,683,5000,211701.0,8520.76684419
2310000,2315000,684,5000,212007.0,8525.54831539
2315000,2320000,685,5000,212314.0,8525.15029959
2320000,2325000,686,5000,212620.0,8524.55757362
2325000,2330000,687,5000,212927.0,8522.87489103
2330000,2335000,688,5000,213233.0,8523.79152079
2335000,2340000,689,5000,213540.0,8524.70036622
2340000,2345000,690,5000,213846.0,8529.67855901
2345000,2350000,691,5000,214153.0,8533.44582254
2350000,2355000,692,5000,214459.0,8538.39384876
2355000,2360000,693,5000,214766.0,8541.13660262
2360000,2365000,694,5000,215072.0,8544.89440148
2365000,2370000,695,5000,215378.0,8548.47445043
2370000,2375000,696,5000,215685.0,8549.57628364
2375000,2380000,697,5000,215992.0,8542.4390586
2380000,2385000,698,5000,216298.0,8538.71815834
2385000,2390000,699,5000,216605.0,8539.72732703
2390000,2395000,700,5000,216911.0,8545.12404236
2395000,2400000,701,5000,217218.0,8548.80716318
2400000,2405000,702,5000,217524.0,8545.56777042
2405000,2410000,703,5000,217832.0,8545.60433151
2410000,2415000,704,5000,218139.0,8544.02680834
2415000,2420000,705,5000,218446.0,8545.3826735
2420000,2425000,706,5000,218753.0,8544.07459126
2425000,2430000,707,5000,219061.0,8545.0835004
2430000,2435000,708,5000,219368.0,8546.05561881
2435000,2440000,709,5000,219675.0,8542.5887108
2440000,2445000,710,5000,219983.0,8541.45920694
2445000,2450000,711,5000,220290.0,8546.84905567
2450000,2455000,712,5000,220597.0,8550.01415303
2455000,2460000,713,5000,220904.0,8553.84018555
2460000,2465000,714,5000,221212.0,8554.8750431
2465000,2470000,715,5000,221519.0,8555.75519619
2470000,2475000,716,5000,221826.0,8549.62780174
2475000,2480000,717,5000,222133.0,8540.8366977
2480000,2485000,718,5000,222441.0,8537.73653087
2485000,2490000,719,5000,222748.0,8535.94490525
2490000,2495000,720,5000,223055.0,8529.17824879
2495000,2500000,721,5000,223363.0,8511.05875593
2500000,2505000,722,5000,223670.0,8507.10392871
2505000,2510000,723,5000,223987.0,8493.20831005
2510000,2515000,724,5000,224304.0,8476.88966006
2515000,2520000,725,5000,224622.0,8479.51009072
2520000,2525000,726,5000,224939.0,8477.54315212
2525000,2530000,727,5000,225256.0,8477.84813828
2530000,2535000,728,5000,225573.0,8474.29457523
2535000,2540000,729,5000,225890.0,8460.42290411
2540000,2545000,730,5000,226207.0,8461.70544614
2545000,2550000,731,5000,226525.0,8464.82192713
2550000,2555000,732,5000,226842.0,8462.53665636
2555000,2560000,733,5000,227159.0,8458.8733356
2560000,2565000,734,5000,227476.0,8445.29486433
2565000,2570000,735,5000,227793.0,8450.66382134
2570000,2575000,736,5000,228110.0,8454.76256041
2575000,2580000,737,5000,228427.0,8441.43054905
2580000,2585000,738,5000,228744.0,8412.5018236
2585000,2590000,739,5000,229062.0,8417.9491439
2590000,2595000,740,5000,229379.0,8422.0752656
2595000,2600000,741,5000,229696.0,8418.8090701
2600000,2605000,742,5000,230013.0,8422.77514357
2605000,2610000,743,5000,230329.0,8426.63694508
2610000,2615000,744,5000,230645.0,8428.10735587
2615000,2620000,745,5000,230960.0,8429.05622921
2620000,2625000,746,5000,231276.0,8430.64552661
2625000,2630000,747,5000,231592.0,8431.67290992
2630000,2635000,748,5000,231908.0,8436.36088456
2635000,2640000,749,5000,232224.0,8440.16042018
2640000,2645000,750,5000,232539.0,8430.44426866
2645000,2650000,751,5000,232855.0,8414.90429132
2650000,2655000,752,5000,233171.0,8419.59618418
2655000,2660000,753,5000,233486.0,8423.21342923
2660000,2665000,754,5000,233802.0,8416.55323762
2665000,2670000,755,5000,234118.0,8399.76479983
2670000,2675000,756,5000,234434.0,8404.98976007
2675000,2680000,757,5000,234749.0,8408.8325553
2680000,2685000,758,5000,235065.0,8413.86552481
2685000,2690000,759,5000,235381.0,8415.17399582
2690000,2695000,760,5000,235697.0,8419.16714382
2695000,2700000,761,5000,236013.0,8420.57187188
2700000,2705000,762,5000,236328.0,8424.44597417
2705000,2710000,763,5000,236642.0,8426.08424542
2710000,2715000,764,5000,236956.0,8428.47576172
2715000,2720000,765,5000,237269.0,8433.74312943
2720000,2725000,766,5000,237583.0,8439.08401128
2725000,2730000,767,5000,237897.0,8443.57926911
2730000,2735000,768,5000,238211.0,8442.50584248
2735000,2740000,769,5000,238525.0,8443.94569593
2740000,2745000,770,5000,238839.0,8447.71437674
2745000,2750000,771,5000,239152.0,8451.55040854
2750000,2755000,772,5000,239466.0,8454.57305989
2755000,2760000,773,5000,239780.0,8455.68594309
2760000,2765000,774,5000,240094.0,8459.58878904
2765000,2770000,775,5000,240407.0,8460.59905566
2770000,2775000,776,5000,240721.0,8461.19187409
2775000,2780000,777,5000,241035.0,8465.04220187
2780000,2785000,778,5000,241349.0,8465.73160803
2785000,2790000,779,5000,241663.0,8463.19964099
2790000,2795000,780,5000,241976.0,8464.10389185
2795000,2800000,781,5000,242290.0,8463.23142268
2800000,2805000,782,5000,242604.0,8464.42602611
2805000,2810000,783,5000,242916.0,8465.2218893
2810000,2815000,784,5000,243228.0,8467.4635959
2815000,2820000,785,5000,243541.0,8472.0736896
2820000,2825000,786,5000,243853.0,8471.802895
2825000,2830000,787,5000,244165.0,8471.93605677
2830000,2835000,788,5000,244478.0,8473.24163966
2835000,2840000,789,5000,244790.0,8474.07789793
2840000,2845000,790,5000,245102.0,8477.3254091
2845000,2850000,791,5000,245414.0,8475.11066777
2850000,2855000,792,5000,245726.0,8468.10861318
2855000,2860000,793,5000,246039.0,8464.60542444
2860000,2865000,794,5000,246351.0,8469.29039234
2865000,2870000,795,5000,246663.0,8470.25156473
2870000,2875000,796,5000,246975.0,8468.86059984
2875000,2880000,797,5000,247287.0,8468.91009131
2880000,2885000,798,5000,247599.0,8469.02472454
2885000,2890000,799,5000,247912.0,8470.16804596
2890000,2895000,800,5000,248224.0,8472.47741657
2895000,2900000,801,5000,248536.0,8472.18089538
2900000,2905000,802,5000,248849.0,8473.02878355
2905000,2910000,803,5000,249148.0,8473.51105165
2910000,2915000,804,5000,249447.0,8470.76148571
2915000,2920000,805,5000,249746.0,8468.54892355
2920000,2925000,806,5000,250045.0,8462.55846541
2925000,2930000,807,5000,250344.0,8459.90322412
2930000,2935000,808,5000,250643.0,8457.39266564
2935000,2940000,809,5000,250942.0,8461.37239025
2940000,2945000,810,5000,251242.0,8461.04962081
2945000,2950000,811,5000,251541.0,8464.09549299
2950000,2955000,812,5000,251840.0,8464.63198434
2955000,2960000,813,5000,252139.0,8469.09732501
2960000,2965000,814,5000,252438.0,8470.70889248
2965000,2970000,815,5000,252737.0,8474.08163157
2970000,2975000,816,5000,253036.0,8477.19684445
2975000,2980000,817,5000,253335.0,8475.8088451
2980000,2985000,818,5000,253634.0,8476.99489457
2985000,2990000,819,5000,253934.0,8475.72073502
2990000,2995000,820,5000,254233.0,8460.91420005
2995000,3000000,821,5000,254532.0,8446.05492439
3000000,3005000,822,5000,254831.0,8447.3518536
3005000,3010000,823,5000,255145.0,8446.56391898
3010000,3015000,824,5000,255460.0,8447.28991372
3015000,3020000,825,5000,255774.0,8445.88258443
3020000,3025000,826,5000,256088.0,8443.87268644
3025000,3030000,827,5000,256403.0,8445.19966161
3030000,3035000,828,5000,256717.0,8442.86548965
3035000,3040000,829,5000,257031.0,8442.07767789
3040000,3045000,830,5000,257346.0,8441.45690104
3045000,3050000,831,5000,257660.0,8436.90227461
3050000,3055000,832,5000,257974.0,8422.8163085
3055000,3060000,833,5000,258289.0,8408.1382383
3060000,3065000,834,5000,258603.0,8404.35079788
3065000,3070000,835,5000,258917.0,8401.36048627
3070000,3075000,836,5000,259232.0,8395.31623438
3075000,3080000,837,5000,259546.0,8395.36094362
3080000,3085000,838,5000,259860.0,8390.77766795
3085000,3090000,839,5000,260175.0,8392.23655568
3090000,3095000,840,5000,260489.0,8395.65291097
3095000,3100000,841,5000,260803.0,8398.9672727
3100000,3105000,842,5000,261118.0,8402.23109674
3105000,3110000,843,5000,261430.0,8405.42882469
3110000,3115000,844,5000,261742.0,8401.04989384
3115000,3120000,845,5000,262054.0,8401.23444105
3120000,3125000,846,5000,262366.0,8402.48292475
3125000,3130000,847,5000,262678.0,8406.16353641
3130000,3135000,848,5000,262990.0,8406.28462753
3135000,3140000,849,5000,263302.0,8407.46650981
3140000,3145000,850,5000,263614.0,8410.43395892
3145000,3150000,851,5000,263926.0,8410.97721069
3150000,3155000,852,5000,264238.0,8412.14799403
3155000,3160000,853,5000,264550.0,8413.41368849
3160000,3165000,854,5000,264862.0,8414.68755228
3165000,3170000,855,5000,265174.0,8401.00151591
3170000,3175000,856,5000,265487.0,8399.71489681
3175000,3180000,857,5000,265799.0,8394.40913332
3180000,3185000,858,5000,266111.0,8395.32398156
3185000,3190000,859,5000,266423.0,8398.65424347
3190000,3195000,860,5000,266735.0,8403.00029006
3195000,3200000,861,5000,267047.0,8406.17879514
3200000,3205000,862,5000,267359.0,8409.20395875
3205000,3210000,863,5000,267676.0,8410.42005661
3210000,3215000,864,5000,267993.0,8407.10266592
3215000,3220000,865,5000,268310.0,8410.9493825
3220000,3225000,866,5000,268626.0,8411.54386581
3225000,3230000,867,5000,268943.0,8413.03349094
3230000,3235000,868,5000,269260.0,8412.47222728
3235000,3240000,869,5000,269577.0,8415.5913872
3240000,3245000,870,5000,269894.0,8416.72334999
3245000,3250000,871,5000,270211.0,8417.61750533
3250000,3255000,872,5000,270528.0,8420.72683752
3255000,3260000,873,5000,270844.0,8425.04481638
3260000,3265000,874,5000,271161.0,8425.09346659
3265000,3270000,875,5000,271478.0,8423.00867969
3270000,3275000,876,5000,271795.0,8422.21418241
3275000,3280000,877,5000,272112.0,8416.38387308
3280000,3285000,878,5000,272429.0,8412.30978449
3285000,3290000,879,5000,272746.0,8416.32342894
3290000,3295000,880,5000,273062.0,8419.40894839
3295000,3300000,881,5000,273379.0,8423.56131623
3300000,3305000,882,5000,273696.0,8427.00602786
3305000,3310000,883,5000,274008.0,8429.26707461
3310000,3315000,884,5000,274320.0,8433.2279286
3315000,3320000,885,5000,274632.0,8436.32531228
3320000,3325000,886,5000,274944.0,8439.29206567
3325000,3330000,887,5000,275256.0,8440.26429654
3330000,3335000,888,5000,275568.0,8443.50438281
3335000,3340000,889,5000,275880.0,8444.39407681
3340000,3345000,890,5000,276192.0,8444.89100686
3345000,3350000,891,5000,276504.0,8445.54856135
3350000,3355000,892,5000,276816.0,8446.67645956
3355000,3360000,893,5000,277128.0,8444.67338133
3360000,3365000,894,5000,277440.0,8443.87772058
3365000,3370000,895,5000,277752.0,8444.67402945
3370000,3375000,896,5000,278064.0,8447.8423637
3375000,3380000,897,5000,278376.0,8448.52296454
3380000,3385000,898,5000,278688.0,8436.98710719
3385000,3390000,899,5000,279000.0,8431.10366349
3390000,3395000,900,5000,279312.0,8427.88065899
3395000,3400000,901,5000,279624.0,8431.84675525
3400000,3405000,902,5000,279936.0,8431.26356273
3405000,3410000,903,5000,280250.0,8429.77139338
3410000,3415000,904,5000,280564.0,8433.82046086
3415000,3420000,905,5000,280878.0,8433.73414364
3420000,3425000,906,5000,281193.0,8433.86086902
3425000,3430000,907,5000,281507.0,8437.93973498
3430000,3435000,908,5000,281821.0,8441.25437898
3435000,3440000,909,5000,282135.0,8442.31529078
3440000,3445000,910,5000,282449.0,8439.08318828
3445000,3450000,911,5000,282763.0,8436.76309828
3450000,3455000,912,5000,283078.0,8438.68653892
3455000,3460000,913,5000,283392.0,8441.01771521
3460000,3465000,914,5000,283706.0,8441.43191768
3465000,3470000,915,5000,284020.0,8444.42696449
3470000,3475000,916,5000,284334.0,8445.8811582
3475000,3480000,917,5000,284648.0,8446.43926055
3480000,3485000,918,5000,284963.0,8443.64841658
3485000,3490000,919,5000,285277.0,8441.98422576
3490000,3495000,920,5000,285591.0,8440.70254865
3495000,3500000,921,5000,285906.0,8439.06843782
3500000,3505000,922,5000,286220.0,8439.98540117
3505000,3510000,923,5000,286530.0,8441.20774528
3510000,3515000,924,5000,286839.0,8441.51604252
3515000,3520000,925,5000,287149.0,8444.50277464
3520000,3525000,926,5000,287459.0,8444.12876571
3525000,3530000,927,5000,287768.0,8448.0699438
3530000,3535000,928,5000,288078.0,8451.11181017
3535000,3540000,929,5000,288387.0,8455.01180103
3540000,3545000,930,5000,288697.0,8457.79193354
3545000,3550000,931,5000,289007.0,8458.61418563
3550000,3555000,932,5000,289316.0,8452.98386072
3555000,3560000,933,5000,289626.0,8449.8512014
3560000,3565000,934,5000,289936.0,8446.8287026
3565000,3570000,935,5000,290245.0,8447.30334858
3570000,3575000,936,5000,290555.0,8449.58992834
3575000,3580000,937,5000,290864.0,8449.05974669
3580000,3585000,938,5000,291174.0,8449.31139279
3585000,3590000,939,5000,291484.0,8448.68180176
3590000,3595000,940,5000,291793.0,8445.66221926
3595000,3600000,941,5000,292103.0,8443.1468735
3600000,3605000,942,5000,292412.0,8436.63512335
3605000,3610000,943,5000,292711.0,8434.00892373
3610000,3615000,944,5000,293011.0,8434.27335644
3615000,3620000,945,5000,293310.0,8431.62761233
3620000,3625000,946,5000,293609.0,8430.91086605
3625000,3630000,947,5000,293908.0,8431.05668424
3630000,3635000,948,5000,294207.0,8430.45513024
3635000,3640000,949,5000,294506.0,8429.76974135
3640000,3645000,950,5000,294805.0,8427.17125937
3645000,3650000,951,5000,295104.0,8427.45125554
3650000,3655000,952,5000,295403.0,8427.73431495
3655000,3660000,953,5000,295702.0,8425.17220227
3660000,3665000,954,5000,296002.0,8424.50382828
3665000,3670000,955,5000,296301.0,8423.80460085
3670000,3675000,956,5000,296600.0,8423.10883797
3675000,3680000,957,5000,296899.0,8423.21627234
3680000,3685000,958,5000,297198.0,8422.58206804
3685000,3690000,959,5000,297497.0,8419.35216168
3690000,3695000,960,5000,297796.0,8416.83723026
3695000,3700000,961,5000,298095.0,8416.09036979
3700000,3705000,962,5000,298395.0,8416.25869359
3705000,3710000,963,5000,298709.0,8416.65108707
3710000,3715000,964,5000,299024.0,8416.19147199
3715000,3720000,965,5000,299339.0,8416.65737623
3720000,3725000,966,5000,299653.0,8417.2234079
3725000,3730000,967,5000,299968.0,8420.34209691
3730000,3735000,968,5000,300282.0,8421.10661421
3735000,3740000,969,5000,300597.0,8421.17198292
3740000,3745000,970,5000,300912.0,8421.13585179
3745000,3750000,971,5000,301226.0,8424.92906385
3750000,3755000,972,5000,301541.0,8427.69842782
3755000,3760000,973,5000,301855.0,8428.83553944
3760000,3765000,974,5000,302170.0,8432.6232403
3765000,3770000,975,5000,302485.0,8433.58294548
3770000,3775000,976,5000,302799.0,8430.59595897
3775000,3780000,977,5000,303114.0,8428.04576215
3780000,3785000,978,5000,303429.0,8423.75396179
3785000,3790000,979,5000,303743.0,8421.04503274
3790000,3795000,980,5000,304058.0,8421.7574141
3795000,3800000,981,5000,304373.0,8424.33499878
3800000,3805000,982,5000,304687.0,8427.40114576
3805000,3810000,983,5000,304988.0,8430.20226439
3810000,3815000,984,5000,305288.0,8432.97253798
3815000,3820000,985,5000,305589.0,8436.51760501
3820000,3825000,986,5000,305889.0,8439.36397804
3825000,3830000,987,5000,306190.0,8441.99102773
3830000,3835000,988,5000,306491.0,8445.59903267
3835000,3840000,989,5000,306791.0,8448.27910868
3840000,3845000,990,5000,307092.0,8450.82985322
3845000,3850000,991,5000,307392.0,8450.7409822
3850000,3855000,992,5000,307693.0,8451.17990506
3855000,3860000,993,5000,307994.0,8451.38385212
3860000,3865000,994,5000,308294.0,8451.55414141
3865000,3870000,995,5000,308595.0,8454.8461351
3870000,3875000,996,5000,308895.0,8455.73155405
3875000,3880000,997,5000,309196.0,8454.90102397
3880000,3885000,998,5000,309497.0,8458.55951677
3885000,3890000,999,5000,309797.0,8458.75397511
3890000,3895000,1000,5000,310098.0,8459.6907577
3895000,3900000,1001,5000,310398.0,8458.41989855
3900000,3905000,1002,5000,310699.0,8457.62966663
3905000,3910000,1003,5000,311011.0,8456.12294105
3910000,3915000,1004,5000,311323.0,8454.06095111
3915000,3920000,1005,5000,311635.0,8453.23844453
3920000,3925000,1006,5000,311946.0,8455.07635005
3925000,3930000,1007,5000,312259.0,8457.42346864
3930000,3935000,1008,5000,312571.0,8456.26586433
3935000,3940000,1009,5000,312882.0,8457.12105456
3940000,3945000,1010,5000,313194.0,8454.42463518
3945000,3950000,1011,5000,313506.0,8455.20716506
3950000,3955000,1012,5000,313818.0,8456.03244896
3955000,3960000,1013,5000,314130.0,8454.40356885
3960000,3965000,1014,5000,314442.0,8455.18123851
3965000,3970000,1015,5000,314754.0,8433.69752427
3970000,3975000,1016,5000,315066.0,8421.6436511
3975000,3980000,1017,5000,315378.0,8416.08483124
3980000,3985000,1018,5000,315690.0,8413.03990066
3985000,3990000,1019,5000,316002.0,8408.55152108
3990000,3995000,1020,5000,316314.0,8410.79583011
3995000,4000000,1021,5000,316625.0,8411.10537248
4000000,4005000,1022,5000,316937.0,8406.24664413
4005000,4010000,1023,5000,317242.0,8400.80741864
4010000,4015000,1024,5000,317548.0,8402.13580166
4015000,4020000,1025,5000,317853.0,8404.67438097
4020000,4025000,1026,5000,318158.0,8403.90475596
4025000,4030000,1027,5000,318464.0,8406.42826373
4030000,4035000,1028,5000,318769.0,8408.76948418
4035000,4040000,1029,5000,319074.0,8410.33399766
4040000,4045000,1030,5000,319379.0,8411.59634481
4045000,4050000,1031,5000,319685.0,8412.6250267
4050000,4055000,1032,5000,319990.0,8414.29079578
4055000,4060000,1033,5000,320295.0,8414.59492359
4060000,4065000,1034,5000,320601.0,8415.1900483
4065000,4070000,1035,5000,320906.0,8413.09302491
4070000,4075000,1036,5000,321211.0,8414.32125372
4075000,4080000,1037,5000,321517.0,8414.23396766
4080000,4085000,1038,5000,321822.0,8414.53098458
4085000,4090000,1039,5000,322127.0,8414.16281291
4090000,4095000,1040,5000,322433.0,8416.80407045
4095000,4100000,1041,5000,322738.0,8414.69559524
4100000,4105000,1042,5000,323043.0,8413.55182425
4105000,4110000,1043,5000,323360.0,8412.36491813
4110000,4115000,1044,5000,323678.0,8411.31067526
4115000,4120000,1045,5000,323995.0,8410.36662916
4120000,4125000,1046,5000,324312.0,8409.1882535
4125000,4130000,1047,5000,324629.0,8404.52836891
4130000,4135000,1048,5000,324946.0,8402.80831317
4135000,4140000,1049,5000,325263.0,8401.11124672
4140000,4145000,1050,5000,325581.0,8400.95239244
4145000,4150000,1051,5000,325898.0,8398.46676268
4150000,4155000,1052,5000,326215.0,8396.10541341
4155000,4160000,1053,5000,326532.0,8398.7140709
4160000,4165000,1054,5000,326849.0,8398.29347046
4165000,4170000,1055,5000,327166.0,8401.01429054
4170000,4175000,1056,5000,327483.0,8403.87695624
4175000,4180000,1057,5000,327800.0,8402.11746683
4180000,4185000,1058,5000,328118.0,8405.44753504
4185000,4190000,1059,5000,328435.0,8406.20493952
4190000,4195000,1060,5000,328752.0,8407.45921184
4195000,4200000,1061,5000,329069.0,8408.60053254
4200000,4205000,1062,5000,329387.0,8406.41084707
4205000,4210000,1063,5000,329710.0,8401.79987823
4210000,4215000,1064,5000,330034.0,8396.63771701
4215000,4220000,1065,5000,330358.0,8387.5909007
4220000,4225000,1066,5000,330682.0,8385.39094855
4225000,4230000,1067,5000,331006.0,8383.16628402
4230000,4235000,1068,5000,331330.0,8386.42696708
4235000,4240000,1069,5000,331653.0,8385.66564787
4240000,4245000,1070,5000,331977.0,8384.91807735
4245000,4250000,1071,5000,332301.0,8385.38689063
4250000,4255000,1072,5000,332625.0,8387.69631635
4255000,4260000,1073,5000,332949.0,8388.33323371
4260000,4265000,1074,5000,333273.0,8389.9714997
4265000,4270000,1075,5000,333597.0,8390.68426029
4270000,4275000,1076,5000,333921.0,8391.95567459
4275000,4280000,1077,5000,334245.0,8394.0326981
4280000,4285000,1078,5000,334569.0,8395.30780537
4285000,4290000,1079,5000,334893.0,8395.49345129
4290000,4295000,1080,5000,335216.0,8390.82585575
4295000,4300000,1081,5000,335540.0,8387.09225441
4300000,4305000,1082,5000,335864.0,8386.32489731
4305000,4310000,1083,5000,336161.0,8385.45897218
4310000,4315000,1084,5000,336457.0,8385.95749936
4315000,4320000,1085,5000,336753.0,8387.32850482
4320000,4325000,1086,5000,337049.0,8387.91551274
4325000,4330000,1087,5000,337346.0,8384.92375976
4330000,4335000,1088,5000,337642.0,8382.02649482
4335000,4340000,1089,5000,337938.0,8379.31086229
4340000,4345000,1090,5000,338235.0,8376.38291635
4345000,4350000,1091,5000,338531.0,8371.20762111
4350000,4355000,1092,5000,338827.0,8364.54196064
4355000,4360000,1093,5000,339124.0,8367.52008471
4360000,4365000,1094,5000,339420.0,8369.13288821
4365000,4370000,1095,5000,339716.0,8369.35102292
4370000,4375000,1096,5000,340013.0,8370.14436444
4375000,4380000,1097,5000,340309.0,8370.41116311
4380000,4385000,1098,5000,340606.0,8369.64070346
4385000,4390000,1099,5000,340902.0,8371.1142664
4390000,4395000,1100,5000,341198.0,8372.18747259
4395000,4400000,1101,5000,341495.0,8373.58006034
4400000,4405000,1102,5000,341791.0,8371.73666939
4405000,4410000,1103,5000,342097.0,8374.44710436
4410000,4415000,1104,5000,342403.0,8376.79882325
4415000,4420000,1105,5000,342710.0,8378.96276768
4420000,4425000,1106,5000,343016.0,8382.1085767
4425000,4430000,1107,5000,343322.0,8385.23541212
4430000,4435000,1108,5000,343628.0,8387.50741242
4435000,4440000,1109,5000,343934.0,8389.62455903
4440000,4445000,1110,5000,344240.0,8391.9120594
4445000,4450000,1111,5000,344547.0,8393.39457865
4450000,4455000,1112,5000,344853.0,8395.81672649
4455000,4460000,1113,5000,345159.0,8398.02064248
4460000,4465000,1114,5000,345465.0,8398.53902047
4465000,4470000,1115,5000,345771.0,8401.09134858
4470000,4475000,1116,5000,346077.0,8391.97825428
4475000,4480000,1117,5000,346384.0,8372.48794415
4480000,4485000,1118,5000,346690.0,8361.91210899
4485000,4490000,1119,5000,346996.0,8364.50252752
4490000,4495000,1120,5000,347302.0,8367.12386483
4495000,4500000,1121,5000,347608.0,8367.86527121
4500000,4505000,1122,5000,347914.0,8369.29977519
4505000,4510000,1123,5000,348219.0,8369.87022431
4510000,4515000,1124,5000,348524.0,8370.68482388
4515000,4520000,1125,5000,348829.0,8371.3659557
4520000,4525000,1126,5000,349134.0,8374.3796571
4525000,4530000,1127,5000,349439.0,8374.8652631
4530000,4535000,1128,5000,349743.0,8376.51185923
4535000,4540000,1129,5000,350048.0,8376.54040051
4540000,4545000,1130,5000,350353.0,8375.67636287
4545000,4550000,1131,5000,350658.0,8378.93534736
4550000,4555000,1132,5000,350962.0,8381.96274826
4555000,4560000,1133,5000,351267.0,8384.16299755
4560000,4565000,1134,5000,351572.0,8386.31875339
4565000,4570000,1135,5000,351877.0,8388.49967424
4570000,4575000,1136,5000,352182.0,8389.01865893
4575000,4580000,1137,5000,352487.0,8391.22044395
4580000,4585000,1138,5000,352792.0,8393.48746759
4585000,4590000,1139,5000,353096.0,8395.68427958
4590000,4595000,1140,5000,353401.0,8398.83287276
4595000,4600000,1141,5000,353706.0,8401.17020849
4600000,4605000,1142,5000,354011.0,8401.74293372
4605000,4610000,1143,5000,354323.0,8404.94170546
4610000,4615000,1144,5000,354634.0,8408.28382135
4615000,4620000,1145,5000,354946.0,8411.31955335
4620000,4625000,1146,5000,355258.0,8413.74445767
4625000,4630000,1147,5000,355569.0,8413.78852831
4630000,4635000,1148,5000,355881.0,8404.9790526
4635000,4640000,1149,5000,356193.0,8394.91378359
4640000,4645000,1150,5000,356504.0,8384.44653895
4645000,4650000,1151,5000,356816.0,8375.69489136
4650000,4655000,1152,5000,357128.0,8364.71088051
4655000,4660000,1153,5000,357439.0,8353.56392539
4660000,4665000,1154,5000,357751.0,8344.12005178
4665000,4670000,1155,5000,358062.0,8333.6634763
4670000,4675000,1156,5000,358374.0,8325.0634583
4675000,4680000,1157,5000,358686.0,8327.99727023
4680000,4685000,1158,5000,358997.0,8328.99560428
4685000,4690000,1159,5000,359309.0,8326.6987725
4690000,4695000,1160,5000,359621.0,8323.30883578
4695000,4700000,1161,5000,359932.0,8319.07191921
4700000,4705000,1162,5000,360244.0,8309.03013012
4705000,4710000,1163,5000,360555.0,8310.74887633
4710000,4715000,1164,5000,360866.0,8311.94611751
4715000,4720000,1165,5000,361178.0,8313.08737888
4720000,4725000,1166,5000,361489.0,8312.64385218
4725000,4730000,1167,5000,361800.0,8311.90496903
4730000,4735000,1168,5000,362111.0,8309.52097397
4735000,4740000,1169,5000,362423.0,8306.07487356
4740000,4745000,1170,5000,362734.0,8307.7602506
4745000,4750000,1171,5000,363045.0,8308.21767253
4750000,4755000,1172,5000,363356.0,8310.78316375
4755000,4760000,1173,5000,363667.0,8313.18590894
4760000,4765000,1174,5000,363979.0,8316.41302883
4765000,4770000,1175,5000,364290.0,8318.91187361
4770000,4775000,1176,5000,364601.0,8321.49838081
4775000,4780000,1177,5000,364912.0,8323.9907272
4780000,4785000,1178,5000,365224.0,8326.45853688
4785000,4790000,1179,5000,365535.0,8327.43466744
4790000,4795000,1180,5000,365846.0,8328.25879872
4795000,4800000,1181,5000,366157.0,8326.18258495
4800000,4805000,1182,5000,366468.0,8324.13324185
4805000,4810000,1183,5000,366785.0,8313.76869116
4810000,4815000,1184,5000,367102.0,8303.61979476
4815000,4820000,1185,5000,367419.0,8304.8189254
4820000,4825000,1186,5000,367736.0,8308.00210691
4825000,4830000,1187,5000,368053.0,8305.25957201
4830000,4835000,1188,5000,368370.0,8306.16007693
4835000,4840000,1189,5000,368687.0,8307.22675322
4840000,4845000,1190,5000,369004.0,8305.84558023
4845000,4850000,1191,5000,369321.0,8303.70542753
4850000,4855000,1192,5000,369638.0,8302.98708183
4855000,4860000,1193,5000,369955.0,8306.39882174
4860000,4865000,1194,5000,370272.0,8307.59277136
4865000,4870000,1195,5000,370589.0,8309.60472274
4870000,4875000,1196,5000,370906.0,8310.10767752
4875000,4880000,1197,5000,371223.0,8308.74478108
4880000,4885000,1198,5000,371540.0,8309.62403278
4885000,4890000,1199,5000,371857.0,8307.57814319
4890000,4895000,1200,5000,372174.0,8298.29541335
4895000,4900000,1201,5000,372491.0,8290.50876904
4900000,4905000,1202,5000,372808.0,8293.66752199
4905000,4910000,1203,5000,373112.0,8295.92818632
4910000,4915000,1204,5000,373415.0,8298.12109117
4915000,4920000,1205,5000,373719.0,8300.38501231
4920000,4925000,1206,5000,374023.0,8301.88469808
4925000,4930000,1207,5000,374327.0,8302.59694873
4930000,4935000,1208,5000,374631.0,8304.88233816
4935000,4940000,1209,5000,374934.0,8305.66507932
4940000,4945000,1210,5000,375238.0,8306.48755963
4945000,4950000,1211,5000,375542.0,8305.32308649
4950000,4955000,1212,5000,375846.0,8306.30725501
4955000,4960000,1213,5000,376150.0,8308.28386937
4960000,4965000,1214,5000,376453.0,8309.4452337
4965000,4970000,1215,5000,376757.0,8310.23093144
4970000,4975000,1216,5000,377061.0,8310.45261669
4975000,4980000,1217,5000,377365.0,8311.17057082
4980000,4985000,1218,5000,377668.0,8313.93234718
4985000,4990000,1219,5000,377972.0,8316.68700389
4990000,4995000,1220,5000,378276.0,8318.94286822
4995000,5000000,1221,5000,378580.0,8321.07855056
5000000,5005000,1222,5000,378884.0,8322.04830667
5005000,5010000,1223,5000,379192.0,8325.37173521
5010000,5015000,1224,5000,379500.0,8327.72994609
5015000,5020000,1225,5000,379808.0,8324.68153501
5020000,5025000,1226,5000,380116.0,8325.47164747
5025000,5030000,1227,5000,380424.0,8326.17608076
5030000,5035000,1228,5000,380733.0,8326.99953696
5035000,5040000,1229,5000,381041.0,8327.6851026
5040000,5045000,1230,5000,381349.0,8324.02522556
5045000,5050000,1231,5000,381657.0,8325.01174812
5050000,5055000,1232,5000,381965.0,8325.9481045
5055000,5060000,1233,5000,382274.0,8327.64488346
5060000,5065000,1234,5000,382582.0,8328.56186025
5065000,5070000,1235,5000,382890.0,8329.50404605
5070000,5075000,1236,5000,383198.0,8331.1327976
5075000,5080000,1237,5000,383507.0,8331.81473808
5080000,5085000,1238,5000,383815.0,8332.18658276
5085000,5090000,1239,5000,384123.0,8331.90575928
5090000,5095000,1240,5000,384431.0,8331.31209277
5095000,5100000,1241,5000,384739.0,8334.17508525
5100000,5105000,1242,5000,385047.0,8334.47046845
5105000,5110000,1243,5000,385369.0,8335.53728712
5110000,5115000,1244,5000,385691.0,8334.21896195
5115000,5120000,1245,5000,386013.0,8335.39284371
5120000,5125000,1246,5000,386336.0,8336.48575929
5125000,5130000,1247,5000,386658.0,8336.18784108
5130000,5135000,1248,5000,386980.0,8339.32508421
5135000,5140000,1249,5000,387302.0,8340.27261206
5140000,5145000,1250,5000,387624.0,8341.35859263
5145000,5150000,1251,5000,387946.0,8342.57273804
5150000,5155000,1252,5000,388268.0,8342.67942984
5155000,5160000,1253,5000,388590.0,8343.56874643
5160000,5165000,1254,5000,388912.0,8346.20889314
5165000,5170000,1255,5000,389234.0,8347.24526526
5170000,5175000,1256,5000,389556.0,8347.99649583
5175000,5180000,1257,5000,389879.0,8350.03237063
5180000,5185000,1258,5000,390201.0,8350.73905771
5185000,5190000,1259,5000,390523.0,8349.97603747
5190000,5195000,1260,5000,390844.0,8348.14460436
5195000,5200000,1261,5000,391167.0,8346.26348345
5200000,5205000,1262,5000,391489.0,8342.94682394
5205000,5210000,1263,5000,391797.0,8338.739868
5210000,5215000,1264,5000,392105.0,8336.09801284
5215000,5220000,1265,5000,392413.0,8338.35944674
5220000,5225000,1266,5000,392720.0,8340.31618462
5225000,5230000,1267,5000,393028.0,8341.46197744
5230000,5235000,1268,5000,393336.0,8342.2333303
5235000,5240000,1269,5000,393644.0,8343.72547021
5240000,5245000,1270,5000,393952.0,8345.04465203
5245000,5250000,1271,5000,394260.0,8345.61632778
5250000,5255000,1272,5000,394568.0,8347.09541227
5255000,5260000,1273,5000,394876.0,8349.16527933
5260000,5265000,1274,5000,395184.0,8351.33228869
5265000,5270000,1275,5000,395492.0,8351.06818619
5270000,5275000,1276,5000,395800.0,8352.61141029
5275000,5280000,1277,5000,396108.0,8351.44236526
5280000,5285000,1278,5000,396416.0,8351.72419576
5285000,5290000,1279,5000,396724.0,8348.61857913
5290000,5295000,1280,5000,397032.0,8346.52748548
5295000,5300000,1281,5000,397340.0,8344.32762235
5300000,5305000,1282,5000,397648.0,8345.86795824
5305000,5310000,1283,5000,397955.0,8344.1940872
5310000,5315000,1284,5000,398262.0,8345.08178403
5315000,5320000,1285,5000,398568.0,8345.93440366
5320000,5325000,1286,5000,398875.0,8347.16000565
5325000,5330000,1287,5000,399182.0,8347.85054228
5330000,5335000,1288,5000,399489.0,8346.74247026
5335000,5340000,1289,5000,399796.0,8347.47354388
5340000,5345000,1290,5000,400103.0,8346.90628434
5345000,5350000,1291,5000,400410.0,8349.02439563
5350000,5355000,1292,5000,400717.0,8349.23068142
5355000,5360000,1293,5000,401024.0,8351.38616276
5360000,5365000,1294,5000,401331.0,8353.49514176
5365000,5370000,1295,5000,401638.0,8351.91855691
5370000,5375000,1296,5000,401944.0,8349.83038921
5375000,5380000,1297,5000,402251.0,8350.58493861
5380000,5385000,1298,5000,402558.0,8350.25806282
5385000,5390000,1299,5000,402865.0,8352.26318991
5390000,5395000,1300,5000,403172.0,8352.9073658
5395000,5400000,1301,5000,403479.0,8352.02925867
5400000,5405000,1302,5000,403786.0,8351.85195842
5405000,5410000,1303,5000,404096.0,8351.40187801
5410000,5415000,1304,5000,404406.0,8352.09135613
5415000,5420000,1305,5000,404716.0,8352.77200023
5420000,5425000,1306,5000,405026.0,8353.35432283
5425000,5430000,1307,5000,405336.0,8353.20435779
5430000,5435000,1308,5000,405646.0,8343.77287593
5435000,5440000,1309,5000,405955.0,8339.8270531
5440000,5445000,1310,5000,406266.0,8332.24515028
5445000,5450000,1311,5000,406576.0,8335.03727938
5450000,5455000,1312,5000,406886.0,8337.24360773
5455000,5460000,1313,5000,407196.0,8329.72810843
5460000,5465000,1314,5000,407505.0,8322.1581288
5465000,5470000,1315,5000,407815.0,8314.59682381
5470000,5475000,1316,5000,408125.0,8307.17579612
5475000,5480000,1317,5000,408435.0,8299.69491589
5480000,5485000,1318,5000,408745.0,8292.38236287
5485000,5490000,1319,5000,409055.0,8285.1173436
5490000,5495000,1320,5000,409365.0,8286.29440361
5495000,5500000,1321,5000,409675.0,8286.4780955
5500000,5505000,1322,5000,409985.0,8287.20763672
5505000,5510000,1323,5000,410294.0,8285.22581119
5510000,5515000,1324,5000,410602.0,8281.39487348
5515000,5520000,1325,5000,410910.0,8279.40436704
5520000,5525000,1326,5000,411219.0,8276.84960766
5525000,5530000,1327,5000,411527.0,8273.72191067
5530000,5535000,1328,5000,411836.0,8271.49535033
5535000,5540000,1329,5000,412144.0,8272.15816187
5540000,5545000,1330,5000,412453.0,8272.92010211
5545000,5550000,1331,5000,412761.0,8273.69682035
5550000,5555000,1332,5000,413070.0,8274.51579438
5555000,5560000,1333,5000,413379.0,8277.28993485
5560000,5565000,1334,5000,413687.0,8279.41539043
5565000,5570000,1335,5000,413995.0,8282.20080002
5570000,5575000,1336,5000,414304.0,8284.39065194
5575000,5580000,1337,5000,414612.0,8286.36331192
5580000,5585000,1338,5000,414921.0,8286.8686184
5585000,5590000,1339,5000,415229.0,8286.71833874
5590000,5595000,1340,5000,415538.0,8277.92247617
5595000,5600000,1341,5000,415847.0,8280.66376604
5600000,5605000,1342,5000,416155.0,8281.45802633
5605000,5610000,1343,5000,416464.0,8283.32611831
5610000,5615000,1344,5000,416773.0,8284.38743125
5615000,5620000,1345,5000,417083.0,8284.52250686
5620000,5625000,1346,5000,417392.0,8284.67893847
5625000,5630000,1347,5000,417701.0,8283.55054024
5630000,5635000,1348,5000,418010.0,8283.03774042
5635000,5640000,1349,5000,418319.0,8282.178583
5640000,5645000,1350,5000,418628.0,8282.83128931
5645000,5650000,1351,5000,418938.0,8285.39112105
5650000,5655000,1352,5000,419247.0,8286.08453557
5655000,5660000,1353,5000,419556.0,8285.95697774
5660000,5665000,1354,5000,419865.0,8284.88818125
5665000,5670000,1355,5000,420175.0,8277.01790161
5670000,5675000,1356,5000,420484.0,8279.71059911
5675000,5680000,1357,5000,420793.0,8281.77739559
5680000,5685000,1358,5000,421103.0,8282.36580964
5685000,5690000,1359,5000,421412.0,8284.42440199
5690000,5695000,1360,5000,421721.0,8285.21426424
5695000,5700000,1361,5000,422030.0,8285.02366854
5700000,5705000,1362,5000,422339.0,8284.9255424
5705000,5710000,1363,5000,422640.0,8286.74766785
5710000,5715000,1364,5000,422941.0,8284.736022
5715000,5720000,1365,5000,423241.0,8285.09363016
5720000,5725000,1366,5000,423542.0,8285.59209274
5725000,5730000,1367,5000,423843.0,8287.22933456
5730000,5735000,1368,5000,424143.0,8288.89799565
5735000,5740000,1369,5000,424444.0,8287.33920785
5740000,5745000,1370,5000,424745.0,8284.0053017
5745000,5750000,1371,5000,425045.0,8284.59906829
5750000,5755000,1372,5000,425346.0,8285.18655082
5755000,5760000,1373,5000,425647.0,8285.24748071
5760000,5765000,1374,5000,425947.0,8285.86123534
5765000,5770000,1375,5000,426248.0,8287.79400353
5770000,5775000,1376,5000,426549.0,8289.73900224
5775000,5780000,1377,5000,426849.0,8290.6046465
5780000,5785000,1378,5000,427150.0,8293.16847373
5785000,5790000,1379,5000,427451.0,8293.85765509
5790000,5795000,1380,5000,427751.0,8295.80094392
5795000,5800000,1381,5000,428052.0,8296.31698757
5800000,5805000,1382,5000,428352.0,8296.97304319
5805000,5810000,1383,5000,428660.0,8295.18026669
5810000,5815000,1384,5000,428968.0,8297.77053976
5815000,5820000,1385,5000,429275.0,8299.8333575
5820000,5825000,1386,5000,429583.0,8301.81171335
5825000,5830000,1387,5000,429891.0,8303.93158357
5830000,5835000,1388,5000,430198.0,8303.9539497
5835000,5840000,1389,5000,430506.0,8306.65114902
5840000,5845000,1390,5000,430814.0,8307.51830331
5845000,5850000,1391,5000,431121.0,8307.59392402
5850000,5855000,1392,5000,431429.0,8307.65722855
5855000,5860000,1393,5000,431737.0,8306.21460373
5860000,5865000,1394,5000,432044.0,8303.03419037
5865000,5870000,1395,5000,432352.0,8303.72243531
5870000,5875000,1396,5000,432660.0,8303.21773643
5875000,5880000,1397,5000,432967.0,8302.76387972
5880000,5885000,1398,5000,433275.0,8301.50700399
5885000,5890000,1399,5000,433582.0,8304.08605494
5890000,5895000,1400,5000,433890.0,8306.04360261
5895000,5900000,1401,5000,434198.0,8298.96806679
5900000,5905000,1402,5000,434505.0,8299.69482232
5905000,5910000,1403,5000,434831.0,8300.12202712
5910000,5915000,1404,5000,435156.0,8300.5327318
5915000,5920000,1405,5000,435481.0,8301.9839698
5920000,5925000,1406,5000,435806.0,8302.75220851
5925000,5930000,1407,5000,436131.0,8305.75374009
5930000,5935000,1408,5000,436456.0,8306.02884373
5935000,5940000,1409,5000,436781.0,8305.05915924
5940000,5945000,1410,5000,437106.0,8302.37081887
5945000,5950000,1411,5000,437431.0,8299.12747242
5950000,5955000,1412,5000,437756.0,8296.15876901
5955000,5960000,1413,5000,438081.0,8293.79571271
5960000,5965000,1414,5000,438406.0,8292.33833374
5965000,5970000,1415,5000,438731.0,8289.54845243
5970000,5975000,1416,5000,439056.0,8282.87383
5975000,5980000,1417,5000,439381.0,8275.03800431
5980000,5985000,1418,5000,439706.0,8273.42910076
5985000,5990000,1419,5000,440031.0,8271.80221461
5990000,5995000,1420,5000,440356.0,8269.0049469
5995000,6000000,1421,5000,440681.0,8270.33756177
6000000,6005000,1422,5000,441007.0,8271.02936303
6005000,6010000,1423,5000,441318.0,8271.86357069
6010000,6015000,1424,5000,441630.0,8272.72514674
6015000,6020000,1425,5000,441942.0,8274.12919871
6020000,6025000,1426,5000,442254.0,8275.03254495
6025000,6030000,1427,5000,442566.0,8276.94009637
6030000,6035000,1428,5000,442878.0,8276.59224275
6035000,6040000,1429,5000,443190.0,8277.33417499
6040000,6045000,1430,5000,443502.0,8278.37002599
6045000,6050000,1431,5000,443814.0,8278.77653719
6050000,6055000,1432,5000,444126.0,8279.61206719
6055000,6060000,1433,5000,444438.0,8279.24141866
6060000,6065000,1434,5000,444750.0,8278.56020112
6065000,6070000,1435,5000,445062.0,8279.99929123
6070000,6075000,1436,5000,445374.0,8280.36537067
6075000,6080000,1437,5000,445686.0,8280.7537859
6080000,6085000,1438,5000,445998.0,8279.86822575
6085000,6090000,1439,5000,446310.0,8280.63615601
6090000,6095000,1440,5000,446622.0,8282.46697896
6095000,6100000,1441,5000,446934.0,8281.48135547
6100000,6105000,1442,5000,447246.0,8282.29146339
6105000,6110000,1443,5000,447559.0,8283.9586905
6110000,6115000,1444,5000,447872.0,8284.88591654
6115000,6120000,1445,5000,448186.0,8285.29505545
6120000,6125000,1446,5000,448499.0,8286.81698457
6125000,6130000,1447,5000,448813.0,8287.30396151
6130000,6135000,1448,5000,449126.0,8289.22117459
6135000,6140000,1449,5000,449439.0,8290.08656522
6140000,6145000,1450,5000,449752.0,8291.03587365
6145000,6150000,1451,5000,450066.0,8282.87868217
6150000,6155000,1452,5000,450379.0,8275.80687381
6155000,6160000,1453,5000,450692.0,8266.10396219
6160000,6165000,1454,5000,451006.0,8257.80230658
6165000,6170000,1455,5000,451319.0,8250.19838598
6170000,6175000,1456,5000,451632.0,8242.61760382
6175000,6180000,1457,5000,451946.0,8235.09578263
6180000,6185000,1458,5000,452259.0,8220.96288075
6185000,6190000,1459,5000,452573.0,8213.80024412
6190000,6195000,1460,5000,452886.0,8199.98176723
6195000,6200000,1461,5000,453199.0,8193.20162637
6200000,6205000,1462,5000,453513.0,8185.73206196
6205000,6210000,1463,5000,453826.0,8179.45010351
6210000,6215000,1464,5000,454140.0,8171.63744074
6215000,6220000,1465,5000,454453.0,8174.24700471
6220000,6225000,1466,5000,454767.0,8176.34338917
6225000,6230000,1467,5000,455080.0,8175.77448796
6230000,6235000,1468,5000,455394.0,8174.27790699
6235000,6240000,1469,5000,455707.0,8174.26250569
6240000,6245000,1470,5000,456021.0,8172.00360747
6245000,6250000,1471,5000,456334.0,8172.79313401
6250000,6255000,1472,5000,456648.0,8172.35143979
6255000,6260000,1473,5000,456961.0,8171.88140244
6260000,6265000,1474,5000,457275.0,8173.50881041
6265000,6270000,1475,5000,457588.0,8174.10211018
6270000,6275000,1476,5000,457902.0,8176.17946483
6275000,6280000,1477,5000,458215.0,8178.8867883
6280000,6285000,1478,5000,458529.0,8181.59414245
6285000,6290000,1479,5000,458842.0,8182.31776733
6290000,6295000,1480,5000,459156.0,8184.18841405
6295000,6300000,1481,5000,459469.0,8186.83085824
6300000,6305000,1482,5000,459783.0,8189.34510352
6305000,6310000,1483,5000,460098.0,8188.66075167
6310000,6315000,1484,5000,460412.0,8190.22458406
6315000,6320000,1485,5000,460727.0,8190.83459922
6320000,6325000,1486,5000,461041.0,8191.80337145
6325000,6330000,1487,5000,461356.0,8192.84087736
6330000,6335000,1488,5000,461670.0,8194.6698932
6335000,6340000,1489,5000,461985.0,8195.85495995
6340000,6345000,1490,5000,462299.0,8197.96148408
6345000,6350000,1491,5000,462614.0,8198.54905414
6350000,6355000,1492,5000,462928.0,8197.71358717
6355000,6360000,1493,5000,463243.0,8197.08624197
6360000,6365000,1494,5000,463557.0,8199.67720055
6365000,6370000,1495,5000,463872.0,8202.24323497
6370000,6375000,1496,5000,464186.0,8204.21453748
6375000,6380000,1497,5000,464501.0,8205.10798231
6380000,6385000,1498,5000,464816.0,8206.02082358
6385000,6390000,1499,5000,465130.0,8207.96828754
6390000,6395000,1500,5000,465445.0,8208.73496909
6395000,6400000,1501,5000,465759.0,8208.48035794
6400000,6405000,1502,5000,466074.0,8207.87160899
6405000,6410000,1503,5000,466379.0,8207.43617478
6410000,6415000,1504,5000,466685.0,8208.1363239
6415000,6420000,1505,5000,466991.0,8208.02756198
6420000,6425000,1506,5000,467296.0,8205.39707047
6425000,6430000,1507,5000,467602.0,8206.76394808
6430000,6435000,1508,5000,467908.0,8207.99560944
6435000,6440000,1509,5000,468214.0,8208.139
6440000,6445000,1510,5000,468519.0,8205.5684055
6445000,6450000,1511,5000,468825.0,8207.83225622
6450000,6455000,1512,5000,469131.0,8210.00889753
6455000,6460000,1513,5000,469436.0,8211.7457735
6460000,6465000,1514,5000,469742.0,8212.27590382
6465000,6470000,1515,5000,470048.0,8212.16562559
6470000,6475000,1516,5000,470353.0,8213.95625203
6475000,6480000,1517,5000,470659.0,8214.062142
6480000,6485000,1518,5000,470965.0,8213.18996449
6485000,6490000,1519,5000,471270.0,8212.63165954
6490000,6495000,1520,5000,471576.0,8213.18702796
6495000,6500000,1521,5000,471882.0,8213.78292837
6500000,6505000,1522,5000,472187.0,8216.19610462
6505000,6510000,1523,5000,472495.0,8218.05813061
6510000,6515000,1524,5000,472803.0,8219.63292522
6515000,6520000,1525,5000,473111.0,8219.22771
6520000,6525000,1526,5000,473418.0,8219.6876867
6525000,6530000,1527,5000,473726.0,8220.24153232
6530000,6535000,1528,5000,474034.0,8222.11211167
6535000,6540000,1529,5000,474342.0,8222.82062436
6540000,6545000,1530,5000,474650.0,8223.56611315
6545000,6550000,1531,5000,474958.0,8224.50872338
6550000,6555000,1532,5000,475266.0,8226.27720979
6555000,6560000,1533,5000,475573.0,8227.97021768
6560000,6565000,1534,5000,475881.0,8229.80739657
6565000,6570000,1535,5000,476189.0,8232.03664721
6570000,6575000,1536,5000,476497.0,8234.35941839
6575000,6580000,1537,5000,476805.0,8236.79529688
6580000,6585000,1538,5000,477113.0,8235.65165638
6585000,6590000,1539,5000,477420.0,8235.49950377
6590000,6595000,1540,5000,477728.0,8233.94151761
6595000,6600000,1541,5000,478036.0,8234.63894536
6600000,6605000,1542,5000,478344.0,8235.40012439
6605000,6610000,1543,5000,478645.0,8236.12049934
6610000,6615000,1544,5000,478946.0,8236.93331028
6615000,6620000,1545,5000,479247.0,8237.71751005
6620000,6625000,1546,5000,479548.0,8239.09590235
6625000,6630000,1547,5000,479849.0,8239.24262558
6630000,6635000,1548,5000,480150.0,8238.58561232
6635000,6640000,1549,5000,480450.0,8239.85671117
6640000,6645000,1550,5000,480751.0,8242.13486155
6645000,6650000,1551,5000,481052.0,8242.23154514
6650000,6655000,1552,5000,481353.0,8242.69988446
6655000,6660000,1553,5000,481654.0,8243.04553054
6660000,6665000,1554,5000,481955.0,8243.43447479
6665000,6670000,1555,5000,482256.0,8242.22718281
6670000,6675000,1556,5000,482557.0,8242.61352399
6675000,6680000,1557,5000,482858.0,8242.92443632
6680000,6685000,1558,5000,483159.0,8239.8821176
6685000,6690000,1559,5000,483460.0,8236.86827832
6690000,6695000,1560,5000,483761.0,8235.17386567
6695000,6700000,1561,5000,484062.0,8232.04189686
6700000,6705000,1562,5000,484363.0,8230.28968323
6705000,6710000,1563,5000,484674.0,8232.61696739
6710000,6715000,1564,5000,484986.0,8231.98185986
6715000,6720000,1565,5000,485297.0,8232.52541029
6720000,6725000,1566,5000,485609.0,8233.2764197
6725000,6730000,1567,5000,485920.0,8230.0864938
6730000,6735000,1568,5000,486232.0,8226.74378078
6735000,6740000,1569,5000,486543.0,8227.3122786
6740000,6745000,1570,5000,486855.0,8227.06793145
6745000,6750000,1571,5000,487166.0,8227.78045042
6750000,6755000,1572,5000,487478.0,8229.03095873
6755000,6760000,1573,5000,487790.0,8230.92683582
6760000,6765000,1574,5000,488101.0,8231.61994565
6765000,6770000,1575,5000,488413.0,8228.64275886
6770000,6775000,1576,5000,488724.0,8227.80171952
6775000,6780000,1577,5000,489036.0,8227.50594493
6780000,6785000,1578,5000,489347.0,8225.32214293
6785000,6790000,1579,5000,489659.0,8222.28210688
6790000,6795000,1580,5000,489971.0,8220.47740866
6795000,6800000,1581,5000,490282.0,8220.61087438
6800000,6805000,1582,5000,490594.0,8220.08655772
6805000,6810000,1583,5000,490911.0,8219.26312853
6810000,6815000,1584,5000,491228.0,8219.51523597
6815000,6820000,1585,5000,491544.0,8220.2362088
6820000,6825000,1586,5000,491861.0,8220.06646367
6825000,6830000,1587,5000,492178.0,8220.15185605
6830000,6835000,1588,5000,492495.0,8219.53173405
6835000,6840000,1589,5000,492812.0,8221.03845631
6840000,6845000,1590,5000,493129.0,8222.03150151
6845000,6850000,1591,5000,493445.0,8222.52298384
6850000,6855000,1592,5000,493762.0,8224.17859395
6855000,6860000,1593,5000,494079.0,8224.8392793
6860000,6865000,1594,5000,494396.0,8226.0093276
6865000,6870000,1595,5000,494713.0,8227.92198727
6870000,6875000,1596,5000,495030.0,8229.8541908
6875000,6880000,1597,5000,495347.0,8231.96907401
6880000,6885000,1598,5000,495664.0,8232.69406461
6885000,6890000,1599,5000,495981.0,8234.58768461
6890000,6895000,1600,5000,496298.0,8235.38107368
6895000,6900000,1601,5000,496615.0,8233.92406648
6900000,6905000,1602,5000,496932.0,8234.92522348
6905000,6910000,1603,5000,497252.0,8235.95376582
6910000,6915000,1604,5000,497572.0,8236.9946034
6915000,6920000,1605,5000,497892.0,8237.62926971
6920000,6925000,1606,5000,498212.0,8237.44337781
6925000,6930000,1607,5000,498532.0,8239.77371959
6930000,6935000,1608,5000,498852.0,8240.71536436
6935000,6940000,1609,5000,499172.0,8241.11990119
6940000,6945000,1610,5000,499492.0,8239.66049659
6945000,6950000,1611,5000,499812.0,8238.27554204
6950000,6955000,1612,5000,500132.0,8236.83098473
6955000,6960000,1613,5000,500452.0,8237.72421099
6960000,6965000,1614,5000,500772.0,8239.56304926
6965000,6970000,1615,5000,501092.0,8240.50286477
6970000,6975000,1616,5000,501412.0,8241.5421049
6975000,6980000,1617,5000,501732.0,8243.42761145
6980000,6985000,1618,5000,502052.0,8245.35235231
6985000,6990000,1619,5000,502372.0,8247.60506746
6990000,6995000,1620,5000,502692.0,8249.45340806
6995000,7000000,1621,5000,503012.0,8251.32416883
7000000,7005000,1622,5000,503332.0,8251.37199772
7005000,7010000,1623,5000,503644.0,8253.12625103
7010000,7015000,1624,5000,503956.0,8252.78268477
7015000,7020000,1625,5000,504269.0,8251.20564111
7020000,7025000,1626,5000,504581.0,8248.33113456
7025000,7030000,1627,5000,504893.0,8241.04200933
7030000,7035000,1628,5000,505205.0,8233.88300453
7035000,7040000,1629,5000,505518.0,8228.05048207
7040000,7045000,1630,5000,505830.0,8229.49662192
7045000,7050000,1631,5000,506142.0,8231.00694033
7050000,7055000,1632,5000,506454.0,8233.23210016
7055000,7060000,1633,5000,506766.0,8234.9317833
7060000,7065000,1634,5000,507079.0,8236.73410338
7065000,7070000,1635,5000,507391.0,8239.01427017
7070000,7075000,1636,5000,507703.0,8238.62594236
7075000,7080000,1637,5000,508015.0,8240.40696965
7080000,7085000,1638,5000,508327.0,8237.11309313
7085000,7090000,1639,5000,508639.0,8237.93718662
7090000,7095000,1640,5000,508951.0,8238.7041856
7095000,7100000,1641,5000,509264.0,8240.53516371
7100000,7105000,1642,5000,509576.0,8239.71467927
7105000,7110000,1643,5000,509887.0,8237.65972393
7110000,7115000,1644,5000,510199.0,8239.93832264
7115000,7120000,1645,5000,510511.0,8241.65812382
7120000,7125000,1646,5000,510822.0,8243.79579265
7125000,7130000,1647,5000,511133.0,8245.44873087
7130000,7135000,1648,5000,511445.0,8247.20569992
7135000,7140000,1649,5000,511757.0,8249.38742288
7140000,7145000,1650,5000,512068.0,8249.99849395
7145000,7150000,1651,5000,512379.0,8251.65740431
7150000,7155000,1652,5000,512691.0,8252.33022861
7155000,7160000,1653,5000,513002.0,8252.213312
7160000,7165000,1654,5000,513314.0,8252.86767298
7165000,7170000,1655,5000,513626.0,8253.51125558
7170000,7175000,1656,5000,513937.0,8251.95306763
7175000,7180000,1657,5000,514248.0,8250.49581542
7180000,7185000,1658,5000,514560.0,8250.1957978
7185000,7190000,1659,5000,514871.0,8249.25241449
7190000,7195000,1660,5000,515183.0,8248.59645572
7195000,7200000,1661,5000,515494.0,8249.20832677
7200000,7205000,1662,5000,515806.0,8250.4059664
7205000,7210000,1663,5000,516109.0,8251.00210185
7210000,7215000,1664,5000,516413.0,8250.6465705
7215000,7220000,1665,5000,516716.0,8251.2954923
7220000,7225000,1666,5000,517020.0,8250.51554266
7225000,7230000,1667,5000,517323.0,8251.28434198
7230000,7235000,1668,5000,517627.0,8253.41351909
7235000,7240000,1669,5000,517930.0,8253.66424685
7240000,7245000,1670,5000,518234.0,8253.98998708
7245000,7250000,1671,5000,518537.0,8254.56254633
7250000,7255000,1672,5000,518841.0,8254.75587368
7255000,7260000,1673,5000,519144.0,8255.44322781
7260000,7265000,1674,5000,519448.0,8254.19333479
7265000,7270000,1675,5000,519751.0,8254.30066231
7270000,7275000,1676,5000,520055.0,8255.01659133
7275000,7280000,1677,5000,520358.0,8255.76665733
7280000,7285000,1678,5000,520662.0,8255.32261345
7285000,7290000,1679,5000,520965.0,8255.46870552
7290000,7295000,1680,5000,521269.0,8254.83897023
7295000,7300000,1681,5000,521573.0,8255.77267418
7300000,7305000,1682,5000,521876.0,8255.98418742
7305000,7310000,1683,5000,522190.0,8255.3442413
7310000,7315000,1684,5000,522504.0,8254.04640003
7315000,7320000,1685,5000,522818.0,8256.39606575
7320000,7325000,1686,5000,523131.0,8258.12756078
7325000,7330000,1687,5000,523445.0,8259.86659128
7330000,7335000,1688,5000,523759.0,8260.65255659
7335000,7340000,1689,5000,524073.0,8262.51265998
7340000,7345000,1690,5000,524387.0,8264.38519086
7345000,7350000,1691,5000,524701.0,8265.0596911
7350000,7355000,1692,5000,525014.0,8266.70351251
7355000,7360000,1693,5000,525328.0,8268.2267063
7360000,7365000,1694,5000,525642.0,8267.57589318
7365000,7370000,1695,5000,525956.0,8269.79069461
7370000,7375000,1696,5000,526270.0,8270.59603798
7375000,7380000,1697,5000,526583.0,8272.43451147
7380000,7385000,1698,5000,526897.0,8274.2358638
7385000,7390000,1699,5000,527211.0,8276.60138863
7390000,7395000,1700,5000,527525.0,8276.39679967
7395000,7400000,1701,5000,527838.0,8277.16037409
7400000,7405000,1702,5000,528152.0,8278.56892305
7405000,7410000,1703,5000,528452.0,8280.1964848
7410000,7415000,1704,5000,528753.0,8280.54851211
7415000,7420000,1705,5000,529053.0,8282.15622821
7420000,7425000,1706,5000,529353.0,8283.7155823
7425000,7430000,1707,5000,529654.0,8284.41488827
7430000,7435000,1708,5000,529954.0,8285.9932949
7435000,7440000,1709,5000,530254.0,8286.54889882
7440000,7445000,1710,5000,530555.0,8287.07358516
7445000,7450000,1711,5000,530855.0,8285.43560911
7450000,7455000,1712,5000,531155.0,8282.27836226
7455000,7460000,1713,5000,531455.0,8282.65746691
7460000,7465000,1714,5000,531756.0,8283.03920455
7465000,7470000,1715,5000,532056.0,8281.32962367
7470000,7475000,1716,5000,532356.0,8281.74395137
7475000,7480000,1717,5000,532657.0,8282.00638149
7480000,7485000,1718,5000,532957.0,8279.42265449
7485000,7490000,1719,5000,533257.0,8280.18700095
7490000,7495000,1720,5000,533557.0,8280.68058805
7495000,7500000,1721,5000,533858.0,8277.85978819
7500000,7505000,1722,5000,534158.0,8275.89318498
7505000,7510000,1723,5000,534460.0,8276.34333442
7510000,7515000,1724,5000,534763.0,8276.06082795
7515000,7520000,1725,5000,535065.0,8275.18532337
7520000,7525000,1726,5000,535368.0,8275.76959251
7525000,7530000,1727,5000,535671.0,8277.72611322
7530000,7535000,1728,5000,535973.0,8276.8938614
7535000,7540000,1729,5000,536276.0,8277.94173809
7540000,7545000,1730,5000,536579.0,8279.00148744
7545000,7550000,1731,5000,536881.0,8278.89794137
7550000,7555000,1732,5000,537184.0,8280.4557379
7555000,7560000,1733,5000,537486.0,8281.96494675
7560000,7565000,1734,5000,537789.0,8283.41899562
7565000,7570000,1735,5000,538091.0,8284.7396762
7570000,7575000,1736,5000,538394.0,8284.75105605
7575000,7580000,1737,5000,538697.0,8285.32347747
7580000,7585000,1738,5000,538999.0,8285.86644742
7585000,7590000,1739,5000,539302.0,8287.80208364
7590000,7595000,1740,5000,539604.0,8289.86871407
7595000,7600000,1741,5000,539907.0,8291.47925616
7600000,7605000,1742,5000,540209.0,8291.91680465
7605000,7610000,1743,5000,540520.0,8290.10255727
7610000,7615000,1744,5000,540830.0,8288.60730081
7615000,7620000,1745,5000,541141.0,8287.45955468
7620000,7625000,1746,5000,541451.0,8286.93126791
7625000,7630000,1747,5000,541762.0,8285.25647486
7630000,7635000,1748,5000,542072.0,8282.39395844
7635000,7640000,1749,5000,542383.0,8282.98460231
7640000,7645000,1750,5000,542694.0,8284.14199795
7645000,7650000,1751,5000,543004.0,8284.81022349
7650000,7655000,1752,5000,543315.0,8278.29190399
7655000,7660000,1753,5000,543625.0,8272.7571384
7660000,7665000,1754,5000,543936.0,8272.3510331
7665000,7670000,1755,5000,544247.0,8269.52559761
7670000,7675000,1756,5000,544557.0,8267.82144124
7675000,7680000,1757,5000,544868.0,8267.65405477
7680000,7685000,1758,5000,545178.0,8267.99982757
7685000,7690000,1759,5000,545489.0,8267.96207157
7690000,7695000,1760,5000,545799.0,8267.37823346
7695000,7700000,1761,5000,546110.0,8265.92127053
7700000,7705000,1762,5000,546420.0,8266.36772199
7705000,7710000,1763,5000,546722.0,8266.69602973
7710000,7715000,1764,5000,547023.0,8267.825171
7715000,7720000,1765,5000,547325.0,8268.93652713
7720000,7725000,1766,5000,547627.0,8268.13528089
7725000,7730000,1767,5000,547928.0,8267.62426931
7730000,7735000,1768,5000,548230.0,8267.46953711
7735000,7740000,1769,5000,548531.0,8268.1592588
7740000,7745000,1770,5000,548833.0,8268.72962769
7745000,7750000,1771,5000,549134.0,8269.73405548
7750000,7755000,1772,5000,549436.0,8269.98858177
7755000,7760000,1773,5000,549738.0,8271.3098257
7760000,7765000,1774,5000,550039.0,8271.16927288
7765000,7770000,1775,5000,550341.0,8271.25222867
7770000,7775000,1776,5000,550642.0,8270.09904062
7775000,7780000,1777,5000,550944.0,8270.26851313
7780000,7785000,1778,5000,551246.0,8269.81159817
7785000,7790000,1779,5000,551547.0,8269.03711788
7790000,7795000,1780,5000,551849.0,8267.97983588
7795000,7800000,1781,5000,552150.0,8267.68436778
7800000,7805000,1782,5000,552452.0,8268.33831919
7805000,7810000,1783,5000,552764.0,8268.98090439
7810000,7815000,1784,5000,553076.0,8269.8042879
7815000,7820000,1785,5000,553388.0,8270.21442892
7820000,7825000,1786,5000,553700.0,8270.46206697
7825000,7830000,1787,5000,554012.0,8271.56187296
7830000,7835000,1788,5000,554324.0,8270.90005923
7835000,7840000,1789,5000,554636.0,8267.88979677
7840000,7845000,1790,5000,554948.0,8264.89693267
7845000,7850000,1791,5000,555260.0,8262.0955949
7850000,7855000,1792,5000,555571.0,8259.61793777
7855000,7860000,1793,5000,555883.0,8258.11813695
7860000,7865000,1794,5000,556195.0,8260.05367756
7865000,7870000,1795,5000,556507.0,8259.70111185
7870000,7875000,1796,5000,556819.0,8261.17257458
7875000,7880000,1797,5000,557131.0,8263.21596586
7880000,7885000,1798,5000,557443.0,8263.85353927
7885000,7890000,1799,5000,557755.0,8265.32390431
7890000,7895000,1800,5000,558067.0,8265.79682711
7895000,7900000,1801,5000,558379.0,8266.42052812
7900000,7905000,1802,5000,558691.0,8264.87985311
7905000,7910000,1803,5000,559008.0,8263.2717196
7910000,7915000,1804,5000,559325.0,8258.10203876
7915000,7920000,1805,5000,559642.0,8251.62670894
7920000,7925000,1806,5000,559960.0,8250.38757552
7925000,7930000,1807,5000,560277.0,8247.77031148
7930000,7935000,1808,5000,560594.0,8246.25869396
7935000,7940000,1809,5000,560911.0,8244.95694352
7940000,7945000,1810,5000,561229.0,8246.88718868
7945000,7950000,1811,5000,561546.0,8247.40215777
7950000,7955000,1812,5000,561863.0,8249.12162723
7955000,7960000,1813,5000,562180.0,8249.61350248
7960000,7965000,1814,5000,562498.0,8250.93722715
7965000,7970000,1815,5000,562815.0,8251.74954887
7970000,7975000,1816,5000,563132.0,8253.3914214
7975000,7980000,1817,5000,563449.0,8253.09384803
7980000,7985000,1818,5000,563766.0,8247.43456505
7985000,7990000,1819,5000,564084.0,8245.2681691
7990000,7995000,1820,5000,564401.0,8238.92997194
7995000,8000000,1821,5000,564718.0,8236.83078645
8000000,8005000,1822,5000,565036.0,8234.69071252
8005000,8010000,1823,5000,565334.0,8231.62627671
8010000,8015000,1824,5000,565632.0,8228.86545772
8015000,8020000,1825,5000,565930.0,8229.33725011
8020000,8025000,1826,5000,566228.0,8229.65311943
8025000,8030000,1827,5000,566526.0,8227.35337831
8030000,8035000,1828,5000,566825.0,8226.9336483
8035000,8040000,1829,5000,567123.0,8227.38796876
8040000,8045000,1830,5000,567421.0,8226.2598825
8045000,8050000,1831,5000,567719.0,8225.86077062
8050000,8055000,1832,5000,568017.0,8226.20591855
8055000,8060000,1833,5000,568315.0,8224.11572933
8060000,8065000,1834,5000,568613.0,8224.85910955
8065000,8070000,1835,5000,568911.0,8221.98152937
8070000,8075000,1836,5000,569209.0,8215.2954296
8075000,8080000,1837,5000,569507.0,8210.09346825
8080000,8085000,1838,5000,569805.0,8207.29480621
8085000,8090000,1839,5000,570103.0,8204.89513297
8090000,8095000,1840,5000,570401.0,8202.85569389
8095000,8100000,1841,5000,570700.0,8201.39595462
8100000,8105000,1842,5000,570998.0,8196.10504763
8105000,8110000,1843,5000,571309.0,8197.94690546
8110000,8115000,1844,5000,571620.0,8199.44260462
8115000,8120000,1845,5000,571931.0,8199.80790016
8120000,8125000,1846,5000,572242.0,8199.24179656
8125000,8130000,1847,5000,572554.0,8198.65890826
8130000,8135000,1848,5000,572865.0,8193.20476113
8135000,8140000,1849,5000,573176.0,8191.86062459
8140000,8145000,1850,5000,573487.0,8189.57050696
8145000,8150000,1851,5000,573798.0,8190.16294312
8150000,8155000,1852,5000,574109.0,8190.61496417
8155000,8160000,1853,5000,574421.0,8191.76249468
8160000,8165000,1854,5000,574732.0,8192.10217063
8165000,8170000,1855,5000,575043.0,8192.72977739
8170000,8175000,1856,5000,575354.0,8193.13818444
8175000,8180000,1857,5000,575665.0,8193.85905832
8180000,8185000,1858,5000,575976.0,8192.99588477
8185000,8190000,1859,5000,576287.0,8190.21547263
8190000,8195000,1860,5000,576598.0,8189.05472927
8195000,8200000,1861,5000,576909.0,8187.84164985
8200000,8205000,1862,5000,577221.0,8187.77430974
8205000,8210000,1863,5000,577534.0,8187.4757224
8210000,8215000,1864,5000,577848.0,8186.33510751
8215000,8220000,1865,5000,578161.0,8186.96900595
8220000,8225000,1866,5000,578475.0,8187.06480477
8225000,8230000,1867,5000,578788.0,8188.6413632
8230000,8235000,1868,5000,579102.0,8188.84675782
8235000,8240000,1869,5000,579415.0,8187.05788523
8240000,8245000,1870,5000,579729.0,8182.11377559
8245000,8250000,1871,5000,580042.0,8170.49265847
8250000,8255000,1872,5000,580356.0,8165.41802206
8255000,8260000,1873,5000,580669.0,8153.96920172
8260000,8265000,1874,5000,580983.0,8149.16582248
8265000,8270000,1875,5000,581296.0,8138.59559528
8270000,8275000,1876,5000,581610.0,8140.26670125
8275000,8280000,1877,5000,581923.0,8141.30132608
8280000,8285000,1878,5000,582237.0,8143.46869231
8285000,8290000,1879,5000,582550.0,8143.96092539
8290000,8295000,1880,5000,582864.0,8145.6394662
8295000,8300000,1881,5000,583177.0,8146.58669248
8300000,8305000,1882,5000,583491.0,8148.66261995
8305000,8310000,1883,5000,583803.0,8150.25964218
8310000,8315000,1884,5000,584116.0,8152.3255482
8315000,8320000,1885,5000,584429.0,8154.36196746
8320000,8325000,1886,5000,584741.0,8153.66445239
8325000,8330000,1887,5000,585054.0,8154.3903931
8330000,8335000,1888,5000,585367.0,8154.68360646
8335000,8340000,1889,5000,585679.0,8155.86507572
8340000,8345000,1890,5000,585992.0,8155.7996366
8345000,8350000,1891,5000,586305.0,8156.69933659
8350000,8355000,1892,5000,586618.0,8158.24146154
8355000,8360000,1893,5000,586931.0,8160.24128459
8360000,8365000,1894,5000,587243.0,8161.82751891
8365000,8370000,1895,5000,587556.0,8163.30875881
8370000,8375000,1896,5000,587869.0,8163.93810213
8375000,8380000,1897,5000,588182.0,8164.73299844
8380000,8385000,1898,5000,588494.0,8165.45749399
8385000,8390000,1899,5000,588807.0,8166.51675258
8390000,8395000,1900,5000,589120.0,8167.06404945
8395000,8400000,1901,5000,589433.0,8167.53026685
8400000,8405000,1902,5000,589745.0,8168.1059397
8405000,8410000,1903,5000,590064.0,8169.66730181
8410000,8415000,1904,5000,590383.0,8170.41022033
8415000,8420000,1905,5000,590702.0,8170.27589632
8420000,8425000,1906,5000,591021.0,8167.67862331
8425000,8430000,1907,5000,591341.0,8169.83840614
8430000,8435000,1908,5000,591660.0,8170.65762062
8435000,8440000,1909,5000,591979.0,8163.75777871
8440000,8445000,1910,5000,592298.0,8159.08032473
8445000,8450000,1911,5000,592617.0,8161.1678448
8450000,8455000,1912,5000,592936.0,8162.94626525
8455000,8460000,1913,5000,593255.0,8163.77278082
8460000,8465000,1914,5000,593574.0,8162.77081813
8465000,8470000,1915,5000,593893.0,8164.43946161
8470000,8475000,1916,5000,594212.0,8166.06231168
8475000,8480000,1917,5000,594531.0,8168.26075411
8480000,8485000,1918,5000,594850.0,8169.00017169
8485000,8490000,1919,5000,595169.0,8167.8877176
8490000,8495000,1920,5000,595488.0,8166.83166064
8495000,8500000,1921,5000,595807.0,8162.15310631
8500000,8505000,1922,5000,596126.0,8161.12683327
8505000,8510000,1923,5000,596442.0,8159.94490343
8510000,8515000,1924,5000,596758.0,8161.98022267
8515000,8520000,1925,5000,597074.0,8163.68186598
8520000,8525000,1926,5000,597391.0,8165.37455907
8525000,8530000,1927,5000,597707.0,8167.07981831
8530000,8535000,1928,5000,598023.0,8167.91976048
8535000,8540000,1929,5000,598339.0,8167.78796018
8540000,8545000,1930,5000,598656.0,8168.43802047
8545000,8550000,1931,5000,598972.0,8170.52060883
8550000,8555000,1932,5000,599288.0,8172.11683131
8555000,8560000,1933,5000,599604.0,8173.72102635
8560000,8565000,1934,5000,599921.0,8174.97682883
8565000,8570000,1935,5000,600237.0,8176.1007833
8570000,8575000,1936,5000,600553.0,8174.73178634
8575000,8580000,1937,5000,600869.0,8175.63082305
8580000,8585000,1938,5000,601186.0,8175.45301159
8585000,8590000,1939,5000,601502.0,8176.89829869
8590000,8595000,1940,5000,601818.0,8176.7132514
8595000,8600000,1941,5000,602134.0,8176.61745909
8600000,8605000,1942,5000,602451.0,8177.39005081
8605000,8610000,1943,5000,602751.0,8177.93108708
8610000,8615000,1944,5000,603051.0,8178.26116616
8615000,8620000,1945,5000,603351.0,8177.65145327
8620000,8625000,1946,5000,603651.0,8179.02763687
8625000,8630000,1947,5000,603951.0,8178.12149724
8630000,8635000,1948,5000,604251.0,8178.50792689
8635000,8640000,1949,5000,604551.0,8177.99796103
8640000,8645000,1950,5000,604851.0,8178.31419047
8645000,8650000,1951,5000,605151.0,8179.01314341
8650000,8655000,1952,5000,605452.0,8179.60204528
8655000,8660000,1953,5000,605752.0,8180.12050206
8660000,8665000,1954,5000,606052.0,8180.7058567
8665000,8670000,1955,5000,606352.0,8182.36812103
8670000,8675000,1956,5000,606652.0,8182.28349662
8675000,8680000,1957,5000,606952.0,8183.66913263
8680000,8685000,1958,5000,607252.0,8184.15588494
8685000,8690000,1959,5000,607552.0,8185.84290671
8690000,8695000,1960,5000,607852.0,8187.19307254
8695000,8700000,1961,5000,608152.0,8188.14301835
8700000,8705000,1962,5000,608452.0,8188.70096687
8705000,8710000,1963,5000,608765.0,8183.4552371
8710000,8715000,1964,5000,609078.0,8182.16208207
8715000,8720000,1965,5000,609391.0,8179.78527957
8720000,8725000,1966,5000,609703.0,8176.19997904
8725000,8730000,1967,5000,610016.0,8174.17504987
8730000,8735000,1968,5000,610329.0,8175.8958985
8735000,8740000,1969,5000,610641.0,8176.14034042
8740000,8745000,1970,5000,610954.0,8178.06709905
8745000,8750000,1971,5000,611267.0,8178.86512777
8750000,8755000,1972,5000,611580.0,8180.22543119
8755000,8760000,1973,5000,611892.0,8181.42818474
8760000,8765000,1974,5000,612205.0,8182.45337246
8765000,8770000,1975,5000,612518.0,8183.10530942
8770000,8775000,1976,5000,612831.0,8181.51777287
8775000,8780000,1977,5000,613143.0,8179.95865284
8780000,8785000,1978,5000,613456.0,8178.75445248
8785000,8790000,1979,5000,613769.0,8177.53235189
8790000,8795000,1980,5000,614082.0,8176.37893117
8795000,8800000,1981,5000,614394.0,8174.70278483
8800000,8805000,1982,5000,614707.0,8176.59696156
8805000,8810000,1983,5000,615014.0,8178.01064278
8810000,8815000,1984,5000,615322.0,8179.44060885
8815000,8820000,1985,5000,615629.0,8179.18859872
8820000,8825000,1986,5000,615936.0,8178.98455225
8825000,8830000,1987,5000,616243.0,8180.32457483
8830000,8835000,1988,5000,616550.0,8181.50378451
8835000,8840000,1989,5000,616857.0,8182.76476646
8840000,8845000,1990,5000,617164.0,8184.1888526
8845000,8850000,1991,5000,617472.0,8184.77645708
8850000,8855000,1992,5000,617779.0,8185.25921636
8855000,8860000,1993,5000,618086.0,8187.06468496
8860000,8865000,1994,5000,618393.0,8188.44497018
8865000,8870000,1995,5000,618700.0,8188.92528571
8870000,8875000,1996,5000,619007.0,8189.43997624
8875000,8880000,1997,5000,619314.0,8188.13550729
8880000,8885000,1998,5000,619621.0,8187.47176064
8885000,8890000,1999,5000,619928.0,8186.97527423
8890000,8895000,2000,5000,620236.0,8184.98298577
8895000,8900000,2001,5000,620543.0,8185.61282732
8900000,8905000,2002,5000,620850.0,8183.57540863
8905000,8910000,2003,5000,621166.0,8184.45871838
8910000,8915000,2004,5000,621482.0,8184.13502133
8915000,8920000,2005,5000,621797.0,8184.90217746
8920000,8925000,2006,5000,622113.0,8184.77109462
8925000,8930000,2007,5000,622429.0,8184.27638945
8930000,8935000,2008,5000,622745.0,8182.06928677
8935000,8940000,2009,5000,623061.0,8183.96337623
8940000,8945000,2010,5000,623377.0,8184.6781564
8945000,8950000,2011,5000,623692.0,8185.35439468
8950000,8955000,2012,5000,624008.0,8185.93677388
8955000,8960000,2013,5000,624324.0,8186.64336499
8960000,8965000,2014,5000,624640.0,8187.01630218
8965000,8970000,2015,5000,624956.0,8188.93886151
8970000,8975000,2016,5000,625272.0,8189.46651387
8975000,8980000,2017,5000,625588.0,8189.35867846
8980000,8985000,2018,5000,625904.0,8189.44285987
8985000,8990000,2019,5000,626219.0,8189.89273008
8990000,8995000,2020,5000,626535.0,8189.52309665
8995000,9000000,2021,5000,626851.0,8190.87718211
9000000,9005000,2022,5000,627167.0,8192.17718152
9005000,9010000,2023,5000,627468.0,8192.42792625
9010000,9015000,2024,5000,627769.0,8191.8706551
9015000,9020000,2025,5000,628070.0,8190.1464096
9020000,9025000,2026,5000,628371.0,8188.16704057
9025000,9030000,2027,5000,628672.0,8182.76650182
9030000,9035000,2028,5000,628973.0,8180.17498302
9035000,9040000,2029,5000,629274.0,8177.74996843
9040000,9045000,2030,5000,629575.0,8175.07722919
9045000,9050000,2031,5000,629875.0,8169.27196756
9050000,9055000,2032,5000,630176.0,8166.78503149
9055000,9060000,2033,5000,630477.0,8164.29867955
9060000,9065000,2034,5000,630778.0,8164.76955939
9065000,9070000,2035,5000,631079.0,8164.85045436
9070000,9075000,2036,5000,631380.0,8164.03967858
9075000,9080000,2037,5000,631681.0,8163.22749715
9080000,9085000,2038,5000,631982.0,8162.66084334
9085000,9090000,2039,5000,632283.0,8163.1955947
9090000,9095000,2040,5000,632584.0,8162.40884615
9095000,9100000,2041,5000,632885.0,8161.25360663
9100000,9105000,2042,5000,633186.0,8160.96428719
9105000,9110000,2043,5000,633486.0,8161.77718852
9110000,9115000,2044,5000,633787.0,8161.83830001
9115000,9120000,2045,5000,634088.0,8163.11566606
9120000,9125000,2046,5000,634388.0,8164.39668517
9125000,9130000,2047,5000,634689.0,8164.94992353
9130000,9135000,2048,5000,634990.0,8166.3038701
9135000,9140000,2049,5000,635291.0,8167.63710372
9140000,9145000,2050,5000,635591.0,8168.1220751
9145000,9150000,2051,5000,635892.0,8168.52757691
9150000,9155000,2052,5000,636193.0,8168.09639773
9155000,9160000,2053,5000,636493.0,8165.58778349
9160000,9165000,2054,5000,636794.0,8159.9752811
9165000,9170000,2055,5000,637095.0,8157.66025209
9170000,9175000,2056,5000,637395.0,8155.64576827
9175000,9180000,2057,5000,637696.0,8153.66266822
9180000,9185000,2058,5000,637997.0,8152.39125055
9185000,9190000,2059,5000,638297.0,8151.04120554
9190000,9195000,2060,5000,638598.0,8149.90295054
9195000,9200000,2061,5000,638899.0,8146.67030827
9200000,9205000,2062,5000,639200.0,8144.36734245
9205000,9210000,2063,5000,639504.0,8145.17981295
9210000,9215000,2064,5000,639808.0,8144.81573398
9215000,9220000,2065,5000,640112.0,8143.88481598
9220000,9225000,2066,5000,640416.0,8143.59025119
9225000,9230000,2067,5000,640720.0,8144.03721872
9230000,9235000,2068,5000,641024.0,8144.40441967
9235000,9240000,2069,5000,641329.0,8144.85384721
9240000,9245000,2070,5000,641633.0,8146.48867811
9245000,9250000,2071,5000,641937.0,8146.57799367
9250000,9255000,2072,5000,642241.0,8145.63249633
9255000,9260000,2073,5000,642545.0,8144.71176709
9260000,9265000,2074,5000,642849.0,8142.79561183
9265000,9270000,2075,5000,643153.0,8142.77320849
9270000,9275000,2076,5000,643457.0,8142.67169495
9275000,9280000,2077,5000,643762.0,8143.12612008
9280000,9285000,2078,5000,644066.0,8144.99190005
9285000,9290000,2079,5000,644370.0,8146.30679532
9290000,9295000,2080,5000,644674.0,8147.46478498
9295000,9300000,2081,5000,644979.0,8148.28410823
9300000,9305000,2082,5000,645283.0,8148.54498483
9305000,9310000,2083,5000,645600.0,8149.21135954
9310000,9315000,2084,5000,645916.0,8147.82655342
9315000,9320000,2085,5000,646233.0,8149.68341431
9320000,9325000,2086,5000,646550.0,8150.39929087
9325000,9330000,2087,5000,646867.0,8152.2637946
9330000,9335000,2088,5000,647184.0,8152.57565219
9335000,9340000,2089,5000,647500.0,8153.13336987
9340000,9345000,2090,5000,647817.0,8154.62844418
9345000,9350000,2091,5000,648134.0,8154.73778422
9350000,9355000,2092,5000,648451.0,8156.20527303
9355000,9360000,2093,5000,648767.0,8156.33401476
9360000,9365000,2094,5000,649084.0,8157.80815301
9365000,9370000,2095,5000,649401.0,8159.29123426
9370000,9375000,2096,5000,649718.0,8160.750459
9375000,9380000,2097,5000,650035.0,8160.85120794
9380000,9385000,2098,5000,650352.0,8162.7902086
9385000,9390000,2099,5000,650668.0,8163.83572138
9390000,9395000,2100,5000,650985.0,8164.55642287
9395000,9400000,2101,5000,651302.0,8164.02724321
9400000,9405000,2102,5000,651619.0,8165.15548748
9405000,9410000,2103,5000,651933.0,8166.61323305
9410000,9415000,2104,5000,652248.0,8168.08283737
9415000,9420000,2105,5000,652562.0,8169.55088285
9420000,9425000,2106,5000,652876.0,8170.21911283
9425000,9430000,2107,5000,653191.0,8169.69700206
9430000,9435000,2108,5000,653505.0,8171.50594019
9435000,9440000,2109,5000,653819.0,8173.36307551
9440000,9445000,2110,5000,654134.0,8175.27171906
9445000,9450000,2111,5000,654448.0,8177.08059122
9450000,9455000,2112,5000,654763.0,8178.95865133
9455000,9460000,2113,5000,655077.0,8180.44638013
9460000,9465000,2114,5000,655391.0,8181.90465801
9465000,9470000,2115,5000,655706.0,8183.79673775
9470000,9475000,2116,5000,656020.0,8185.15800119
9475000,9480000,2117,5000,656334.0,8186.56153002
9480000,9485000,2118,5000,656649.0,8187.14359058
9485000,9490000,2119,5000,656963.0,8187.67468658
9490000,9495000,2120,5000,657278.0,8186.40937539
9495000,9500000,2121,5000,657592.0,8188.21224135
9500000,9505000,2122,5000,657906.0,8189.02074323
9505000,9510000,2123,5000,658212.0,8190.18360217
9510000,9515000,2124,5000,658518.0,8190.68132353
9515000,9520000,2125,5000,658824.0,8190.71182209
9520000,9525000,2126,5000,659131.0,8185.76591509
9525000,9530000,2127,5000,659437.0,8187.4172234
9530000,9535000,2128,5000,659743.0,8187.92330213
9535000,9540000,2129,5000,660049.0,8187.96882955
9540000,9545000,2130,5000,660355.0,8187.43024628
9545000,9550000,2131,5000,660660.0,8185.43655883
9550000,9555000,2132,5000,660966.0,8186.03930126
9555000,9560000,2133,5000,661272.0,8186.44626034
9560000,9565000,2134,5000,661578.0,8187.40332259
9565000,9570000,2135,5000,661884.0,8188.64511267
9570000,9575000,2136,5000,662190.0,8189.84918231
9575000,9580000,2137,5000,662497.0,8189.15625916
9580000,9585000,2138,5000,662803.0,8189.6422103
9585000,9590000,2139,5000,663109.0,8184.40879696
9590000,9595000,2140,5000,663415.0,8178.80782998
9595000,9600000,2141,5000,663721.0,8179.74128543
9600000,9605000,2142,5000,664026.0,8180.63647135
9605000,9610000,2143,5000,664346.0,8181.10842399
9610000,9615000,2144,5000,664666.0,8181.74058959
9615000,9620000,2145,5000,664986.0,8181.64431169
9620000,9625000,2146,5000,665306.0,8182.10444257
9625000,9630000,2147,5000,665626.0,8182.54717939
9630000,9635000,2148,5000,665946.0,8183.36883533
9635000,9640000,2149,5000,666266.0,8183.52991888
9640000,9645000,2150,5000,666585.0,8183.72421008
9645000,9650000,2151,5000,666905.0,8183.8844799
9650000,9655000,2152,5000,667225.0,8183.73182907
9655000,9660000,2153,5000,667545.0,8184.01468237
9660000,9665000,2154,5000,667865.0,8184.48109909
9665000,9670000,2155,5000,668185.0,8184.05018956
9670000,9675000,2156,5000,668505.0,8182.17707194
9675000,9680000,2157,5000,668825.0,8181.7247961
9680000,9685000,2158,5000,669145.0,8182.37135119
9685000,9690000,2159,5000,669464.0,8180.3178434
9690000,9695000,2160,5000,669784.0,8180.09946494
9695000,9700000,2161,5000,670104.0,8180.32060412
9700000,9705000,2162,5000,670424.0,8180.96406565
9705000,9710000,2163,5000,670736.0,8181.50795666
9710000,9715000,2164,5000,671049.0,8180.82911389
9715000,9720000,2165,5000,671361.0,8180.23840128
9720000,9725000,2166,5000,671673.0,8180.57553055
9725000,9730000,2167,5000,671985.0,8181.07660271
9730000,9735000,2168,5000,672297.0,8181.59051718
9735000,9740000,2169,5000,672610.0,8182.03903675
9740000,9745000,2170,5000,672922.0,8182.41971008
9745000,9750000,2171,5000,673234.0,8181.87552393
9750000,9755000,2172,5000,673546.0,8182.91975104
9755000,9760000,2173,5000,673859.0,8182.95327023
9760000,9765000,2174,5000,674171.0,8182.49741373
9765000,9770000,2175,5000,674483.0,8180.6048691
9770000,9775000,2176,5000,674796.0,8181.09700282
9775000,9780000,2177,5000,675108.0,8181.53451845
9780000,9785000,2178,5000,675420.0,8180.43179233
9785000,9790000,2179,5000,675732.0,8182.3387916
9790000,9795000,2180,5000,676044.0,8183.72110394
9795000,9800000,2181,5000,676357.0,8182.73375919
9800000,9805000,2182,5000,676669.0,8183.15265019
9805000,9810000,2183,5000,676977.0,8184.46868895
9810000,9815000,2184,5000,677286.0,8185.7411038
9815000,9820000,2185,5000,677594.0,8186.96211094
9820000,9825000,2186,5000,677903.0,8187.39756259
9825000,9830000,2187,5000,678211.0,8188.50132162
9830000,9835000,2188,5000,678519.0,8189.80366306
9835000,9840000,2189,5000,678828.0,8190.24544531
9840000,9845000,2190,5000,679136.0,8191.38964638
9845000,9850000,2191,5000,679445.0,8193.11037427
9850000,9855000,2192,5000,679753.0,8194.3437332
9855000,9860000,2193,5000,680062.0,8194.76783552
9860000,9865000,2194,5000,680370.0,8194.42949288
9865000,9870000,2195,5000,680678.0,8194.83048587
9870000,9875000,2196,5000,680987.0,8195.26870237
9875000,9880000,2197,5000,681296.0,8196.00040258
9880000,9885000,2198,5000,681604.0,8197.06396725
9885000,9890000,2199,5000,681912.0,8197.68787049
9890000,9895000,2200,5000,682221.0,8198.97756754
9895000,9900000,2201,5000,682529.0,8200.24058187
9900000,9905000,2202,5000,682838.0,8200.54398627
9905000,9910000,2203,5000,683144.0,8202.11555173
9910000,9915000,2204,5000,683450.0,8203.16258597
9915000,9920000,2205,5000,683756.0,8204.34054823
9920000,9925000,2206,5000,684062.0,8205.01269955
9925000,9930000,2207,5000,684368.0,8206.17976324
9930000,9935000,2208,5000,684674.0,8207.33009464
9935000,9940000,2209,5000,684980.0,8207.64998728
9940000,9945000,2210,5000,685286.0,8208.73030975
9945000,9950000,2211,5000,685592.0,8204.2738844
9950000,9955000,2212,5000,685898.0,8199.96409003
9955000,9960000,2213,5000,686204.0,8199.22152091
9960000,9965000,2214,5000,686510.0,8199.71948132
9965000,9970000,2215,5000,686816.0,8200.23367843
9970000,9975000,2216,5000,687122.0,8200.9786945
9975000,9980000,2217,5000,687428.0,8202.10481641
9980000,9985000,2218,5000,687734.0,8203.2961957
9985000,9990000,2219,5000,688040.0,8204.44079354
9990000,9995000,2220,5000,688346.0,8205.62860697
9995000,10000000,2221,5000,688652.0,8206.75594495
0,5000,2222,5000,688958.0,6513.71610992
5000,10000,2223,5000,689267.0,6508.53546425
10000,15000,2224,5000,689575.0,6503.35597253
15000,20000,2225,5000,689883.0,6501.27263611
20000,25000,2226,5000,690192.0,6501.41564692
25000,30000,2227,5000,690500.0,6501.55719147
30000,35000,2228,5000,690808.0,6501.47851365
35000,40000,2229,5000,691117.0,6503.11177689
40000,45000,2230,5000,691425.0,6503.96323099
45000,50000,2231,5000,691734.0,6503.85703588
50000,55000,2232,5000,692042.0,6504.23440604
55000,60000,2233,5000,692351.0,6504.09316962
60000,65000,2234,5000,692659.0,6501.69853849
65000,70000,2235,5000,692967.0,6500.95649921
70000,75000,2236,5000,693276.0,6502.50267736
75000,80000,2237,5000,693584.0,6503.80712556
80000,85000,2238,5000,693893.0,6505.12665268
85000,90000,2239,5000,694201.0,6505.82514121
90000,95000,2240,5000,694510.0,6505.69100613
95000,100000,2241,5000,694818.0,6505.36458392
100000,105000,2242,5000,695126.0,6506.69945661
105000,110000,2243,5000,695435.0,6508.02064713
110000,115000,2244,5000,695743.0,6508.24285844
115000,120000,2245,5000,696052.0,6508.12556169
120000,125000,2246,5000,696360.0,6507.68409316
125000,130000,2247,5000,696668.0,6509.05844647
130000,135000,2248,5000,696977.0,6509.37706543
135000,140000,2249,5000,697285.0,6508.74529291
140000,145000,2250,5000,697593.0,6508.22786819
145000,150000,2251,5000,697902.0,6506.90051835
150000,155000,2252,5000,698210.0,6506.31898652
155000,160000,2253,5000,698518.0,6503.87751986
160000,165000,2254,5000,698827.0,6501.84857471
165000,170000,2255,5000,699135.0,6499.78902737
170000,175000,2256,5000,699444.0,6497.71992473
175000,180000,2257,5000,699752.0,6492.69637978
180000,185000,2258,5000,700061.0,6490.63750866
185000,190000,2259,5000,700369.0,6485.57613547
190000,195000,2260,5000,700677.0,6482.81724094
195000,200000,2261,5000,700986.0,6480.40441851
200000,205000,2262,5000,701294.0,6478.38722251
205000,210000,2263,5000,701603.0,6475.6096207
210000,215000,2264,5000,701911.0,6472.76877424
215000,220000,2265,5000,702219.0,6469.91311022
220000,225000,2266,5000,702528.0,6467.4658079
225000,230000,2267,5000,702836.0,6465.34859955
230000,235000,2268,5000,703145.0,6459.80707307
235000,240000,2269,5000,703453.0,6461.24518011
240000,245000,2270,5000,703761.0,6461.85461902
245000,250000,2271,5000,704070.0,6463.33092057
250000,255000,2272,5000,704378.0,6463.61503306
255000,260000,2273,5000,704687.0,6465.21290781
260000,265000,2274,5000,704995.0,6466.63775286
265000,270000,2275,5000,705304.0,6467.71022325
270000,275000,2276,5000,705612.0,6466.02139573
275000,280000,2277,5000,705921.0,6314.22136461
280000,285000,2278,5000,706229.0,6286.72670538
285000,290000,2279,5000,706538.0,6288.37242456
290000,295000,2280,5000,706846.0,6202.64696607
295000,300000,2281,5000,707154.0,6164.018632
300000,305000,2282,5000,707463.0,6164.96398213
305000,310000,2283,5000,707771.0,6111.89196864
310000,315000,2284,5000,708080.0,6113.50630871
315000,320000,2285,5000,708388.0,6114.9208427
320000,325000,2286,5000,708696.0,6115.89739345
325000,330000,2287,5000,709004.0,6090.60100544
330000,335000,2288,5000,709313.0,6092.09039165
335000,340000,2289,5000,709621.0,6092.96457281
340000,345000,2290,5000,709930.0,6094.59174973
345000,350000,2291,5000,710238.0,6087.81449593
350000,355000,2292,5000,710547.0,6089.35759526
355000,360000,2293,5000,710855.0,6072.5533366
360000,365000,2294,5000,711163.0,6073.81460914
365000,370000,2295,5000,711472.0,6075.17516343
370000,375000,2296,5000,711780.0,6076.5030346
375000,380000,2297,5000,712088.0,6077.84072616
380000,385000,2298,5000,712397.0,6079.17491743
385000,390000,2299,5000,712705.0,6080.72183831
390000,395000,2300,5000,713013.0,6081.98513226
395000,400000,2301,5000,713322.0,6083.26418001
400000,405000,2302,5000,713630.0,6084.72831267
405000,410000,2303,5000,713939.0,6085.96689804
410000,415000,2304,5000,714247.0,6087.13412917
415000,420000,2305,5000,714556.0,6088.01919611
420000,425000,2306,5000,714864.0,5753.5347509
425000,430000,2307,5000,715172.0,5754.85314098
430000,435000,2308,5000,715481.0,5755.81297975
435000,440000,2309,5000,715789.0,5757.15506927
440000,445000,2310,5000,716097.0,5758.44831694
445000,450000,2311,5000,716406.0,5759.18535682
450000,455000,2312,5000,716714.0,5758.91948726
455000,460000,2313,5000,717023.0,5759.8711802
460000,465000,2314,5000,717331.0,5761.40509297
465000,470000,2315,5000,717639.0,5762.37586243
470000,475000,2316,5000,717948.0,5762.60946583
475000,480000,2317,5000,718256.0,5762.8236305
480000,485000,2318,5000,718565.0,5763.05359306
485000,490000,2319,5000,718873.0,5761.78296916
490000,495000,2320,5000,719182.0,5762.02155153
495000,500000,2321,5000,719490.0,5762.24201548
500000,505000,2322,5000,719798.0,5763.75642105
505000,510000,2323,5000,720107.0,5765.11896486
510000,515000,2324,5000,720415.0,5766.44984721
515000,520000,2325,5000,720723.0,5767.42268736
520000,525000,2326,5000,721032.0,5768.79485496
525000,530000,2327,5000,721340.0,5769.92325254
530000,535000,2328,5000,721649.0,5771.46393373
535000,540000,2329,5000,721957.0,5772.97475907
540000,545000,2330,5000,722265.0,5774.3305185
545000,550000,2331,5000,722574.0,5775.65861759
550000,555000,2332,5000,722882.0,5777.17691853
555000,560000,2333,5000,723191.0,5778.49294539
560000,565000,2334,5000,723499.0,5779.45330441
565000,570000,2335,5000,723808.0,5780.79458109
570000,575000,2336,5000,724117.0,5782.14868768
575000,580000,2337,5000,724425.0,5783.48006632
580000,585000,2338,5000,724733.0,5784.82713082
585000,590000,2339,5000,725042.0,5785.29064485
590000,595000,2340,5000,725350.0,5785.87354331
595000,600000,2341,5000,725658.0,5785.61881989
600000,605000,2342,5000,725967.0,5784.36310768
605000,610000,2343,5000,726275.0,5783.09311877
610000,615000,2344,5000,726584.0,5783.29729558
615000,620000,2345,5000,726892.0,5782.03625544
620000,625000,2346,5000,727201.0,5783.19571979
625000,630000,2347,5000,727509.0,5784.14166281
630000,635000,2348,5000,727817.0,5785.08254267
635000,640000,2349,5000,728126.0,5786.59165716
640000,645000,2350,5000,728434.0,5787.90293438
645000,650000,2351,5000,728743.0,5788.8654341
650000,655000,2352,5000,729051.0,5789.83102875
655000,660000,2353,5000,729359.0,5791.36044571
660000,665000,2354,5000,729668.0,5792.72385756
665000,670000,2355,5000,729976.0,5794.24962265
670000,675000,2356,5000,730285.0,5795.59352982
675000,680000,2357,5000,730593.0,5796.9355682
680000,685000,2358,5000,730901.0,5798.25868322
685000,690000,2359,5000,731210.0,5799.60519758
690000,695000,2360,5000,731518.0,5800.94192011
695000,700000,2361,5000,731827.0,5802.28864999
700000,705000,2362,5000,732135.0,5803.62214752
705000,710000,2363,5000,732443.0,5760.21594883
710000,715000,2364,5000,732751.0,5551.58904067
715000,720000,2365,5000,733060.0,5552.06747954
720000,725000,2366,5000,733368.0,5552.36491306
725000,730000,2367,5000,733677.0,5553.79705083
730000,735000,2368,5000,733985.0,5554.91966665
735000,740000,2369,5000,734293.0,5556.02186822
740000,745000,2370,5000,734602.0,5556.99200418
745000,750000,2371,5000,734910.0,5557.73102875
750000,755000,2372,5000,735219.0,5559.00237912
755000,760000,2373,5000,735527.0,5560.31821595
760000,765000,2374,5000,735836.0,5561.31432561
765000,770000,2375,5000,736144.0,5562.71952134
770000,775000,2376,5000,736453.0,5564.0543311
775000,780000,2377,5000,736761.0,5565.03194348
780000,785000,2378,5000,737069.0,5566.14951262
785000,790000,2379,5000,737378.0,5567.46283888
790000,795000,2380,5000,737686.0,5568.77966123
795000,800000,2381,5000,737995.0,5570.2645341
800000,805000,2382,5000,738303.0,5571.72150876
805000,810000,2383,5000,738611.0,5573.00924617
810000,815000,2384,5000,738920.0,5573.55394043
815000,820000,2385,5000,739228.0,5575.02686102
820000,825000,2386,5000,739536.0,5573.9663393
825000,830000,2387,5000,739845.0,5572.88256933
830000,835000,2388,5000,740153.0,5569.70093188
835000,840000,2389,5000,740462.0,5570.62715847
840000,845000,2390,5000,740770.0,5571.90551692
845000,850000,2391,5000,741078.0,5573.11454004
850000,855000,2392,5000,741387.0,5574.567997
855000,860000,2393,5000,741695.0,5575.83876343
860000,865000,2394,5000,742004.0,5577.12995238
865000,870000,2395,5000,742312.0,5578.07405522
870000,875000,2396,5000,742620.0,5579.51458248
875000,880000,2397,5000,742929.0,5580.81837705
880000,885000,2398,5000,743237.0,5581.75670484
885000,890000,2399,5000,743546.0,5582.66268424
890000,895000,2400,5000,743854.0,5583.60882285
895000,900000,2401,5000,744162.0,5584.5297587
900000,905000,2402,5000,744471.0,5585.48544382
905000,910000,2403,5000,744779.0,5586.03477406
910000,915000,2404,5000,745088.0,5587.31496321
915000,920000,2405,5000,745396.0,5588.57004722
920000,925000,2406,5000,745704.0,5589.81958277
925000,930000,2407,5000,746013.0,5591.28364844
930000,935000,2408,5000,746321.0,5592.56576444
935000,940000,2409,5000,746630.0,5594.02482311
940000,945000,2410,5000,746938.0,5595.45639618
945000,950000,2411,5000,747247.0,5596.73187223
950000,955000,2412,5000,747555.0,5598.01912561
955000,960000,2413,5000,747864.0,5599.2720579
960000,965000,2414,5000,748172.0,5600.70476755
965000,970000,2415,5000,748480.0,5602.15888396
970000,975000,2416,5000,748789.0,5603.44719
975000,980000,2417,5000,749097.0,5604.71462583
980000,985000,2418,5000,749405.0,5606.11809296
985000,990000,2419,5000,749714.0,5607.40985462
990000,995000,2420,5000,750022.0,5608.31370346
995000,1000000,2421,5000,750330.0,5609.73762053
1000000,1005000,2422,5000,750639.0,5610.67865178
1005000,1010000,2423,5000,750949.0,5611.60786079
1010000,1015000,2424,5000,751259.0,5612.88231722
1015000,1020000,2425,5000,751569.0,5614.15046141
1020000,1025000,2426,5000,751879.0,5615.57726085
1025000,1030000,2427,5000,752189.0,5616.82840513
1030000,1035000,2428,5000,752499.0,5617.06903418
1035000,1040000,2429,5000,752809.0,5618.31638827
1040000,1045000,2430,5000,753119.0,5619.54864294
1045000,1050000,2431,5000,753429.0,5618.41004884
1050000,1055000,2432,5000,753739.0,5617.29072791
1055000,1060000,2433,5000,754049.0,5618.15040667
1060000,1065000,2434,5000,754359.0,5619.38598027
1065000,1070000,2435,5000,754670.0,5620.30286433
1070000,1075000,2436,5000,754980.0,5621.60040546
1075000,1080000,2437,5000,755290.0,5622.49558918
1080000,1085000,2438,5000,755600.0,5623.81167686
1085000,1090000,2439,5000,755910.0,5624.32090469
1090000,1095000,2440,5000,756220.0,5625.19825604
1095000,1100000,2441,5000,756530.0,5625.66863875
1100000,1105000,2442,5000,756840.0,5626.50804036
1105000,1110000,2443,5000,757150.0,5627.57749821
1110000,1115000,2444,5000,757460.0,5628.37075073
1115000,1120000,2445,5000,757770.0,5629.25130405
1120000,1125000,2446,5000,758080.0,5385.94528166
1125000,1130000,2447,5000,758390.0,5385.06036475
1130000,1135000,2448,5000,758700.0,5385.39848054
1135000,1140000,2449,5000,759010.0,5385.75023917
1140000,1145000,2450,5000,759320.0,5387.14389405
1145000,1150000,2451,5000,759630.0,5388.12093763
1150000,1155000,2452,5000,759940.0,5389.08795276
1155000,1160000,2453,5000,760250.0,5390.04847626
1160000,1165000,2454,5000,760560.0,5391.01028981
1165000,1170000,2455,5000,760870.0,5391.97975233
1170000,1175000,2456,5000,761180.0,5393.26035325
1175000,1180000,2457,5000,761490.0,5394.6523001
1180000,1185000,2458,5000,761800.0,5395.90712569
1185000,1190000,2459,5000,762110.0,5396.87317176
1190000,1195000,2460,5000,762420.0,5397.81959833
1195000,1200000,2461,5000,762730.0,5399.05724989
1200000,1205000,2462,5000,763040.0,5400.28601573
1205000,1210000,2463,5000,763351.0,5401.20041454
1210000,1215000,2464,5000,763660.0,5401.6547578
1215000,1220000,2465,5000,763971.0,5402.61729888
1220000,1225000,2466,5000,764280.0,5403.62737993
1225000,1230000,2467,5000,764591.0,5404.74827565
1230000,1235000,2468,5000,764901.0,5405.8216967
1235000,1240000,2469,5000,765211.0,5407.06819961
1240000,1245000,2470,5000,765521.0,5408.02263408
1245000,1250000,2471,5000,765831.0,5409.39563764
1250000,1255000,2472,5000,766141.0,5410.3130696
1255000,1260000,2473,5000,766451.0,5411.53301832
1260000,1265000,2474,5000,766761.0,5412.75332279
1265000,1270000,2475,5000,767071.0,5413.68447981
1270000,1275000,2476,5000,767381.0,5414.24077412
1275000,1280000,2477,5000,767691.0,5414.89635262
1280000,1285000,2478,5000,768001.0,5416.04868407
1285000,1290000,2479,5000,768311.0,5416.38824932
1290000,1295000,2480,5000,768621.0,5416.71196547
1295000,1300000,2481,5000,768931.0,5415.79553594
1300000,1305000,2482,5000,769241.0,5414.87783735
1305000,1310000,2483,5000,769551.0,5413.67436281
1310000,1315000,2484,5000,769861.0,5410.55866033
1315000,1320000,2485,5000,770171.0,5411.41247234
1320000,1325000,2486,5000,770481.0,5412.57874041
1325000,1330000,2487,5000,770791.0,5413.29489927
1330000,1335000,2488,5000,771101.0,5414.5208883
1335000,1340000,2489,5000,771411.0,5415.92400999
1340000,1345000,2490,5000,771721.0,5417.30159813
1345000,1350000,2491,5000,772031.0,5418.5382904
1350000,1355000,2492,5000,772341.0,5418.86695536
1355000,1360000,2493,5000,772651.0,5420.24836623
1360000,1365000,2494,5000,772961.0,5421.50263434
1365000,1370000,2495,5000,773271.0,5422.72828854
1370000,1375000,2496,5000,773581.0,5423.94150929
1375000,1380000,2497,5000,773891.0,5423.05184217
1380000,1385000,2498,5000,774201.0,5424.16320665
1385000,1390000,2499,5000,774511.0,5425.11041685
1390000,1395000,2500,5000,774821.0,5423.74536808
1395000,1400000,2501,5000,775131.0,5425.11020205
1400000,1405000,2502,5000,775442.0,5426.01326568
1405000,1410000,2503,5000,775752.0,5427.24578369
1410000,1415000,2504,5000,776062.0,5428.03741295
1415000,1420000,2505,5000,776372.0,5428.91002589
1420000,1425000,2506,5000,776682.0,5430.03421192
1425000,1430000,2507,5000,776992.0,5431.11180506
1430000,1435000,2508,5000,777302.0,5431.63635462
1435000,1440000,2509,5000,777612.0,5432.69914906
1440000,1445000,2510,5000,777922.0,5433.5093163
1445000,1450000,2511,5000,778232.0,5434.43338608
1450000,1455000,2512,5000,778542.0,5435.03810267
1455000,1460000,2513,5000,778852.0,5435.80764889
1460000,1465000,2514,5000,779162.0,5436.60089394
1465000,1470000,2515,5000,779472.0,5436.47905805
1470000,1475000,2516,5000,779782.0,5436.39329758
1475000,1480000,2517,5000,780092.0,5436.52170195
1480000,1485000,2518,5000,780402.0,5436.96009784
1485000,1490000,2519,5000,780712.0,5438.03352286
1490000,1495000,2520,5000,781022.0,5438.97011961
1495000,1500000,2521,5000,781332.0,5439.89360834
1500000,1505000,2522,5000,781642.0,5440.94498908
1505000,1510000,2523,5000,781952.0,5441.88414697
1510000,1515000,2524,5000,782262.0,5442.27117342
1515000,1520000,2525,5000,782572.0,5442.9658108
1520000,1525000,2526,5000,782882.0,5443.80234199
1525000,1530000,2527,5000,783192.0,5444.94907233
1530000,1535000,2528,5000,783502.0,5446.18120255
1535000,1540000,2529,5000,783812.0,5447.37384978
1540000,1545000,2530,5000,784122.0,5448.28542836
1545000,1550000,2531,5000,784432.0,5449.62251676
1550000,1555000,2532,5000,784742.0,5450.81188247
1555000,1560000,2533,5000,785052.0,5451.71710808
1560000,1565000,2534,5000,785362.0,5453.07735827
1565000,1570000,2535,5000,785672.0,5453.94863549
1570000,1575000,2536,5000,785983.0,5454.43319707
1575000,1580000,2537,5000,786293.0,5455.65358073
1580000,1585000,2538,5000,786603.0,5456.12618386
1585000,1590000,2539,5000,786913.0,5456.62895169
1590000,1595000,2540,5000,787223.0,5457.32693371
1595000,1600000,2541,5000,787533.0,5458.537331
1600000,1605000,2542,5000,787843.0,5459.24391623
1605000,1610000,2543,5000,788153.0,5460.0571733
1610000,1615000,2544,5000,788463.0,5461.42893591
1615000,1620000,2545,5000,788773.0,5460.50988188
1620000,1625000,2546,5000,789083.0,5461.86330958
1625000,1630000,2547,5000,789393.0,5463.08858446
1630000,1635000,2548,5000,789703.0,5464.42253471
1635000,1640000,2549,5000,790013.0,5465.77166833
1640000,1645000,2550,5000,790323.0,5467.14177904
1645000,1650000,2551,5000,790633.0,5468.05488439
1650000,1655000,2552,5000,790943.0,5467.84520328
1655000,1660000,2553,5000,791253.0,5469.19789453
1660000,1665000,2554,5000,791563.0,5470.07844386
1665000,1670000,2555,5000,791873.0,5470.70058241
1670000,1675000,2556,5000,792183.0,5471.91477609
1675000,1680000,2557,5000,792493.0,5473.12636843
1680000,1685000,2558,5000,792803.0,5473.86262172
1685000,1690000,2559,5000,793113.0,5474.30216684
1690000,1695000,2560,5000,793423.0,5475.19226719
1695000,1700000,2561,5000,793733.0,5475.44056558
1700000,1705000,2562,5000,794043.0,5476.04751936
1705000,1710000,2563,5000,794353.0,5476.61244414
1710000,1715000,2564,5000,794664.0,5475.34847601
1715000,1720000,2565,5000,794974.0,5475.34547831
1720000,1725000,2566,5000,795284.0,5475.64685365
1725000,1730000,2567,5000,795594.0,5476.99465792
1730000,1735000,2568,5000,795904.0,5477.39508514
1735000,1740000,2569,5000,796214.0,5478.56728491
1740000,1745000,2570,5000,796524.0,5479.7470728
1745000,1750000,2571,5000,796834.0,5480.91845074
1750000,1755000,2572,5000,797144.0,5481.81082819
1755000,1760000,2573,5000,797454.0,5482.67602943
1760000,1765000,2574,5000,797764.0,5483.55139018
1765000,1770000,2575,5000,798074.0,5484.75393103
1770000,1775000,2576,5000,798384.0,5485.95512128
1775000,1780000,2577,5000,798694.0,5487.17022236
1780000,1785000,2578,5000,799004.0,5487.621266
1785000,1790000,2579,5000,799314.0,5488.51278977
1790000,1795000,2580,5000,799624.0,5489.41766731
1795000,1800000,2581,5000,799934.0,5490.30996796
1800000,1805000,2582,5000,800244.0,5491.22032854
1805000,1810000,2583,5000,800554.0,5492.26815432
1810000,1815000,2584,5000,800864.0,5493.17148422
1815000,1820000,2585,5000,801174.0,5494.0693637
1820000,1825000,2586,5000,801484.0,5495.08642246
1825000,1830000,2587,5000,801795.0,5495.99140681
1830000,1835000,2588,5000,802105.0,5497.01671747
1835000,1840000,2589,5000,802415.0,5497.79526193
1840000,1845000,2590,5000,802725.0,5498.84771331
1845000,1850000,2591,5000,803035.0,5499.68015587
1850000,1855000,2592,5000,803345.0,5500.41997356
1855000,1860000,2593,5000,803655.0,5501.0688958
1860000,1865000,2594,5000,803965.0,5502.22485137
1865000,1870000,2595,5000,804275.0,5502.94291395
1870000,1875000,2596,5000,804585.0,5504.12349363
1875000,1880000,2597,5000,804895.0,5505.30099466
1880000,1885000,2598,5000,805205.0,5506.48170153
1885000,1890000,2599,5000,805515.0,5507.66891002
1890000,1895000,2600,5000,805825.0,5508.83111451
1895000,1900000,2601,5000,806135.0,5510.17440737
1900000,1905000,2602,5000,806445.0,5511.06557855
1905000,1910000,2603,5000,806756.0,5511.81421553
1910000,1915000,2604,5000,807066.0,5512.51982989
1915000,1920000,2605,5000,807376.0,5513.56028851
1920000,1925000,2606,5000,807686.0,5514.1700495
1925000,1930000,2607,5000,807996.0,5514.99541874
1930000,1935000,2608,5000,808306.0,5515.68008833
1935000,1940000,2609,5000,808616.0,5516.35183263
1940000,1945000,2610,5000,808926.0,5517.2438492
1945000,1950000,2611,5000,809236.0,5518.12203176
1950000,1955000,2612,5000,809546.0,5518.00635841
1955000,1960000,2613,5000,809856.0,5518.92010778
1960000,1965000,2614,5000,810166.0,5519.68446959
1965000,1970000,2615,5000,810476.0,5520.50857791
1970000,1975000,2616,5000,810786.0,5521.82389104
1975000,1980000,2617,5000,811096.0,5522.8152842
1980000,1985000,2618,5000,811406.0,5523.60608116
1985000,1990000,2619,5000,811716.0,5523.41302914
1990000,1995000,2620,5000,812026.0,5523.66200536
1995000,2000000,2621,5000,812336.0,5524.99663275
2000000,2005000,2622,5000,812646.0,5525.89509281
2005000,2010000,2623,5000,812957.0,5526.76222636
2010000,2015000,2624,5000,813267.0,5527.6098195
2015000,2020000,2625,5000,813578.0,5528.71300935
2020000,2025000,2626,5000,813888.0,5529.48117891
2025000,2030000,2627,5000,814199.0,5530.60827923
2030000,2035000,2628,5000,814509.0,5531.1797816
2035000,2040000,2629,5000,814820.0,5532.07210407
2040000,2045000,2630,5000,815130.0,5531.95755291
2045000,2050000,2631,5000,815441.0,5531.9006087
2050000,2055000,2632,5000,815751.0,5532.24563517
2055000,2060000,2633,5000,816062.0,5533.12617859
2060000,2065000,2634,5000,816372.0,5534.01245854
2065000,2070000,2635,5000,816682.0,5534.86845142
2070000,2075000,2636,5000,816993.0,5535.11843084
2075000,2080000,2637,5000,817303.0,5535.95460829
2080000,2085000,2638,5000,817614.0,5536.78327521
2085000,2090000,2639,5000,817924.0,5537.71541619
2090000,2095000,2640,5000,818235.0,5538.55833654
2095000,2100000,2641,5000,818546.0,5538.34176894
2100000,2105000,2642,5000,818856.0,5536.93133844
2105000,2110000,2643,5000,819167.0,5537.17717439
2110000,2115000,2644,5000,819477.0,5537.43112036
2115000,2120000,2645,5000,819788.0,5537.93877982
2120000,2125000,2646,5000,820098.0,5538.46782337
2125000,2130000,2647,5000,820408.0,5538.88834722
2130000,2135000,2648,5000,820719.0,5539.57476721
2135000,2140000,2649,5000,821029.0,5540.61199223
2140000,2145000,2650,5000,821340.0,5541.27175619
2145000,2150000,2651,5000,821651.0,5541.14534913
2150000,2155000,2652,5000,821961.0,5542.45498838
2155000,2160000,2653,5000,822272.0,5543.47170817
2160000,2165000,2654,5000,822582.0,5544.22961031
2165000,2170000,2655,5000,822893.0,5545.41826125
2170000,2175000,2656,5000,823203.0,5546.13043652
2175000,2180000,2657,5000,823514.0,5546.96500034
2180000,2185000,2658,5000,823824.0,5547.79323461
2185000,2190000,2659,5000,824135.0,5548.33291632
2190000,2195000,2660,5000,824446.0,5549.20315417
2195000,2200000,2661,5000,824756.0,5550.50161115
2200000,2205000,2662,5000,825067.0,5551.65427849
2205000,2210000,2663,5000,825377.0,5552.49590694
2210000,2215000,2664,5000,825688.0,5553.33891509
2215000,2220000,2665,5000,825998.0,5554.47410098
2220000,2225000,2666,5000,826309.0,5555.63153651
2225000,2230000,2667,5000,826619.0,5556.76695217
2230000,2235000,2668,5000,826930.0,5557.92980921
2235000,2240000,2669,5000,827240.0,5558.50796724
2240000,2245000,2670,5000,827551.0,5559.2724811
2245000,2250000,2671,5000,827861.0,5560.08359128
2250000,2255000,2672,5000,828172.0,5561.11933327
2255000,2260000,2673,5000,828482.0,5562.27261595
2260000,2265000,2674,5000,828793.0,5563.40922784
2265000,2270000,2675,5000,829103.0,5564.68965926
2270000,2275000,2676,5000,829414.0,5565.52866315
2275000,2280000,2677,5000,829724.0,5566.67591791
2280000,2285000,2678,5000,830035.0,5567.84051126
2285000,2290000,2679,5000,830345.0,5568.71107114
2290000,2295000,2680,5000,830655.0,5569.57195789
2295000,2300000,2681,5000,830966.0,5570.43382112
2300000,2305000,2682,5000,831276.0,5571.28987688
2305000,2310000,2683,5000,831587.0,5571.7411047
2310000,2315000,2684,5000,831897.0,5572.63491898
2315000,2320000,2685,5000,832208.0,5573.31778519
2320000,2325000,2686,5000,832518.0,5574.14710319
2325000,2330000,2687,5000,832829.0,5575.42453475
2330000,2335000,2688,5000,833139.0,5576.46522946
2335000,2340000,2689,5000,833450.0,5577.63070523
2340000,2345000,2690,5000,833760.0,5578.7830553
2345000,2350000,2691,5000,834071.0,5580.09712403
2350000,2355000,2692,5000,834381.0,5581.25730731
2355000,2360000,2693,5000,834692.0,5582.47640673
2360000,2365000,2694,5000,835002.0,5583.46068195
2365000,2370000,2695,5000,835313.0,5584.77243504
2370000,2375000,2696,5000,835623.0,5585.42369241
2375000,2380000,2697,5000,835933.0,5586.16177597
2380000,2385000,2698,5000,836244.0,5586.63629804
2385000,2390000,2699,5000,836554.0,5587.79438578
2390000,2395000,2700,5000,836865.0,5588.95045304
2395000,2400000,2701,5000,837175.0,5589.72446451
2400000,2405000,2702,5000,837486.0,5590.23939475
2405000,2410000,2703,5000,837796.0,5591.33226581
2410000,2415000,2704,5000,838107.0,5592.29604615
2415000,2420000,2705,5000,838418.0,5593.37081843
2420000,2425000,2706,5000,838728.0,5593.80817384
2425000,2430000,2707,5000,839039.0,5593.29137439
2430000,2435000,2708,5000,839350.0,5593.71431646
2435000,2440000,2709,5000,839660.0,5594.71581162
2440000,2445000,2710,5000,839970.0,5595.49456522
2445000,2450000,2711,5000,840281.0,5595.91436109
2450000,2455000,2712,5000,840592.0,5596.76218495
2455000,2460000,2713,5000,840902.0,5597.98328757
2460000,2465000,2714,5000,841212.0,5598.50476802
2465000,2470000,2715,5000,841523.0,5599.42413332
2470000,2475000,2716,5000,841833.0,5600.2766267
2475000,2480000,2717,5000,842143.0,5601.4372368
2480000,2485000,2718,5000,842454.0,5602.32465163
2485000,2490000,2719,5000,842765.0,5603.29678266
2490000,2495000,2720,5000,843075.0,5603.64993881
2495000,2500000,2721,5000,843385.0,5603.98058746
2500000,2505000,2722,5000,843696.0,5604.62625324
2505000,2510000,2723,5000,844006.0,5605.08993358
2510000,2515000,2724,5000,844317.0,5605.75277159
2515000,2520000,2725,5000,844627.0,5606.17251833
2520000,2525000,2726,5000,844938.0,5606.66622639
2525000,2530000,2727,5000,845249.0,5607.49638167
2530000,2535000,2728,5000,845559.0,5607.74056814
2535000,2540000,2729,5000,845870.0,5607.89434011
2540000,2545000,2730,5000,846180.0,5608.92910848
2545000,2550000,2731,5000,846491.0,5609.78426971
2550000,2555000,2732,5000,846801.0,5610.93554314
2555000,2560000,2733,5000,847112.0,5611.87159408
2560000,2565000,2734,5000,847422.0,5613.02289591
2565000,2570000,2735,5000,847733.0,5613.34494577
2570000,2575000,2736,5000,848043.0,5613.08135862
2575000,2580000,2737,5000,848354.0,5613.51752088
2580000,2585000,2738,5000,848664.0,5613.3205078
2585000,2590000,2739,5000,848975.0,5613.55730232
2590000,2595000,2740,5000,849286.0,5612.60320453
2595000,2600000,2741,5000,849596.0,5613.8563477
2600000,2605000,2742,5000,849907.0,5615.14957396
2605000,2610000,2743,5000,850217.0,5616.29066292
2610000,2615000,2744,5000,850528.0,5617.1187149
2615000,2620000,2745,5000,850838.0,5617.65415687
2620000,2625000,2746,5000,851148.0,5617.89706898
2625000,2630000,2747,5000,851459.0,5619.18731106
2630000,2635000,2748,5000,851769.0,5620.33662083
2635000,2640000,2749,5000,852080.0,5621.16825298
2640000,2645000,2750,5000,852391.0,5622.00879799
2645000,2650000,2751,5000,852701.0,5622.82336311
2650000,2655000,2752,5000,853011.0,5623.17347394
2655000,2660000,2753,5000,853322.0,5623.95210779
2660000,2665000,2754,5000,853632.0,5624.97802434
2665000,2670000,2755,5000,853943.0,5625.71283039
2670000,2675000,2756,5000,854253.0,5626.57022639
2675000,2680000,2757,5000,854564.0,5627.42024925
2680000,2685000,2758,5000,854874.0,5628.25950996
2685000,2690000,2759,5000,855185.0,5628.49013401
2690000,2695000,2760,5000,855495.0,5628.26347375
2695000,2700000,2761,5000,855805.0,5628.50726333
2700000,2705000,2762,5000,856116.0,5628.74859596
2705000,2710000,2763,5000,856426.0,5630.02190626
2710000,2715000,2764,5000,856737.0,5630.86578289
2715000,2720000,2765,5000,857047.0,5631.48651248
2720000,2725000,2766,5000,857358.0,5632.35214527
2725000,2730000,2767,5000,857669.0,5633.1427888
2730000,2735000,2768,5000,857979.0,5633.90112955
2735000,2740000,2769,5000,858290.0,5634.55258407
2740000,2745000,2770,5000,858600.0,5635.35833296
2745000,2750000,2771,5000,858911.0,5636.1387161
2750000,2755000,2772,5000,859221.0,5636.97201329
2755000,2760000,2773,5000,859531.0,5637.18939843
2760000,2765000,2774,5000,859842.0,5637.41405467
2765000,2770000,2775,5000,860152.0,5634.32762913
2770000,2775000,2776,5000,860463.0,5631.13242821
2775000,2780000,2777,5000,860773.0,5630.17645566
2780000,2785000,2778,5000,861084.0,5628.92914869
2785000,2790000,2779,5000,861394.0,5626.12518629
2790000,2795000,2780,5000,861705.0,5625.03184317
2795000,2800000,2781,5000,862015.0,5624.07793626
2800000,2805000,2782,5000,862326.0,5623.14373725
2805000,2810000,2783,5000,862636.0,5624.09733571
2810000,2815000,2784,5000,862946.0,5625.36926128
2815000,2820000,2785,5000,863257.0,5626.49161738
2820000,2825000,2786,5000,863568.0,5627.60576078
2825000,2830000,2787,5000,863878.0,5628.70473798
2830000,2835000,2788,5000,864189.0,5629.53723998
2835000,2840000,2789,5000,864499.0,5630.22309171
2840000,2845000,2790,5000,864810.0,5630.97895974
2845000,2850000,2791,5000,865120.0,5631.37748763
2850000,2855000,2792,5000,865431.0,5632.09789267
2855000,2860000,2793,5000,865741.0,5631.12896252
2860000,2865000,2794,5000,866051.0,5630.18613024
2865000,2870000,2795,5000,866362.0,5630.37789299
2870000,2875000,2796,5000,866672.0,5631.60288497
2875000,2880000,2797,5000,866983.0,5632.58185273
2880000,2885000,2798,5000,867293.0,5633.59073678
2885000,2890000,2799,5000,867604.0,5634.26303899
2890000,2895000,2800,5000,867914.0,5635.04505329
2895000,2900000,2801,5000,868225.0,5635.713011
2900000,2905000,2802,5000,868535.0,5636.29075528
2905000,2910000,2803,5000,868846.0,5636.8011222
2910000,2915000,2804,5000,869156.0,5637.42824064
2915000,2920000,2805,5000,869467.0,5638.08145328
2920000,2925000,2806,5000,869777.0,5638.88957117
2925000,2930000,2807,5000,870088.0,5639.2066019
2930000,2935000,2808,5000,870398.0,5639.96344077
2935000,2940000,2809,5000,870709.0,5641.18060914
2940000,2945000,2810,5000,871019.0,5642.42432305
2945000,2950000,2811,5000,871330.0,5643.64376956
2950000,2955000,2812,5000,871640.0,5644.74274426
2955000,2960000,2813,5000,871950.0,5645.84175737
2960000,2965000,2814,5000,872261.0,5647.09547767
2965000,2970000,2815,5000,872571.0,5648.18801717
2970000,2975000,2816,5000,872882.0,5649.30159001
2975000,2980000,2817,5000,873192.0,5650.547393
2980000,2985000,2818,5000,873503.0,5651.64198993
2985000,2990000,2819,5000,873814.0,5652.72444411
2990000,2995000,2820,5000,874124.0,5653.93882595
2995000,3000000,2821,5000,874434.0,5654.73991561
3000000,3005000,2822,5000,874745.0,5655.83933118
3005000,3010000,2823,5000,875060.0,5656.95343073
3010000,3015000,2824,5000,875376.0,5658.2526875
3015000,3020000,2825,5000,875691.0,5659.10043567
3020000,3025000,2826,5000,876007.0,5659.81335262
3025000,3030000,2827,5000,876322.0,5660.47702185
3030000,3035000,2828,5000,876638.0,5661.13728316
3035000,3040000,2829,5000,876953.0,5661.92471155
3040000,3045000,2830,5000,877268.0,5662.56649541
3045000,3050000,2831,5000,877584.0,5663.21115835
3050000,3055000,2832,5000,877899.0,5664.35041241
3055000,3060000,2833,5000,878215.0,5665.48672197
3060000,3065000,2834,5000,878530.0,5666.73651384
3065000,3070000,2835,5000,878846.0,5667.56617339
3070000,3075000,2836,5000,879161.0,5668.35201718
3075000,3080000,2837,5000,879477.0,5669.38967806
3080000,3085000,2838,5000,879792.0,5670.50258377
3085000,3090000,2839,5000,880108.0,5671.63141176
3090000,3095000,2840,5000,880423.0,5672.60203565
3095000,3100000,2841,5000,880739.0,5673.73393583
3100000,3105000,2842,5000,881054.0,5674.86747015
3105000,3110000,2843,5000,881369.0,5675.88269174
3110000,3115000,2844,5000,881685.0,5676.74134404
3115000,3120000,2845,5000,882000.0,5677.57941849
3120000,3125000,2846,5000,882316.0,5678.00254066
3125000,3130000,2847,5000,882631.0,5678.76029194
3130000,3135000,2848,5000,882947.0,5679.52931966
3135000,3140000,2849,5000,883262.0,5680.00965385
3140000,3145000,2850,5000,883578.0,5679.91708712
3145000,3150000,2851,5000,883893.0,5679.74399047
3150000,3155000,2852,5000,884208.0,5680.48118746
3155000,3160000,2853,5000,884524.0,5681.27332387
3160000,3165000,2854,5000,884839.0,5681.7014769
3165000,3170000,2855,5000,885155.0,5681.56552439
3170000,3175000,2856,5000,885470.0,5681.63845309
3175000,3180000,2857,5000,885786.0,5680.40189962
3180000,3185000,2858,5000,886101.0,5681.36569539
3185000,3190000,2859,5000,886417.0,5681.91819512
3190000,3195000,2860,5000,886732.0,5682.37136438
3195000,3200000,2861,5000,887048.0,5683.1344565
3200000,3205000,2862,5000,887363.0,5683.65186574
3205000,3210000,2863,5000,887679.0,5684.63350987
3210000,3215000,2864,5000,887995.0,5685.65050965
3215000,3220000,2865,5000,888310.0,5686.47218517
3220000,3225000,2866,5000,888626.0,5687.58861297
3225000,3230000,2867,5000,888941.0,5688.41794403
3230000,3235000,2868,5000,889256.0,5689.5364181
3235000,3240000,2869,5000,889572.0,5690.66698607
3240000,3245000,2870,5000,889887.0,5691.34331547
3245000,3250000,2871,5000,890203.0,5692.01770309
3250000,3255000,2872,5000,890518.0,5692.95519717
3255000,3260000,2873,5000,890834.0,5693.71443781
3260000,3265000,2874,5000,891149.0,5694.91845391
3265000,3270000,2875,5000,891465.0,5696.03592995
3270000,3275000,2876,5000,891780.0,5696.83369899
3275000,3280000,2877,5000,892096.0,5697.63931064
3280000,3285000,2878,5000,892411.0,5698.59625448
3285000,3290000,2879,5000,892727.0,5699.6819749
3290000,3295000,2880,5000,893042.0,5700.9116505
3295000,3300000,2881,5000,893358.0,5701.84879694
3300000,3305000,2882,5000,893673.0,5702.29397433
3305000,3310000,2883,5000,893989.0,5703.21173084
3310000,3315000,2884,5000,894304.0,5703.96969368
3315000,3320000,2885,5000,894620.0,5704.69524468
3320000,3325000,2886,5000,894936.0,5704.61073149
3325000,3330000,2887,5000,895251.0,5705.40311469
3330000,3335000,2888,5000,895567.0,5705.95405281
3335000,3340000,2889,5000,895882.0,5706.94027127
3340000,3345000,2890,5000,896198.0,5707.9162806
3345000,3350000,2891,5000,896513.0,5708.64118483
3350000,3355000,2892,5000,896829.0,5709.4731313
3355000,3360000,2893,5000,897144.0,5709.787174
3360000,3365000,2894,5000,897460.0,5710.62733698
3365000,3370000,2895,5000,897775.0,5711.45014698
3370000,3375000,2896,5000,898091.0,5712.44807232
3375000,3380000,2897,5000,898406.0,5712.84366916
3380000,3385000,2898,5000,898721.0,5713.59417245
3385000,3390000,2899,5000,899037.0,5714.78839974
3390000,3395000,2900,5000,899352.0,5716.03619805
3395000,3400000,2901,5000,899668.0,5717.28358575
3400000,3405000,2902,5000,899983.0,5718.54108524
3405000,3410000,2903,5000,900299.0,5719.64065024
3410000,3415000,2904,5000,900614.0,5720.72900028
3415000,3420000,2905,5000,900929.0,5721.51272296
3420000,3425000,2906,5000,901245.0,5722.72540055
3425000,3430000,2907,5000,901560.0,5723.84370254
3430000,3435000,2908,5000,901876.0,5724.95398889
3435000,3440000,2909,5000,902191.0,5725.97231305
3440000,3445000,2910,5000,902507.0,5727.23090557
3445000,3450000,2911,5000,902823.0,5728.33680867
3450000,3455000,2912,5000,903138.0,5729.43514543
3455000,3460000,2913,5000,903454.0,5730.23314882
3460000,3465000,2914,5000,903769.0,5731.02763758
3465000,3470000,2915,5000,904084.0,5732.27367153
3470000,3475000,2916,5000,904400.0,5733.10625851
3475000,3480000,2917,5000,904716.0,5733.32771954
3480000,3485000,2918,5000,905031.0,5733.48691137
3485000,3490000,2919,5000,905347.0,5734.28012555
3490000,3495000,2920,5000,905662.0,5735.31386256
3495000,3500000,2921,5000,905978.0,5736.18378511
3500000,3505000,2922,5000,906293.0,5737.24460481
3505000,3510000,2923,5000,906608.0,5738.33780344
3510000,3515000,2924,5000,906924.0,5739.2745255
3515000,3520000,2925,5000,907239.0,5740.34630058
3520000,3525000,2926,5000,907555.0,5740.98568178
3525000,3530000,2927,5000,907870.0,5741.63237429
3530000,3535000,2928,5000,908186.0,5742.3815632
3535000,3540000,2929,5000,908501.0,5743.46823109
3540000,3545000,2930,5000,908817.0,5744.27091069
3545000,3550000,2931,5000,909132.0,5744.85426527
3550000,3555000,2932,5000,909448.0,5744.9950278
3555000,3560000,2933,5000,909763.0,5745.89978795
3560000,3565000,2934,5000,910079.0,5746.95859469
3565000,3570000,2935,5000,910394.0,5747.55469231
3570000,3575000,2936,5000,910710.0,5748.38249213
3575000,3580000,2937,5000,911025.0,5749.62947327
3580000,3585000,2938,5000,911340.0,5750.89721848
3585000,3590000,2939,5000,911656.0,5752.02102712
3590000,3595000,2940,5000,911971.0,5752.39924348
3595000,3600000,2941,5000,912287.0,5753.12891991
3600000,3605000,2942,5000,912602.0,5754.32891898
3605000,3610000,2943,5000,912918.0,5755.08103309
3610000,3615000,2944,5000,913233.0,5756.18760224
3615000,3620000,2945,5000,913548.0,5756.9309902
3620000,3625000,2946,5000,913864.0,5757.63254797
3625000,3630000,2947,5000,914179.0,5758.39966743
3630000,3635000,2948,5000,914495.0,5759.23464082
3635000,3640000,2949,5000,914810.0,5759.62501282
3640000,3645000,2950,5000,915126.0,5760.33131014
3645000,3650000,2951,5000,915441.0,5761.29838553
3650000,3655000,2952,5000,915757.0,5762.05373977
3655000,3660000,2953,5000,916072.0,5762.82150389
3660000,3665000,2954,5000,916388.0,5763.0295408
3665000,3670000,2955,5000,916703.0,5763.59260692
3670000,3675000,2956,5000,917019.0,5764.39364995
3675000,3680000,2957,5000,917334.0,5764.22959525
3680000,3685000,2958,5000,917650.0,5764.65220737
3685000,3690000,2959,5000,917965.0,5765.08311448
3690000,3695000,2960,5000,918281.0,5765.54157648
3695000,3700000,2961,5000,918596.0,5766.04034927
3700000,3705000,2962,5000,918912.0,5765.80806371
3705000,3710000,2963,5000,919227.0,5765.66153466
3710000,3715000,2964,5000,919543.0,5765.71352805
3715000,3720000,2965,5000,919858.0,5766.50721298
3720000,3725000,2966,5000,920174.0,5767.28799253
3725000,3730000,2967,5000,920489.0,5767.93782447
3730000,3735000,2968,5000,920805.0,5768.72447899
3735000,3740000,2969,5000,921120.0,5769.513755
3740000,3745000,2970,5000,921436.0,5770.30694485
3745000,3750000,2971,5000,921751.0,5771.08777585
3750000,3755000,2972,5000,922066.0,5771.83922921
3755000,3760000,2973,5000,922382.0,5771.90105044
3760000,3765000,2974,5000,922698.0,5772.69213174
3765000,3770000,2975,5000,923013.0,5773.45897379
3770000,3775000,2976,5000,923329.0,5774.29381558
3775000,3780000,2977,5000,923644.0,5774.90424694
3780000,3785000,2978,5000,923960.0,5775.76856125
3785000,3790000,2979,5000,924275.0,5776.94940147
3790000,3795000,2980,5000,924591.0,5777.72623352
3795000,3800000,2981,5000,924906.0,5778.76475804
3800000,3805000,2982,5000,925222.0,5779.86237841
3805000,3810000,2983,5000,925537.0,5780.68478447
3810000,3815000,2984,5000,925853.0,5781.51465865
3815000,3820000,2985,5000,926168.0,5782.31753672
3820000,3825000,2986,5000,926483.0,5783.23549001
3825000,3830000,2987,5000,926799.0,5784.45386948
3830000,3835000,2988,5000,927114.0,5785.6755817
3835000,3840000,2989,5000,927430.0,5786.91488456
3840000,3845000,2990,5000,927745.0,5787.95725355
3845000,3850000,2991,5000,928061.0,5788.71139499
3850000,3855000,2992,5000,928376.0,5788.58348727
3855000,3860000,2993,5000,928692.0,5789.34554164
3860000,3865000,2994,5000,929007.0,5790.25897367
3865000,3870000,2995,5000,929322.0,5790.91379868
3870000,3875000,2996,5000,929638.0,5791.27455614
3875000,3880000,2997,5000,929953.0,5791.86990915
3880000,3885000,2998,5000,930269.0,5792.4853537
3885000,3890000,2999,5000,930584.0,5793.01004213
3890000,3895000,3000,5000,930900.0,5793.23256639
3895000,3900000,3001,5000,931215.0,5794.46173781
3900000,3905000,3002,5000,931531.0,5795.55719799
3905000,3910000,3003,5000,931846.0,5795.90263625
3910000,3915000,3004,5000,932162.0,5796.46876932
3915000,3920000,3005,5000,932477.0,5797.39149699
3920000,3925000,3006,5000,932793.0,5798.08119322
3925000,3930000,3007,5000,933108.0,5798.87723458
3930000,3935000,3008,5000,933424.0,5799.68984106
3935000,3940000,3009,5000,933739.0,5800.48038902
3940000,3945000,3010,5000,934055.0,5801.31260072
3945000,3950000,3011,5000,934370.0,5801.72486719
3950000,3955000,3012,5000,934686.0,5802.50422727
3955000,3960000,3013,5000,935001.0,5802.69349605
3960000,3965000,3014,5000,935317.0,5803.35414839
3965000,3970000,3015,5000,935632.0,5804.13824078
3970000,3975000,3016,5000,935947.0,5804.91748483
3975000,3980000,3017,5000,936263.0,5805.71106903
3980000,3985000,3018,5000,936579.0,5805.92925449
3985000,3990000,3019,5000,936894.0,5806.65079542
3990000,3995000,3020,5000,937209.0,5807.30225411
3995000,4000000,3021,5000,937525.0,5808.35500257
4000000,4005000,3022,5000,937840.0,5809.41809634
4005000,4010000,3023,5000,938162.0,5810.62755178
4010000,4015000,3024,5000,938483.0,5811.41552996
4015000,4020000,3025,5000,938805.0,5811.9017655
4020000,4025000,3026,5000,939126.0,5812.38336088
4025000,4030000,3027,5000,939448.0,5812.78575163
4030000,4035000,3028,5000,939770.0,5813.65015341
4035000,4040000,3029,5000,940091.0,5814.50741749
4040000,4045000,3030,5000,940413.0,5814.59555937
4045000,4050000,3031,5000,940734.0,5815.1053644
4050000,4055000,3032,5000,941056.0,5815.93353235
4055000,4060000,3033,5000,941377.0,5816.62975783
4060000,4065000,3034,5000,941699.0,5817.31773278
4065000,4070000,3035,5000,942020.0,5818.12819395
4070000,4075000,3036,5000,942342.0,5818.81998742
4075000,4080000,3037,5000,942663.0,5819.16280827
4080000,4085000,3038,5000,942985.0,5819.85421083
4085000,4090000,3039,5000,943306.0,5820.6642655
4090000,4095000,3040,5000,943628.0,5820.57253157
4095000,4100000,3041,5000,943949.0,5821.8110704
4100000,4105000,3042,5000,944271.0,5823.03822647
4105000,4110000,3043,5000,944592.0,5823.81538285
4110000,4115000,3044,5000,944913.0,5824.60449369
4115000,4120000,3045,5000,945235.0,5825.41819064
4120000,4125000,3046,5000,945557.0,5825.80686352
4125000,4130000,3047,5000,945878.0,5826.55472777
4130000,4135000,3048,5000,946200.0,5827.76569295
4135000,4140000,3049,5000,946521.0,5828.2678313
4140000,4145000,3050,5000,946843.0,5828.9669182
4145000,4150000,3051,5000,947164.0,5829.75832449
4150000,4155000,3052,5000,947486.0,5830.95657583
4155000,4160000,3053,5000,947807.0,5831.68577579
4160000,4165000,3054,5000,948129.0,5832.19105519
4165000,4170000,3055,5000,948450.0,5832.2808001
4170000,4175000,3056,5000,948772.0,5832.61510175
4175000,4180000,3057,5000,949093.0,5833.01541914
4180000,4185000,3058,5000,949415.0,5833.52438209
4185000,4190000,3059,5000,949737.0,5834.02588585
4190000,4195000,3060,5000,950058.0,5834.31582931
4195000,4200000,3061,5000,950380.0,5835.10643376
4200000,4205000,3062,5000,950701.0,5836.3432027
4205000,4210000,3063,5000,951023.0,5837.44115912
4210000,4215000,3064,5000,951344.0,5838.63648128
4215000,4220000,3065,5000,951666.0,5839.88112858
4220000,4225000,3066,5000,951987.0,5840.92257425
4225000,4230000,3067,5000,952309.0,5841.71668141
4230000,4235000,3068,5000,952630.0,5842.24488442
4235000,4240000,3069,5000,952952.0,5843.41697119
4240000,4245000,3070,5000,953273.0,5844.11103129
4245000,4250000,3071,5000,953595.0,5844.90145583
4250000,4255000,3072,5000,953917.0,5845.9859699
4255000,4260000,3073,5000,954238.0,5847.18400996
4260000,4265000,3074,5000,954560.0,5848.24364273
4265000,4270000,3075,5000,954881.0,5849.31280245
4270000,4275000,3076,5000,955203.0,5850.38370953
4275000,4280000,3077,5000,955524.0,5851.55698931
4280000,4285000,3078,5000,955846.0,5852.16614806
4285000,4290000,3079,5000,956167.0,5852.84441767
4290000,4295000,3080,5000,956489.0,5854.06500206
4295000,4300000,3081,5000,956810.0,5854.83107463
4300000,4305000,3082,5000,957132.0,5855.17645941
4305000,4310000,3083,5000,957453.0,5855.94541083
4310000,4315000,3084,5000,957775.0,5856.40652421
4315000,4320000,3085,5000,958096.0,5856.32457606
4320000,4325000,3086,5000,958418.0,5856.14570289
4325000,4330000,3087,5000,958739.0,5855.62551702
4330000,4335000,3088,5000,959061.0,5855.4619486
4335000,4340000,3089,5000,959382.0,5855.6359814
4340000,4345000,3090,5000,959704.0,5854.7175823
4345000,4350000,3091,5000,960025.0,5854.8807126
4350000,4355000,3092,5000,960347.0,5854.66778694
4355000,4360000,3093,5000,960668.0,5855.85812279
4360000,4365000,3094,5000,960990.0,5856.15097441
4365000,4370000,3095,5000,961311.0,5856.74563211
4370000,4375000,3096,5000,961633.0,5857.50826154
4375000,4380000,3097,5000,961954.0,5857.22180881
4380000,4385000,3098,5000,962276.0,5857.96524762
4385000,4390000,3099,5000,962598.0,5858.54556016
4390000,4395000,3100,5000,962919.0,5859.12799765
4395000,4400000,3101,5000,963241.0,5859.91345908
4400000,4405000,3102,5000,963562.0,5860.19653237
4405000,4410000,3103,5000,963884.0,5860.97940224
4410000,4415000,3104,5000,964205.0,5861.78370412
4415000,4420000,3105,5000,964527.0,5862.5718163
4420000,4425000,3106,5000,964848.0,5863.14503855
4425000,4430000,3107,5000,965170.0,5863.5961755
4430000,4435000,3108,5000,965491.0,5864.40501921
4435000,4440000,3109,5000,965813.0,5864.91635801
4440000,4445000,3110,5000,966135.0,5865.78611352
4445000,4450000,3111,5000,966456.0,5866.58060203
4450000,4455000,3112,5000,966778.0,5867.39694385
4455000,4460000,3113,5000,967099.0,5868.08441786
4460000,4465000,3114,5000,967421.0,5868.82992586
4465000,4470000,3115,5000,967743.0,5869.90114322
4470000,4475000,3116,5000,968064.0,5870.96952244
4475000,4480000,3117,5000,968385.0,5871.74862186
4480000,4485000,3118,5000,968707.0,5872.78599874
4485000,4490000,3119,5000,969028.0,5873.96328994
4490000,4495000,3120,5000,969350.0,5875.0275897
4495000,4500000,3121,5000,969671.0,5876.24157825
4500000,4505000,3122,5000,969993.0,5877.45095659
4505000,4510000,3123,5000,970315.0,5878.65864556
4510000,4515000,3124,5000,970636.0,5879.88365613
4515000,4520000,3125,5000,970958.0,5880.81240437
4520000,4525000,3126,5000,971279.0,5881.39164348
4525000,4530000,3127,5000,971601.0,5882.15091809
4530000,4535000,3128,5000,971922.0,5882.11798694
4535000,4540000,3129,5000,972244.0,5882.65739823
4540000,4545000,3130,5000,972565.0,5883.52604848
4545000,4550000,3131,5000,972887.0,5884.52023225
4550000,4555000,3132,5000,973208.0,5885.30678257
4555000,4560000,3133,5000,973530.0,5885.8537657
4560000,4565000,3134,5000,973851.0,5887.05627265
4565000,4570000,3135,5000,974173.0,5887.76429245
4570000,4575000,3136,5000,974495.0,5888.48611381
4575000,4580000,3137,5000,974816.0,5888.8230216
4580000,4585000,3138,5000,975138.0,5887.45742227
4585000,4590000,3139,5000,975459.0,5887.23281002
4590000,4595000,3140,5000,975781.0,5887.99344436
4595000,4600000,3141,5000,976102.0,5888.98605746
4600000,4605000,3142,5000,976424.0,5889.79693777
4605000,4610000,3143,5000,976745.0,5890.58599278
4610000,4615000,3144,5000,977067.0,5890.64492669
4615000,4620000,3145,5000,977388.0,5891.40925556
4620000,4625000,3146,5000,977710.0,5892.12835885
4625000,4630000,3147,5000,978031.0,5892.88792632
4630000,4635000,3148,5000,978353.0,5893.05870319
4635000,4640000,3149,5000,978674.0,5893.57646875
4640000,4645000,3150,5000,978996.0,5894.32556236
4645000,4650000,3151,5000,979317.0,5894.71527441
4650000,4655000,3152,5000,979639.0,5895.46971233
4655000,4660000,3153,5000,979960.0,5896.21095409
4660000,4665000,3154,5000,980282.0,5896.39328878
4665000,4670000,3155,5000,980604.0,5897.56083847
4670000,4675000,3156,5000,980925.0,5898.61898029
4675000,4680000,3157,5000,981246.0,5899.34599661
4680000,4685000,3158,5000,981568.0,5898.40353284
4685000,4690000,3159,5000,981889.0,5897.16627684
4690000,4695000,3160,5000,982211.0,5897.02771606
4695000,4700000,3161,5000,982532.0,5896.80836476
4700000,4705000,3162,5000,982854.0,5897.94480673
4705000,4710000,3163,5000,983176.0,5898.27171891
4710000,4715000,3164,5000,983497.0,5898.92526951
4715000,4720000,3165,5000,983818.0,5899.4128695
4720000,4725000,3166,5000,984140.0,5899.34333854
4725000,4730000,3167,5000,984461.0,5899.32745912
4730000,4735000,3168,5000,984783.0,5899.1099295
4735000,4740000,3169,5000,985105.0,5900.20118947
4740000,4745000,3170,5000,985426.0,5900.77619196
4745000,4750000,3171,5000,985747.0,5901.81512932
4750000,4755000,3172,5000,986069.0,5902.8491353
4755000,4760000,3173,5000,986391.0,5903.90153164
4760000,4765000,3174,5000,986712.0,5904.6450381
4765000,4770000,3175,5000,987033.0,5905.32176017
4770000,4775000,3176,5000,987355.0,5905.4932144
4775000,4780000,3177,5000,987676.0,5906.62441699
4780000,4785000,3178,5000,987998.0,5907.65949025
4785000,4790000,3179,5000,988320.0,5908.84155949
4790000,4795000,3180,5000,988641.0,5909.87066645
4795000,4800000,3181,5000,988963.0,5910.51654126
4800000,4805000,3182,5000,989284.0,5911.22813669
4805000,4810000,3183,5000,989606.0,5911.90045894
4810000,4815000,3184,5000,989927.0,5912.77989987
4815000,4820000,3185,5000,990249.0,5913.6176085
4820000,4825000,3186,5000,990570.0,5914.3233982
4825000,4830000,3187,5000,990892.0,5915.01354468
4830000,4835000,3188,5000,991214.0,5915.69496091
4835000,4840000,3189,5000,991535.0,5916.61671938
4840000,4845000,3190,5000,991856.0,5917.49721828
4845000,4850000,3191,5000,992178.0,5918.53980818
4850000,4855000,3192,5000,992500.0,5919.55331724
4855000,4860000,3193,5000,992821.0,5920.21230623
4860000,4865000,3194,5000,993143.0,5920.87580778
4865000,4870000,3195,5000,993464.0,5921.53974888
4870000,4875000,3196,5000,993786.0,5922.08830751
4875000,4880000,3197,5000,994107.0,5923.12202324
4880000,4885000,3198,5000,994429.0,5923.40385921
4885000,4890000,3199,5000,994751.0,5924.53159847
4890000,4895000,3200,5000,995072.0,5925.54947597
4895000,4900000,3201,5000,995393.0,5926.40056588
4900000,4905000,3202,5000,995715.0,5927.14987307
4905000,4910000,3203,5000,996036.0,5928.27447183
4910000,4915000,3204,5000,996358.0,5928.61639445
4915000,4920000,3205,5000,996679.0,5929.36546406
4920000,4925000,3206,5000,997001.0,5930.33098905
4925000,4930000,3207,5000,997322.0,5931.34362036
4930000,4935000,3208,5000,997644.0,5931.80151385
4935000,4940000,3209,5000,997965.0,5932.3973705
4940000,4945000,3210,5000,998287.0,5933.08857555
4945000,4950000,3211,5000,998608.0,5934.00263535
4950000,4955000,3212,5000,998930.0,5934.87878305
4955000,4960000,3213,5000,999252.0,5935.60875802
4960000,4965000,3214,5000,999573.0,5936.27557352
4965000,4970000,3215,5000,999895.0,5937.05133293
4970000,4975000,3216,5000,1000216.0,5937.78743527
4975000,4980000,3217,5000,1000538.0,5938.4055101
4980000,4985000,3218,5000,1000859.0,5938.99831719
4985000,4990000,3219,5000,1001181.0,5939.71176767
4990000,4995000,3220,5000,1001502.0,5940.14076812
4995000,5000000,3221,5000,1001824.0,5940.73079588
5000000,5005000,3222,5000,1002145.0,5941.33354529
5005000,5010000,3223,5000,1002449.0,5942.2823343
5010000,5015000,3224,5000,1002753.0,5942.92057509
5015000,5020000,3225,5000,1003058.0,5942.70937825
5020000,5025000,3226,5000,1003362.0,5942.38107937
5025000,5030000,3227,5000,1003666.0,5942.4291023
5030000,5035000,3228,5000,1003970.0,5941.04370664
5035000,5040000,3229,5000,1004274.0,5939.96167188
5040000,5045000,3230,5000,1004578.0,5936.78264802
5045000,5050000,3231,5000,1004882.0,5937.82798381
5050000,5055000,3232,5000,1005186.0,5938.77739506
5055000,5060000,3233,5000,1005490.0,5939.74264771
5060000,5065000,3234,5000,1005794.0,5939.86920292
5065000,5070000,3235,5000,1006099.0,5940.06344838
5070000,5075000,3236,5000,1006402.0,5940.68524733
5075000,5080000,3237,5000,1006707.0,5941.29827425
5080000,5085000,3238,5000,1007011.0,5941.76333095
5085000,5090000,3239,5000,1007315.0,5942.1023527
5090000,5095000,3240,5000,1007619.0,5942.39188631
5095000,5100000,3241,5000,1007923.0,5943.00309117
5100000,5105000,3242,5000,1008227.0,5943.50802047
5105000,5110000,3243,5000,1008531.0,5944.27636064
5110000,5115000,3244,5000,1008835.0,5945.10676522
5115000,5120000,3245,5000,1009139.0,5945.69990972
5120000,5125000,3246,5000,1009443.0,5946.23172655
5125000,5130000,3247,5000,1009747.0,5946.99503265
5130000,5135000,3248,5000,1010051.0,5947.54597604
5135000,5140000,3249,5000,1010355.0,5947.80036532
5140000,5145000,3250,5000,1010660.0,5948.43130909
5145000,5150000,3251,5000,1010964.0,5948.79189363
5150000,5155000,3252,5000,1011268.0,5949.37781524
5155000,5160000,3253,5000,1011572.0,5949.75404911
5160000,5165000,3254,5000,1011876.0,5949.93658668
5165000,5170000,3255,5000,1012180.0,5950.76002607
5170000,5175000,3256,5000,1012484.0,5951.26415676
5175000,5180000,3257,5000,1012788.0,5951.75887226
5180000,5185000,3258,5000,1013092.0,5952.05506391
5185000,5190000,3259,5000,1013396.0,5952.60650504
5190000,5195000,3260,5000,1013700.0,5953.21548227
5195000,5200000,3261,5000,1014004.0,5953.28255124
5200000,5205000,3262,5000,1014309.0,5952.96998709
5205000,5210000,3263,5000,1014613.0,5952.57135249
5210000,5215000,3264,5000,1014917.0,5953.18791157
5215000,5220000,3265,5000,1015221.0,5953.46663995
5220000,5225000,3266,5000,1015525.0,5953.77978086
5225000,5230000,3267,5000,1015829.0,5954.07784027
5230000,5235000,3268,5000,1016133.0,5954.97534929
5235000,5240000,3269,5000,1016437.0,5955.88627078
5240000,5245000,3270,5000,1016741.0,5956.94089277
5245000,5250000,3271,5000,1017045.0,5957.87400779
5250000,5255000,3272,5000,1017349.0,5958.40236363
5255000,5260000,3273,5000,1017653.0,5959.07942992
5260000,5265000,3274,5000,1017957.0,5960.12560415
5265000,5270000,3275,5000,1018261.0,5960.74956491
5270000,5275000,3276,5000,1018566.0,5961.28394954
5275000,5280000,3277,5000,1018870.0,5961.62102698
5280000,5285000,3278,5000,1019174.0,5962.23835777
5285000,5290000,3279,5000,1019478.0,5962.50597399
5290000,5295000,3280,5000,1019782.0,5961.24519406
5295000,5300000,3281,5000,1020087.0,5961.331895
5300000,5305000,3282,5000,1020391.0,5961.17142509
5305000,5310000,3283,5000,1020695.0,5962.24833998
5310000,5315000,3284,5000,1020999.0,5962.79471752
5315000,5320000,3285,5000,1021303.0,5963.72600858
5320000,5325000,3286,5000,1021607.0,5964.38374368
5325000,5330000,3287,5000,1021911.0,5964.935947
5330000,5335000,3288,5000,1022215.0,5965.58786872
5335000,5340000,3289,5000,1022519.0,5965.657542
5340000,5345000,3290,5000,1022824.0,5965.73075159
5345000,5350000,3291,5000,1023128.0,5966.77233178
5350000,5355000,3292,5000,1023432.0,5967.4362748
5355000,5360000,3293,5000,1023736.0,5967.89620772
5360000,5365000,3294,5000,1024040.0,5968.53406937
5365000,5370000,3295,5000,1024344.0,5969.46908122
5370000,5375000,3296,5000,1024648.0,5970.12894176
5375000,5380000,3297,5000,1024952.0,5971.17136744
5380000,5385000,3298,5000,1025257.0,5972.09339289
5385000,5390000,3299,5000,1025561.0,5972.73319375
5390000,5395000,3300,5000,1025865.0,5973.66984018
5395000,5400000,3301,5000,1026169.0,5974.7332683
5400000,5405000,3302,5000,1026473.0,5975.67433746
5405000,5410000,3303,5000,1026777.0,5976.59520641
5410000,5415000,3304,5000,1027081.0,5977.22990001
5415000,5420000,3305,5000,1027385.0,5978.29635367
5420000,5425000,3306,5000,1027690.0,5978.95781034
5425000,5430000,3307,5000,1027994.0,5977.93714802
5430000,5435000,3308,5000,1028298.0,5978.010847
5435000,5440000,3309,5000,1028602.0,5978.08985542
5440000,5445000,3310,5000,1028906.0,5977.05130366
5445000,5450000,3311,5000,1029210.0,5976.90049202
5450000,5455000,3312,5000,1029514.0,5976.72969143
5455000,5460000,3313,5000,1029818.0,5977.4376631
5460000,5465000,3314,5000,1030122.0,5977.82512084
5465000,5470000,3315,5000,1030427.0,5978.5004283
5470000,5475000,3316,5000,1030731.0,5979.15103184
5475000,5480000,3317,5000,1031035.0,5979.77943975
5480000,5485000,3318,5000,1031339.0,5980.39949829
5485000,5490000,3319,5000,1031643.0,5981.03574697
5490000,5495000,3320,5000,1031947.0,5981.67166512
5495000,5500000,3321,5000,1032251.0,5982.30331006
5500000,5505000,3322,5000,1032555.0,5982.50807034
5505000,5510000,3323,5000,1032859.0,5982.32628496
5510000,5515000,3324,5000,1033163.0,5982.9117948
5515000,5520000,3325,5000,1033467.0,5983.51786394
5520000,5525000,3326,5000,1033771.0,5984.09765118
5525000,5530000,3327,5000,1034075.0,5984.64970287
5530000,5535000,3328,5000,1034380.0,5985.57122295
5535000,5540000,3329,5000,1034684.0,5986.48136285
5540000,5545000,3330,5000,1034988.0,5987.526887
5545000,5550000,3331,5000,1035292.0,5988.45549045
5550000,5555000,3332,5000,1035596.0,5989.34570616
5555000,5560000,3333,5000,1035900.0,5990.24438502
5560000,5565000,3334,5000,1036204.0,5990.88939712
5565000,5570000,3335,5000,1036508.0,5991.79605642
5570000,5575000,3336,5000,1036812.0,5992.69970829
5575000,5580000,3337,5000,1037116.0,5993.30254183
5580000,5585000,3338,5000,1037420.0,5993.86731967
5585000,5590000,3339,5000,1037725.0,5993.66090384
5590000,5595000,3340,5000,1038029.0,5994.07173378
5595000,5600000,3341,5000,1038333.0,5994.86834501
5600000,5605000,3342,5000,1038637.0,5995.51373781
5605000,5610000,3343,5000,1038941.0,5996.43211261
5610000,5615000,3344,5000,1039245.0,5996.65960616
5615000,5620000,3345,5000,1039549.0,5997.44196665
5620000,5625000,3346,5000,1039853.0,5997.93794623
5625000,5630000,3347,5000,1040157.0,5997.64446331
5630000,5635000,3348,5000,1040461.0,5998.64642872
5635000,5640000,3349,5000,1040766.0,5999.55884222
5640000,5645000,3350,5000,1041070.0,6000.60337065
5645000,5650000,3351,5000,1041374.0,6001.62907318
5650000,5655000,3352,5000,1041678.0,6002.54640365
5655000,5660000,3353,5000,1041982.0,6002.81547699
5660000,5665000,3354,5000,1042286.0,6003.31082875
5665000,5670000,3355,5000,1042590.0,6004.17042215
5670000,5675000,3356,5000,1042894.0,6004.34476608
5675000,5680000,3357,5000,1043199.0,6004.97120444
5680000,5685000,3358,5000,1043503.0,6005.19603113
5685000,5690000,3359,5000,1043807.0,6005.79623398
5690000,5695000,3360,5000,1044111.0,6006.81041731
5695000,5700000,3361,5000,1044415.0,6007.85507781
5700000,5705000,3362,5000,1044719.0,6008.46117884
5705000,5710000,3363,5000,1045023.0,6009.46472179
5710000,5715000,3364,5000,1045328.0,6009.9987094
5715000,5720000,3365,5000,1045632.0,6010.66808795
5720000,5725000,3366,5000,1045936.0,6011.31351995
5725000,5730000,3367,5000,1046240.0,6011.81569261
5730000,5735000,3368,5000,1046544.0,6012.36415283
5735000,5740000,3369,5000,1046848.0,6012.91944306
5740000,5745000,3370,5000,1047152.0,6013.35641523
5745000,5750000,3371,5000,1047456.0,6013.39221407
5750000,5755000,3372,5000,1047761.0,6013.16861992
5755000,5760000,3373,5000,1048065.0,6013.72404416
5760000,5765000,3374,5000,1048369.0,6013.33232894
5765000,5770000,3375,5000,1048673.0,6013.3260993
5770000,5775000,3376,5000,1048977.0,6013.66630292
5775000,5780000,3377,5000,1049281.0,6013.82241402
5780000,5785000,3378,5000,1049585.0,6014.0015373
5785000,5790000,3379,5000,1049889.0,6014.21960023
5790000,5795000,3380,5000,1050193.0,6014.44592921
5795000,5800000,3381,5000,1050498.0,6014.80208077
5800000,5805000,3382,5000,1050802.0,6014.88777362
5805000,5810000,3383,5000,1051106.0,6015.4932512
5810000,5815000,3384,5000,1051410.0,6015.92053962
5815000,5820000,3385,5000,1051714.0,6016.56295511
5820000,5825000,3386,5000,1052018.0,6017.45098409
5825000,5830000,3387,5000,1052322.0,6018.33460138
5830000,5835000,3388,5000,1052626.0,6018.94929791
5835000,5840000,3389,5000,1052930.0,6019.81988204
5840000,5845000,3390,5000,1053234.0,6020.16619691
5845000,5850000,3391,5000,1053538.0,6020.8186397
5850000,5855000,3392,5000,1053842.0,6021.6966337
5855000,5860000,3393,5000,1054146.0,6022.57780628
5860000,5865000,3394,5000,1054451.0,6023.18805666
5865000,5870000,3395,5000,1054755.0,6023.88163209
5870000,5875000,3396,5000,1055059.0,6024.40410964
5875000,5880000,3397,5000,1055363.0,6024.38081235
5880000,5885000,3398,5000,1055667.0,6024.39626611
5885000,5890000,3399,5000,1055971.0,6024.75155218
5890000,5895000,3400,5000,1056275.0,6025.36842589
5895000,5900000,3401,5000,1056579.0,6025.5534108
5900000,5905000,3402,5000,1056883.0,6026.14079752
5905000,5910000,3403,5000,1057187.0,6027.03454309
5910000,5915000,3404,5000,1057491.0,6027.47340797
5915000,5920000,3405,5000,1057795.0,6027.90694128
5920000,5925000,3406,5000,1058100.0,6028.3861341
5925000,5930000,3407,5000,1058404.0,6029.10085303
5930000,5935000,3408,5000,1058708.0,6029.93722642
5935000,5940000,3409,5000,1059012.0,6030.556128
5940000,5945000,3410,5000,1059316.0,6031.15502187
5945000,5950000,3411,5000,1059621.0,6031.7684863
5950000,5955000,3412,5000,1059925.0,6031.83246074
5955000,5960000,3413,5000,1060229.0,6032.83305715
5960000,5965000,3414,5000,1060533.0,6033.4749351
5965000,5970000,3415,5000,1060837.0,6034.36188878
5970000,5975000,3416,5000,1061141.0,6034.96937502
5975000,5980000,3417,5000,1061445.0,6035.44684106
5980000,5985000,3418,5000,1061749.0,6035.90201241
5985000,5990000,3419,5000,1062053.0,6036.76559326
5990000,5995000,3420,5000,1062357.0,6037.64842202
5995000,6000000,3421,5000,1062661.0,6038.22772363
6000000,6005000,3422,5000,1062965.0,6038.85956279
6005000,6010000,3423,5000,1063266.0,6039.47884351
6010000,6015000,3424,5000,1063566.0,6040.09653149
6015000,6020000,3425,5000,1063866.0,6040.32986744
6020000,6025000,3426,5000,1064166.0,6040.95777812
6025000,6030000,3427,5000,1064466.0,6041.61886209
6030000,6035000,3428,5000,1064766.0,6042.24566946
6035000,6040000,3429,5000,1065067.0,6042.96759267
6040000,6045000,3430,5000,1065367.0,6043.56089096
6045000,6050000,3431,5000,1065667.0,6043.89009655
6050000,6055000,3432,5000,1065967.0,6044.48302307
6055000,6060000,3433,5000,1066267.0,6045.08163169
6060000,6065000,3434,5000,1066568.0,6046.09121394
6065000,6070000,3435,5000,1066868.0,6046.96630516
6070000,6075000,3436,5000,1067168.0,6047.50744706
6075000,6080000,3437,5000,1067468.0,6048.01736068
6080000,6085000,3438,5000,1067768.0,6048.43533042
6085000,6090000,3439,5000,1068068.0,6048.87373783
6090000,6095000,3440,5000,1068369.0,6049.75253408
6095000,6100000,3441,5000,1068669.0,6050.02864422
6100000,6105000,3442,5000,1068969.0,6050.24117076
6105000,6110000,3443,5000,1069269.0,6050.80809951
6110000,6115000,3444,5000,1069569.0,6051.13354984
6115000,6120000,3445,5000,1069869.0,6051.5325532
6120000,6125000,3446,5000,1070169.0,6052.56912726
6125000,6130000,3447,5000,1070470.0,6053.57637686
6130000,6135000,3448,5000,1070770.0,6054.18358532
6135000,6140000,3449,5000,1071070.0,6055.05317757
6140000,6145000,3450,5000,1071370.0,6055.61427002
6145000,6150000,3451,5000,1071670.0,6056.62146532
6150000,6155000,3452,5000,1071970.0,6057.64694989
6155000,6160000,3453,5000,1072270.0,6058.51368338
6160000,6165000,3454,5000,1072571.0,6059.2006418
6165000,6170000,3455,5000,1072871.0,6060.07401593
6170000,6175000,3456,5000,1073171.0,6060.94157113
6175000,6180000,3457,5000,1073471.0,6061.80759202
6180000,6185000,3458,5000,1073771.0,6062.41522242
6185000,6190000,3459,5000,1074071.0,6063.06729465
6190000,6195000,3460,5000,1074371.0,6063.89382666
6195000,6200000,3461,5000,1074672.0,6064.47014219
6200000,6205000,3462,5000,1074972.0,6065.05183666
6205000,6210000,3463,5000,1075272.0,6065.93360593
6210000,6215000,3464,5000,1075572.0,6066.54717813
6215000,6220000,3465,5000,1075872.0,6067.1102016
6220000,6225000,3466,5000,1076172.0,6067.32114917
6225000,6230000,3467,5000,1076473.0,6067.18450012
6230000,6235000,3468,5000,1076773.0,6068.04383459
6235000,6240000,3469,5000,1077073.0,6068.63867506
6240000,6245000,3470,5000,1077373.0,6069.21764165
6245000,6250000,3471,5000,1077673.0,6069.37890737
6250000,6255000,3472,5000,1077973.0,6069.59879782
6255000,6260000,3473,5000,1078274.0,6070.59903618
6260000,6265000,3474,5000,1078574.0,6071.5603405
6265000,6270000,3475,5000,1078874.0,6072.42960853
6270000,6275000,3476,5000,1079174.0,6073.28739657
6275000,6280000,3477,5000,1079474.0,6074.12908416
6280000,6285000,3478,5000,1079775.0,6074.74851762
6285000,6290000,3479,5000,1080075.0,6075.62620726
6290000,6295000,3480,5000,1080375.0,6076.64751843
6295000,6300000,3481,5000,1080675.0,6077.64508697
6300000,6305000,3482,5000,1080975.0,6078.53157993
6305000,6310000,3483,5000,1081275.0,6079.12054598
6310000,6315000,3484,5000,1081575.0,6079.59959715
6315000,6320000,3485,5000,1081876.0,6079.8368357
6320000,6325000,3486,5000,1082176.0,6079.67075064
6325000,6330000,3487,5000,1082476.0,6080.1893327
6330000,6335000,3488,5000,1082776.0,6080.85855081
6335000,6340000,3489,5000,1083076.0,6081.66174535
6340000,6345000,3490,5000,1083376.0,6081.95491072
6345000,6350000,3491,5000,1083676.0,6082.55675795
6350000,6355000,3492,5000,1083976.0,6083.19348726
6355000,6360000,3493,5000,1084277.0,6083.73132909
6360000,6365000,3494,5000,1084577.0,6083.99853946
6365000,6370000,3495,5000,1084877.0,6084.24258631
6370000,6375000,3496,5000,1085177.0,6084.46336126
6375000,6380000,3497,5000,1085477.0,6084.68089126
6380000,6385000,3498,5000,1085777.0,6085.1582775
6385000,6390000,3499,5000,1086078.0,6085.66283419
6390000,6395000,3500,5000,1086378.0,6085.70375172
6395000,6400000,3501,5000,1086678.0,6086.26263856
6400000,6405000,3502,5000,1086978.0,6086.83620716
6405000,6410000,3503,5000,1087278.0,6087.3576359
6410000,6415000,3504,5000,1087578.0,6087.84562796
6415000,6420000,3505,5000,1087878.0,6087.84602659
6420000,6425000,3506,5000,1088179.0,6088.35404497
6425000,6430000,3507,5000,1088479.0,6088.83334864
6430000,6435000,3508,5000,1088779.0,6089.16412135
6435000,6440000,3509,5000,1089079.0,6089.59239942
6440000,6445000,3510,5000,1089379.0,6090.16662857
6445000,6450000,3511,5000,1089679.0,6090.74821457
6450000,6455000,3512,5000,1089979.0,6091.73289787
6455000,6460000,3513,5000,1090280.0,6092.58232863
6460000,6465000,3514,5000,1090580.0,6092.72498766
6465000,6470000,3515,5000,1090880.0,6092.32684395
6470000,6475000,3516,5000,1091180.0,6091.91560797
6475000,6480000,3517,5000,1091480.0,6091.93803859
6480000,6485000,3518,5000,1091780.0,6092.61681131
6485000,6490000,3519,5000,1092081.0,6093.62209842
6490000,6495000,3520,5000,1092381.0,6094.4889078
6495000,6500000,3521,5000,1092681.0,6094.89564474
6500000,6505000,3522,5000,1092981.0,6095.27396913
6505000,6510000,3523,5000,1093281.0,6095.66283698
6510000,6515000,3524,5000,1093581.0,6095.65826012
6515000,6520000,3525,5000,1093881.0,6095.92792522
6520000,6525000,3526,5000,1094182.0,6095.96783687
6525000,6530000,3527,5000,1094482.0,6096.53031058
6530000,6535000,3528,5000,1094782.0,6097.5254183
6535000,6540000,3529,5000,1095082.0,6098.37590089
6540000,6545000,3530,5000,1095382.0,6099.34209781
6545000,6550000,3531,5000,1095682.0,6100.19959738
6550000,6555000,3532,5000,1095982.0,6101.06196173
6555000,6560000,3533,5000,1096283.0,6102.04818942
6560000,6565000,3534,5000,1096583.0,6102.89433906
6565000,6570000,3535,5000,1096883.0,6103.7214733
6570000,6575000,3536,5000,1097183.0,6104.58043872
6575000,6580000,3537,5000,1097483.0,6105.56699714
6580000,6585000,3538,5000,1097784.0,6106.13475674
6585000,6590000,3539,5000,1098084.0,6106.3393096
6590000,6595000,3540,5000,1098384.0,6106.96853186
6595000,6600000,3541,5000,1098684.0,6107.36334114
6600000,6605000,3542,5000,1098984.0,6107.77211638
6605000,6610000,3543,5000,1099284.0,6108.06030095
6610000,6615000,3544,5000,1099585.0,6108.58813108
6615000,6620000,3545,5000,1099885.0,6109.22132739
6620000,6625000,3546,5000,1100185.0,6109.73111295
6625000,6630000,3547,5000,1100485.0,6110.2905155
6630000,6635000,3548,5000,1100785.0,6110.83695267
6635000,6640000,3549,5000,1101085.0,6111.39428541
6640000,6645000,3550,5000,1101385.0,6111.38653718
6645000,6650000,3551,5000,1101686.0,6111.59603617
6650000,6655000,3552,5000,1101986.0,6111.62068265
6655000,6660000,3553,5000,1102286.0,6111.77356597
6660000,6665000,3554,5000,1102586.0,6112.76859057
6665000,6670000,3555,5000,1102886.0,6113.61200107
6670000,6675000,3556,5000,1103186.0,6114.43160024
6675000,6680000,3557,5000,1103487.0,6115.27559976
6680000,6685000,3558,5000,1103787.0,6116.11273999
6685000,6690000,3559,5000,1104087.0,6116.87445551
6690000,6695000,3560,5000,1104387.0,6117.34435433
6695000,6700000,3561,5000,1104687.0,6118.18139803
6700000,6705000,3562,5000,1104988.0,6118.64737759
6705000,6710000,3563,5000,1105288.0,6119.19924682
6710000,6715000,3564,5000,1105588.0,6119.63503091
6715000,6720000,3565,5000,1105888.0,6120.05079233
6720000,6725000,3566,5000,1106188.0,6118.57731777
6725000,6730000,3567,5000,1106488.0,6118.16443654
6730000,6735000,3568,5000,1106789.0,6118.10896393
6735000,6740000,3569,5000,1107089.0,6117.9614718
6740000,6745000,3570,5000,1107389.0,6117.6836492
6745000,6750000,3571,5000,1107689.0,6117.52469264
6750000,6755000,3572,5000,1107989.0,6117.23697619
6755000,6760000,3573,5000,1108289.0,6116.8285126
6760000,6765000,3574,5000,1108590.0,6116.39921874
6765000,6770000,3575,5000,1108890.0,6116.41954608
6770000,6775000,3576,5000,1109190.0,6116.20023023
6775000,6780000,3577,5000,1109490.0,6115.93884137
6780000,6785000,3578,5000,1109790.0,6116.64072004
6785000,6790000,3579,5000,1110090.0,6117.1194914
6790000,6795000,3580,5000,1110391.0,6117.36864791
6795000,6800000,3581,5000,1110691.0,6117.19451877
6800000,6805000,3582,5000,1110991.0,6117.59454784
6805000,6810000,3583,5000,1111291.0,6118.17566191
6810000,6815000,3584,5000,1111591.0,6119.13799445
6815000,6820000,3585,5000,1111891.0,6120.09159688
6820000,6825000,3586,5000,1112191.0,6120.93067572
6825000,6830000,3587,5000,1112491.0,6121.78465532
6830000,6835000,3588,5000,1112792.0,6122.63754558
6835000,6840000,3589,5000,1113092.0,6123.48569059
6840000,6845000,3590,5000,1113392.0,6124.31222491
6845000,6850000,3591,5000,1113692.0,6124.87952593
6850000,6855000,3592,5000,1113992.0,6125.72743595
6855000,6860000,3593,5000,1114292.0,6126.00220471
6860000,6865000,3594,5000,1114592.0,6126.48542153
6865000,6870000,3595,5000,1114893.0,6127.06819037
6870000,6875000,3596,5000,1115193.0,6127.62998452
6875000,6880000,3597,5000,1115493.0,6128.45738766
6880000,6885000,3598,5000,1115793.0,6129.03013457
6885000,6890000,3599,5000,1116093.0,6129.84227693
6890000,6895000,3600,5000,1116393.0,6130.1584051
6895000,6900000,3601,5000,1116694.0,6130.54728879
6900000,6905000,3602,5000,1116994.0,6130.72462558
6905000,6910000,3603,5000,1117294.0,6130.76532516
6910000,6915000,3604,5000,1117594.0,6131.34137084
6915000,6920000,3605,5000,1117894.0,6131.90826609
6920000,6925000,3606,5000,1118194.0,6131.95538945
6925000,6930000,3607,5000,1118494.0,6131.77490682
6930000,6935000,3608,5000,1118795.0,6132.26706194
6935000,6940000,3609,5000,1119095.0,6132.39762734
6940000,6945000,3610,5000,1119395.0,6132.13343391
6945000,6950000,3611,5000,1119695.0,6132.44885186
6950000,6955000,3612,5000,1119995.0,6133.37560189
6955000,6960000,3613,5000,1120295.0,6133.99267201
6960000,6965000,3614,5000,1120595.0,6134.20554946
6965000,6970000,3615,5000,1120896.0,6134.83162973
6970000,6975000,3616,5000,1121196.0,6135.63397631
6975000,6980000,3617,5000,1121496.0,6136.05711029
6980000,6985000,3618,5000,1121796.0,6136.91045571
6985000,6990000,3619,5000,1122096.0,6137.64010018
6990000,6995000,3620,5000,1122396.0,6138.47779824
6995000,7000000,3621,5000,1122697.0,6139.32060943
7000000,7005000,3622,5000,1122997.0,6140.16769775
7005000,7010000,3623,5000,1123315.0,6140.70764468
7010000,7015000,3624,5000,1123633.0,6141.74153053
7015000,7020000,3625,5000,1123951.0,6142.52322303
7020000,7025000,3626,5000,1124269.0,6143.4436942
7025000,7030000,3627,5000,1124587.0,6144.3758623
7030000,7035000,3628,5000,1124905.0,6145.4294265
7035000,7040000,3629,5000,1125224.0,6146.34045205
7040000,7045000,3630,5000,1125542.0,6147.25191707
7045000,7050000,3631,5000,1125860.0,6148.15004164
7050000,7055000,3632,5000,1126178.0,6148.96690605
7055000,7060000,3633,5000,1126496.0,6149.69852037
7060000,7065000,3634,5000,1126814.0,6150.52823256
7065000,7070000,3635,5000,1127132.0,6151.26124557
7070000,7075000,3636,5000,1127450.0,6151.51150842
7075000,7080000,3637,5000,1127768.0,6152.4294961
7080000,7085000,3638,5000,1128087.0,6153.0697983
7085000,7090000,3639,5000,1128405.0,6153.72133251
7090000,7095000,3640,5000,1128723.0,6154.3581725
7095000,7100000,3641,5000,1129041.0,6154.99039352
7100000,7105000,3642,5000,1129359.0,6155.62865176
7105000,7110000,3643,5000,1129677.0,6156.07493552
7110000,7115000,3644,5000,1129995.0,6156.71672082
7115000,7120000,3645,5000,1130314.0,6157.41721903
7120000,7125000,3646,5000,1130631.0,6157.86987728
7125000,7130000,3647,5000,1130950.0,6158.57139761
7130000,7135000,3648,5000,1131268.0,6159.58013194
7135000,7140000,3649,5000,1131586.0,6160.46014535
7140000,7145000,3650,5000,1131904.0,6161.35148601
7145000,7150000,3651,5000,1132222.0,6162.25998361
7150000,7155000,3652,5000,1132540.0,6163.14752015
7155000,7160000,3653,5000,1132858.0,6164.06992632
7160000,7165000,3654,5000,1133176.0,6165.10173463
7165000,7170000,3655,5000,1133494.0,6166.01906901
7170000,7175000,3656,5000,1133812.0,6166.50590231
7175000,7180000,3657,5000,1134131.0,6166.47713158
7180000,7185000,3658,5000,1134449.0,6166.53787334
7185000,7190000,3659,5000,1134767.0,6167.1375515
7190000,7195000,3660,5000,1135085.0,6168.05316286
7195000,7200000,3661,5000,1135403.0,6168.67921509
7200000,7205000,3662,5000,1135721.0,6169.05475453
7205000,7210000,3663,5000,1136039.0,6169.63444473
7210000,7215000,3664,5000,1136357.0,6170.21275314
7215000,7220000,3665,5000,1136675.0,6170.53638197
7220000,7225000,3666,5000,1136993.0,6170.84573031
7225000,7230000,3667,5000,1137312.0,6171.5185799
7230000,7235000,3668,5000,1137630.0,6172.35304926
7235000,7240000,3669,5000,1137948.0,6173.10662943
7240000,7245000,3670,5000,1138266.0,6173.6382382
7245000,7250000,3671,5000,1138584.0,6174.28615446
7250000,7255000,3672,5000,1138902.0,6174.74287844
7255000,7260000,3673,5000,1139221.0,6175.21421271
7260000,7265000,3674,5000,1139539.0,6175.69111496
7265000,7270000,3675,5000,1139857.0,6176.1815799
7270000,7275000,3676,5000,1140175.0,6176.49822734
7275000,7280000,3677,5000,1140493.0,6176.94626308
7280000,7285000,3678,5000,1140811.0,6177.62530531
7285000,7290000,3679,5000,1141129.0,6178.16526443
7290000,7295000,3680,5000,1141447.0,6178.45498467
7295000,7300000,3681,5000,1141765.0,6179.09193546
7300000,7305000,3682,5000,1142084.0,6179.74737945
7305000,7310000,3683,5000,1142402.0,6180.40369927
7310000,7315000,3684,5000,1142720.0,6180.78792982
7315000,7320000,3685,5000,1143038.0,6181.18700058
7320000,7325000,3686,5000,1143356.0,6181.66089814
7325000,7330000,3687,5000,1143674.0,6181.97745248
7330000,7335000,3688,5000,1143992.0,6182.24771907
7335000,7340000,3689,5000,1144310.0,6182.75078079
7340000,7345000,3690,5000,1144628.0,6182.82653824
7345000,7350000,3691,5000,1144947.0,6183.02675494
7350000,7355000,3692,5000,1145265.0,6183.6346504
7355000,7360000,3693,5000,1145583.0,6184.63282234
7360000,7365000,3694,5000,1145901.0,6185.62901888
7365000,7370000,3695,5000,1146219.0,6185.96833932
7370000,7375000,3696,5000,1146537.0,6186.57185175
7375000,7380000,3697,5000,1146855.0,6187.5713809
7380000,7385000,3698,5000,1147173.0,6188.61050087
7385000,7390000,3699,5000,1147491.0,6189.50009614
7390000,7395000,3700,5000,1147810.0,6190.10660939
7395000,7400000,3701,5000,1148128.0,6190.69081553
7400000,7405000,3702,5000,1148446.0,6191.32237211
7405000,7410000,3703,5000,1148764.0,6192.08594471
7410000,7415000,3704,5000,1149082.0,6192.87470682
7415000,7420000,3705,5000,1149400.0,6192.58581546
7420000,7425000,3706,5000,1149719.0,6192.87381389
7425000,7430000,3707,5000,1150037.0,6193.21412637
7430000,7435000,3708,5000,1150355.0,6193.84142156
7435000,7440000,3709,5000,1150673.0,6193.90464085
7440000,7445000,3710,5000,1150991.0,6193.73091804
7445000,7450000,3711,5000,1151309.0,6194.31139478
7450000,7455000,3712,5000,1151627.0,6194.5740256
7455000,7460000,3713,5000,1151945.0,6194.85253031
7460000,7465000,3714,5000,1152263.0,6194.19744856
7465000,7470000,3715,5000,1152582.0,6194.82446824
7470000,7475000,3716,5000,1152900.0,6195.8592207
7475000,7480000,3717,5000,1153218.0,6196.89781281
7480000,7485000,3718,5000,1153536.0,6197.76444968
7485000,7490000,3719,5000,1153854.0,6198.02934276
7490000,7495000,3720,5000,1154172.0,6198.81051005
7495000,7500000,3721,5000,1154490.0,6199.34212547
7500000,7505000,3722,5000,1154809.0,6199.87931269
7505000,7510000,3723,5000,1155127.0,6200.16165007
7510000,7515000,3724,5000,1155445.0,6200.67725479
7515000,7520000,3725,5000,1155763.0,6201.26316031
7520000,7525000,3726,5000,1156081.0,6202.074264
7525000,7530000,3727,5000,1156399.0,6202.59651655
7530000,7535000,3728,5000,1156717.0,6203.37169312
7535000,7540000,3729,5000,1157036.0,6203.98360915
7540000,7545000,3730,5000,1157354.0,6204.59519747
7545000,7550000,3731,5000,1157672.0,6204.86364537
7550000,7555000,3732,5000,1157990.0,6204.66374164
7555000,7560000,3733,5000,1158308.0,6203.0602335
7560000,7565000,3734,5000,1158626.0,6202.79227298
7565000,7570000,3735,5000,1158944.0,6203.81611043
7570000,7575000,3736,5000,1159262.0,6204.70857171
7575000,7580000,3737,5000,1159580.0,6205.73059214
7580000,7585000,3738,5000,1159899.0,6206.60539717
7585000,7590000,3739,5000,1160217.0,6207.4753775
7590000,7595000,3740,5000,1160535.0,6208.06735431
7595000,7600000,3741,5000,1160853.0,6208.67838163
7600000,7605000,3742,5000,1161171.0,6208.7134644
7605000,7610000,3743,5000,1161489.0,6209.44633056
7610000,7615000,3744,5000,1161807.0,6209.9412626
7615000,7620000,3745,5000,1162126.0,6210.43265837
7620000,7625000,3746,5000,1162444.0,6210.74911462
7625000,7630000,3747,5000,1162762.0,6211.21021967
7630000,7635000,3748,5000,1163080.0,6211.79322607
7635000,7640000,3749,5000,1163398.0,6212.46326968
7640000,7645000,3750,5000,1163716.0,6212.84112561
7645000,7650000,3751,5000,1164035.0,6213.68935052
7650000,7655000,3752,5000,1164353.0,6214.13549409
7655000,7660000,3753,5000,1164671.0,6214.50986152
7660000,7665000,3754,5000,1164989.0,6215.21092957
7665000,7670000,3755,5000,1165307.0,6215.73350151
7670000,7675000,3756,5000,1165625.0,6216.09638042
7675000,7680000,3757,5000,1165943.0,6216.53540846
7680000,7685000,3758,5000,1166262.0,6217.07267727
7685000,7690000,3759,5000,1166580.0,6218.01685714
7690000,7695000,3760,5000,1166898.0,6219.03554801
7695000,7700000,3761,5000,1167216.0,6219.92130174
7700000,7705000,3762,5000,1167534.0,6220.81199334
7705000,7710000,3763,5000,1167852.0,6221.42536199
7710000,7715000,3764,5000,1168170.0,6221.77411126
7715000,7720000,3765,5000,1168488.0,6222.65575027
7720000,7725000,3766,5000,1168806.0,6223.32246182
7725000,7730000,3767,5000,1169124.0,6224.31550961
7730000,7735000,3768,5000,1169443.0,6224.97502988
7735000,7740000,3769,5000,1169761.0,6225.59729882
7740000,7745000,3770,5000,1170079.0,6226.46429659
7745000,7750000,3771,5000,1170397.0,6226.66534079
7750000,7755000,3772,5000,1170715.0,6227.44429418
7755000,7760000,3773,5000,1171033.0,6228.06103426
7760000,7765000,3774,5000,1171351.0,6228.42190901
7765000,7770000,3775,5000,1171669.0,6228.93565846
7770000,7775000,3776,5000,1171988.0,6228.90601405
7775000,7780000,3777,5000,1172306.0,6229.25620414
7780000,7785000,3778,5000,1172624.0,6229.76616377
7785000,7790000,3779,5000,1172942.0,6229.41890009
7790000,7795000,3780,5000,1173260.0,6229.07523805
7795000,7800000,3781,5000,1173578.0,6229.1543898
7800000,7805000,3782,5000,1173896.0,6229.36178975
7805000,7810000,3783,5000,1174214.0,6229.67300231
7810000,7815000,3784,5000,1174532.0,6229.38987485
7815000,7820000,3785,5000,1174851.0,6229.83669711
7820000,7825000,3786,5000,1175169.0,6230.02857478
7825000,7830000,3787,5000,1175487.0,6230.72740198
7830000,7835000,3788,5000,1175805.0,6231.61164409
7835000,7840000,3789,5000,1176123.0,6232.49886367
7840000,7845000,3790,5000,1176441.0,6233.22832464
7845000,7850000,3791,5000,1176759.0,6234.09114259
7850000,7855000,3792,5000,1177078.0,6234.96946327
7855000,7860000,3793,5000,1177396.0,6235.85963749
7860000,7865000,3794,5000,1177714.0,6236.63191236
7865000,7870000,3795,5000,1178032.0,6237.51079655
7870000,7875000,3796,5000,1178350.0,6238.38581601
7875000,7880000,3797,5000,1178668.0,6239.2312847
7880000,7885000,3798,5000,1178986.0,6240.02963528
7885000,7890000,3799,5000,1179304.0,6241.00589943
7890000,7895000,3800,5000,1179622.0,6241.10146957
7895000,7900000,3801,5000,1179940.0,6241.64285357
7900000,7905000,3802,5000,1180259.0,6242.27295244
7905000,7910000,3803,5000,1180576.0,6242.48481817
7910000,7915000,3804,5000,1180894.0,6243.48136673
7915000,7920000,3805,5000,1181213.0,6244.08623844
7920000,7925000,3806,5000,1181531.0,6244.16237486
7925000,7930000,3807,5000,1181849.0,6244.74343551
7930000,7935000,3808,5000,1182167.0,6245.62142428
7935000,7940000,3809,5000,1182485.0,6245.78246163
7940000,7945000,3810,5000,1182803.0,6246.66674724
7945000,7950000,3811,5000,1183121.0,6247.27716847
7950000,7955000,3812,5000,1183439.0,6247.486201
7955000,7960000,3813,5000,1183758.0,6247.64534219
7960000,7965000,3814,5000,1184076.0,6247.7904991
7965000,7970000,3815,5000,1184394.0,6247.94777273
7970000,7975000,3816,5000,1184712.0,6247.65827866
7975000,7980000,3817,5000,1185030.0,6248.61802263
7980000,7985000,3818,5000,1185348.0,6248.3303502
7985000,7990000,3819,5000,1185666.0,6248.02379112
7990000,7995000,3820,5000,1185984.0,6249.0204818
7995000,8000000,3821,5000,1186302.0,6249.65098655
8000000,8005000,3822,5000,1186620.0,6250.49129394
8005000,8010000,3823,5000,1186931.0,6251.22319554
8010000,8015000,3824,5000,1187243.0,6251.91537864
8015000,8020000,3825,5000,1187554.0,6251.59254422
8020000,8025000,3826,5000,1187865.0,6252.14274025
8025000,8030000,3827,5000,1188176.0,6252.70259053
8030000,8035000,3828,5000,1188487.0,6252.56398739
8035000,8040000,3829,5000,1188798.0,6252.45328803
8040000,8045000,3830,5000,1189109.0,6251.15549301
8045000,8050000,3831,5000,1189420.0,6248.43601813
8050000,8055000,3832,5000,1189731.0,6249.28229117
8055000,8060000,3833,5000,1190042.0,6249.85170403
8060000,8065000,3834,5000,1190353.0,6250.41948325
8065000,8070000,3835,5000,1190663.0,6250.97266449
8070000,8075000,3836,5000,1190974.0,6251.81121592
8075000,8080000,3837,5000,1191286.0,6252.46049705
8080000,8085000,3838,5000,1191597.0,6252.81872517
8085000,8090000,3839,5000,1191908.0,6253.3661676
8090000,8095000,3840,5000,1192219.0,6253.95980964
8095000,8100000,3841,5000,1192530.0,6254.44247972
8100000,8105000,3842,5000,1192841.0,6254.74737181
8105000,8110000,3843,5000,1193152.0,6255.34136632
8110000,8115000,3844,5000,1193463.0,6254.07162701
8115000,8120000,3845,5000,1193774.0,6253.02584862
8120000,8125000,3846,5000,1194085.0,6253.70593412
8125000,8130000,3847,5000,1194396.0,6253.52109201
8130000,8135000,3848,5000,1194707.0,6254.31964902
8135000,8140000,3849,5000,1195018.0,6254.88646469
8140000,8145000,3850,5000,1195329.0,6255.70748519
8145000,8150000,3851,5000,1195640.0,6256.26007371
8150000,8155000,3852,5000,1195951.0,6256.87179331
8155000,8160000,3853,5000,1196262.0,6257.70812238
8160000,8165000,3854,5000,1196573.0,6258.27049211
8165000,8170000,3855,5000,1196884.0,6258.52725907
8170000,8175000,3856,5000,1197195.0,6259.07866822
8175000,8180000,3857,5000,1197506.0,6258.02973908
8180000,8185000,3858,5000,1197817.0,6256.57485231
8185000,8190000,3859,5000,1198127.0,6257.48903005
8190000,8195000,3860,5000,1198438.0,6258.31280386
8195000,8200000,3861,5000,1198749.0,6258.42052576
8200000,8205000,3862,5000,1199060.0,6258.10750668
8205000,8210000,3863,5000,1199371.0,6257.01521792
8210000,8215000,3864,5000,1199682.0,6255.93304646
8215000,8220000,3865,5000,1199993.0,6256.45295403
8220000,8225000,3866,5000,1200304.0,6256.75584953
8225000,8230000,3867,5000,1200615.0,6257.71161788
8230000,8235000,3868,5000,1200926.0,6258.54486011
8235000,8240000,3869,5000,1201237.0,6259.50093189
8240000,8245000,3870,5000,1201548.0,6260.32799318
8245000,8250000,3871,5000,1201859.0,6261.15699123
8250000,8255000,3872,5000,1202170.0,6261.40931097
8255000,8260000,3873,5000,1202481.0,6262.22595925
8260000,8265000,3874,5000,1202792.0,6262.77422979
8265000,8270000,3875,5000,1203103.0,6263.01110233
8270000,8275000,3876,5000,1203414.0,6263.43380954
8275000,8280000,3877,5000,1203725.0,6264.23298531
8280000,8285000,3878,5000,1204036.0,6264.99684494
8285000,8290000,3879,5000,1204347.0,6265.76320092
8290000,8295000,3880,5000,1204658.0,6266.53909462
8295000,8300000,3881,5000,1204969.0,6266.19257847
8300000,8305000,3882,5000,1205280.0,6264.81890255
8305000,8310000,3883,5000,1205591.0,6264.61089487
8310000,8315000,3884,5000,1205902.0,6265.5343728
8315000,8320000,3885,5000,1206213.0,6266.11717992
8320000,8325000,3886,5000,1206524.0,6266.91328973
8325000,8330000,3887,5000,1206835.0,6267.34407969
8330000,8335000,3888,5000,1207146.0,6267.87820619
8335000,8340000,3889,5000,1207457.0,6268.37475228
8340000,8345000,3890,5000,1207768.0,6268.8899959
8345000,8350000,3891,5000,1208079.0,6269.43576926
8350000,8355000,3892,5000,1208390.0,6270.3693993
8355000,8360000,3893,5000,1208701.0,6270.78323905
8360000,8365000,3894,5000,1209012.0,6271.6018618
8365000,8370000,3895,5000,1209323.0,6272.42662971
8370000,8375000,3896,5000,1209634.0,6272.95874906
8375000,8380000,3897,5000,1209945.0,6273.48034741
8380000,8385000,3898,5000,1210256.0,6273.75335201
8385000,8390000,3899,5000,1210567.0,6274.53915894
8390000,8395000,3900,5000,1210878.0,6275.48494011
8395000,8400000,3901,5000,1211189.0,6276.43055155
8400000,8405000,3902,5000,1211500.0,6277.25249213
8405000,8410000,3903,5000,1211811.0,6277.80902289
8410000,8415000,3904,5000,1212122.0,6278.0783059
8415000,8420000,3905,5000,1212433.0,6278.80613467
8420000,8425000,3906,5000,1212744.0,6279.58010188
8425000,8430000,3907,5000,1213055.0,6279.70719021
8430000,8435000,3908,5000,1213366.0,6279.31222853
8435000,8440000,3909,5000,1213677.0,6279.84597102
8440000,8445000,3910,5000,1213988.0,6280.38022014
8445000,8450000,3911,5000,1214299.0,6281.30594851
8450000,8455000,3912,5000,1214609.0,6282.11706549
8455000,8460000,3913,5000,1214920.0,6282.66792096
8460000,8465000,3914,5000,1215231.0,6283.19276787
8465000,8470000,3915,5000,1215542.0,6283.74186839
8470000,8475000,3916,5000,1215853.0,6284.28664856
8475000,8480000,3917,5000,1216164.0,6284.31209599
8480000,8485000,3918,5000,1216475.0,6285.23878166
8485000,8490000,3919,5000,1216786.0,6285.69480359
8490000,8495000,3920,5000,1217097.0,6286.06358383
8495000,8500000,3921,5000,1217408.0,6286.44701682
8500000,8505000,3922,5000,1217719.0,6286.84562297
8505000,8510000,3923,5000,1218030.0,6287.21911488
8510000,8515000,3924,5000,1218341.0,6287.82464671
8515000,8520000,3925,5000,1218652.0,6288.37935875
8520000,8525000,3926,5000,1218963.0,6289.06452224
8525000,8530000,3927,5000,1219274.0,6289.36735215
8530000,8535000,3928,5000,1219585.0,6288.99073791
8535000,8540000,3929,5000,1219896.0,6288.64638246
8540000,8545000,3930,5000,1220207.0,6289.15491801
8545000,8550000,3931,5000,1220518.0,6289.67863157
8550000,8555000,3932,5000,1220829.0,6290.61772348
8555000,8560000,3933,5000,1221140.0,6291.43693723
8560000,8565000,3934,5000,1221451.0,6292.37682571
8565000,8570000,3935,5000,1221762.0,6293.31595987
8570000,8575000,3936,5000,1222073.0,6293.86674688
8575000,8580000,3937,5000,1222384.0,6294.35984958
8580000,8585000,3938,5000,1222695.0,6294.88742528
8585000,8590000,3939,5000,1223006.0,6294.75521274
8590000,8595000,3940,5000,1223317.0,6295.67336579
8595000,8600000,3941,5000,1223628.0,6296.45553167
8600000,8605000,3942,5000,1223939.0,6296.71975159
8605000,8610000,3943,5000,1224250.0,6297.38619856
8610000,8615000,3944,5000,1224561.0,6297.84918394
8615000,8620000,3945,5000,1224871.0,6298.3992021
8620000,8625000,3946,5000,1225182.0,6298.59421348
8625000,8630000,3947,5000,1225494.0,6299.12380598
8630000,8635000,3948,5000,1225804.0,6299.65701866
8635000,8640000,3949,5000,1226116.0,6300.43597473
8640000,8645000,3950,5000,1226427.0,6300.9582462
8645000,8650000,3951,5000,1226738.0,6300.94250266
8650000,8655000,3952,5000,1227049.0,6301.47252754
8655000,8660000,3953,5000,1227360.0,6302.40793576
8660000,8665000,3954,5000,1227671.0,6303.18919895
8665000,8670000,3955,5000,1227981.0,6304.08762343
8670000,8675000,3956,5000,1228292.0,6304.87550392
8675000,8680000,3957,5000,1228603.0,6305.39454716
8680000,8685000,3958,5000,1228914.0,6306.19484732
8685000,8690000,3959,5000,1229225.0,6306.98881959
8690000,8695000,3960,5000,1229536.0,6307.78786726
8695000,8700000,3961,5000,1229847.0,6308.31768419
8700000,8705000,3962,5000,1230158.0,6308.85531388
8705000,8710000,3963,5000,1230469.0,6309.64172243
8710000,8715000,3964,5000,1230780.0,6310.42608586
8715000,8720000,3965,5000,1231091.0,6311.2182395
8720000,8725000,3966,5000,1231402.0,6312.00316439
8725000,8730000,3967,5000,1231713.0,6312.7760241
8730000,8735000,3968,5000,1232024.0,6313.28306175
8735000,8740000,3969,5000,1232334.0,6313.26917508
8740000,8745000,3970,5000,1232646.0,6314.20090477
8745000,8750000,3971,5000,1232957.0,6314.9687264
8750000,8755000,3972,5000,1233268.0,6315.747606
8755000,8760000,3973,5000,1233579.0,6316.66196108
8760000,8765000,3974,5000,1233890.0,6317.31345376
8765000,8770000,3975,5000,1234201.0,6318.01818212
8770000,8775000,3976,5000,1234512.0,6318.94648991
8775000,8780000,3977,5000,1234823.0,6319.71928441
8780000,8785000,3978,5000,1235134.0,6320.51962404
8785000,8790000,3979,5000,1235445.0,6320.95372521
8790000,8795000,3980,5000,1235756.0,6321.46533501
8795000,8800000,3981,5000,1236067.0,6321.97632299
8800000,8805000,3982,5000,1236378.0,6322.40992999
8805000,8810000,3983,5000,1236689.0,6322.91449474
8810000,8815000,3984,5000,1237000.0,6323.35414208
8815000,8820000,3985,5000,1237311.0,6323.7137601
8820000,8825000,3986,5000,1237622.0,6324.07667448
8825000,8830000,3987,5000,1237933.0,6324.74256384
8830000,8835000,3988,5000,1238244.0,6325.2036266
8835000,8840000,3989,5000,1238555.0,6325.74923929
8840000,8845000,3990,5000,1238866.0,6326.20961788
8845000,8850000,3991,5000,1239177.0,6326.91551714
8850000,8855000,3992,5000,1239488.0,6327.59305512
8855000,8860000,3993,5000,1239799.0,6328.25990147
8860000,8865000,3994,5000,1240110.0,6328.78708636
8865000,8870000,3995,5000,1240421.0,6329.1750609
8870000,8875000,3996,5000,1240732.0,6329.61080467
8875000,8880000,3997,5000,1241043.0,6330.15523889
8880000,8885000,3998,5000,1241354.0,6330.71372655
8885000,8890000,3999,5000,1241665.0,6330.93320906
8890000,8895000,4000,5000,1241976.0,6329.5891787
8895000,8900000,4001,5000,1242287.0,6328.16235679
8900000,8905000,4002,5000,1242598.0,6326.94682757
8905000,8910000,4003,5000,1242909.0,6324.29491927
8910000,8915000,4004,5000,1243220.0,6321.67388797
8915000,8920000,4005,5000,1243531.0,6320.29504401
8920000,8925000,4006,5000,1243842.0,6317.3787535
8925000,8930000,4007,5000,1244153.0,6315.92793952
8930000,8935000,4008,5000,1244464.0,6314.90686046
8935000,8940000,4009,5000,1244775.0,6315.82450357
8940000,8945000,4010,5000,1245086.0,6316.58518137
8945000,8950000,4011,5000,1245397.0,6317.3644419
8950000,8955000,4012,5000,1245708.0,6318.2719775
8955000,8960000,4013,5000,1246019.0,6319.05629147
8960000,8965000,4014,5000,1246330.0,6319.97321016
8965000,8970000,4015,5000,1246641.0,6320.89836544
8970000,8975000,4016,5000,1246952.0,6321.40968013
8975000,8980000,4017,5000,1247263.0,6321.41394163
8980000,8985000,4018,5000,1247574.0,6322.07277542
8985000,8990000,4019,5000,1247885.0,6322.8483491
8990000,8995000,4020,5000,1248196.0,6323.60597542
8995000,9000000,4021,5000,1248507.0,6324.35338463
9000000,9005000,4022,5000,1248818.0,6324.86482396
9005000,9010000,4023,5000,1249116.0,6325.71962592
9010000,9015000,4024,5000,1249414.0,6326.59684386
9015000,9020000,4025,5000,1249712.0,6327.32177556
9020000,9025000,4026,5000,1250010.0,6328.06210108
9025000,9030000,4027,5000,1250308.0,6328.81118303
9030000,9035000,4028,5000,1250607.0,6329.55697401
9035000,9040000,4029,5000,1250905.0,6330.30226659
9040000,9045000,4030,5000,1251203.0,6330.82590121
9045000,9050000,4031,5000,1251501.0,6331.62861854
9050000,9055000,4032,5000,1251799.0,6332.36795814
9055000,9060000,4033,5000,1252097.0,6333.08927785
9060000,9065000,4034,5000,1252395.0,6333.80910495
9065000,9070000,4035,5000,1252693.0,6334.6842467
9070000,9075000,4036,5000,1252991.0,6335.44077079
9075000,9080000,4037,5000,1253289.0,6335.51058675
9080000,9085000,4038,5000,1253588.0,6335.85690582
9085000,9090000,4039,5000,1253886.0,6336.6071649
9090000,9095000,4040,5000,1254184.0,6337.36147468
9095000,9100000,4041,5000,1254482.0,6337.33485562
9100000,9105000,4042,5000,1254780.0,6336.26747396
9105000,9110000,4043,5000,1255078.0,6334.97842555
9110000,9115000,4044,5000,1255376.0,6334.53644477
9115000,9120000,4045,5000,1255674.0,6335.41803392
9120000,9125000,4046,5000,1255972.0,6336.17069
9125000,9130000,4047,5000,1256270.0,6336.58717409
9130000,9135000,4048,5000,1256569.0,6337.10535714
9135000,9140000,4049,5000,1256867.0,6337.34700902
9140000,9145000,4050,5000,1257165.0,6337.95851613
9145000,9150000,4051,5000,1257463.0,6338.50253389
9150000,9155000,4052,5000,1257761.0,6339.15650956
9155000,9160000,4053,5000,1258059.0,6339.45835728
9160000,9165000,4054,5000,1258357.0,6339.93107206
9165000,9170000,4055,5000,1258655.0,6340.4192213
9170000,9175000,4056,5000,1258953.0,6340.65230367
9175000,9180000,4057,5000,1259251.0,6341.19796146
9180000,9185000,4058,5000,1259550.0,6341.50757766
9185000,9190000,4059,5000,1259848.0,6341.81447127
9190000,9195000,4060,5000,1260146.0,6342.20533413
9195000,9200000,4061,5000,1260444.0,6342.82891663
9200000,9205000,4062,5000,1260742.0,6343.20323446
9205000,9210000,4063,5000,1261040.0,6343.91546055
9210000,9215000,4064,5000,1261338.0,6344.65317481
9215000,9220000,4065,5000,1261636.0,6345.21428903
9220000,9225000,4066,5000,1261934.0,6345.69744616
9225000,9230000,4067,5000,1262232.0,6346.55818466
9230000,9235000,4068,5000,1262530.0,6346.67847946
9235000,9240000,4069,5000,1262828.0,6346.27171666
9240000,9245000,4070,5000,1263126.0,6346.51060253
9245000,9250000,4071,5000,1263424.0,6346.64251977
9250000,9255000,4072,5000,1263722.0,6347.13989219
9255000,9260000,4073,5000,1264020.0,6347.18416854
9260000,9265000,4074,5000,1264318.0,6347.82852889
9265000,9270000,4075,5000,1264616.0,6348.48196354
9270000,9275000,4076,5000,1264915.0,6349.36448146
9275000,9280000,4077,5000,1265213.0,6349.81260735
9280000,9285000,4078,5000,1265511.0,6349.92282898
9285000,9290000,4079,5000,1265809.0,6350.16798254
9290000,9295000,4080,5000,1266107.0,6350.50508846
9295000,9300000,4081,5000,1266405.0,6351.35977879
9300000,9305000,4082,5000,1266703.0,6352.10804003
9305000,9310000,4083,5000,1267001.0,6352.61393741
9310000,9315000,4084,5000,1267299.0,6353.14446988
9315000,9320000,4085,5000,1267597.0,6353.5844794
9320000,9325000,4086,5000,1267895.0,6354.41665195
9325000,9330000,4087,5000,1268194.0,6355.12143115
9330000,9335000,4088,5000,1268492.0,6355.85665649
9335000,9340000,4089,5000,1268790.0,6356.32615363
9340000,9345000,4090,5000,1269088.0,6356.46427146
9345000,9350000,4091,5000,1269386.0,6357.32617288
9350000,9355000,4092,5000,1269684.0,6358.06324287
9355000,9360000,4093,5000,1269982.0,6358.61532767
9360000,9365000,4094,5000,1270280.0,6358.75227852
9365000,9370000,4095,5000,1270578.0,6359.2776467
9370000,9375000,4096,5000,1270876.0,6359.88954114
9375000,9380000,4097,5000,1271174.0,6360.39956068
9380000,9385000,4098,5000,1271472.0,6360.79104469
9385000,9390000,4099,5000,1271770.0,6361.28994055
9390000,9395000,4100,5000,1272068.0,6361.98037402
9395000,9400000,4101,5000,1272366.0,6362.54006049
9400000,9405000,4102,5000,1272665.0,6363.27584521
9405000,9410000,4103,5000,1272963.0,6364.13149721
9410000,9415000,4104,5000,1273261.0,6364.86753042
9415000,9420000,4105,5000,1273559.0,6365.59473397
9420000,9425000,4106,5000,1273857.0,6366.3233867
9425000,9430000,4107,5000,1274155.0,6367.05772146
9430000,9435000,4108,5000,1274453.0,6367.52406609
9435000,9440000,4109,5000,1274751.0,6367.99594925
9440000,9445000,4110,5000,1275049.0,6368.59669883
9445000,9450000,4111,5000,1275347.0,6369.3235293
9450000,9455000,4112,5000,1275645.0,6369.80021335
9455000,9460000,4113,5000,1275943.0,6369.96468661
9460000,9465000,4114,5000,1276241.0,6370.50061594
9465000,9470000,4115,5000,1276539.0,6370.80558257
9470000,9475000,4116,5000,1276838.0,6371.3263601
9475000,9480000,4117,5000,1277136.0,6371.86719878
9480000,9485000,4118,5000,1277434.0,6372.36314626
9485000,9490000,4119,5000,1277732.0,6372.75300498
9490000,9495000,4120,5000,1278030.0,6372.99025048
9495000,9500000,4121,5000,1278328.0,6373.05600984
9500000,9505000,4122,5000,1278626.0,6373.22139458
9505000,9510000,4123,5000,1278924.0,6372.06391339
9510000,9515000,4124,5000,1279222.0,6370.85595896
9515000,9520000,4125,5000,1279520.0,6369.7075627
9520000,9525000,4126,5000,1279818.0,6368.41380222
9525000,9530000,4127,5000,1280116.0,6366.99340936
9530000,9535000,4128,5000,1280414.0,6365.79674037
9535000,9540000,4129,5000,1280712.0,6362.79762986
9540000,9545000,4130,5000,1281010.0,6361.49115541
9545000,9550000,4131,5000,1281308.0,6360.22914331
9550000,9555000,4132,5000,1281606.0,6360.51482496
9555000,9560000,4133,5000,1281904.0,6360.91706208
9560000,9565000,4134,5000,1282203.0,6361.74756434
9565000,9570000,4135,5000,1282501.0,6362.46955592
9570000,9575000,4136,5000,1282799.0,6363.16565402
9575000,9580000,4137,5000,1283097.0,6363.88162086
9580000,9585000,4138,5000,1283395.0,6364.58283983
9585000,9590000,4139,5000,1283693.0,6365.02460455
9590000,9595000,4140,5000,1283991.0,6365.45597808
9595000,9600000,4141,5000,1284289.0,6365.51232716
9600000,9605000,4142,5000,1284587.0,6366.04522043
9605000,9610000,4143,5000,1284885.0,6366.51650794
9610000,9615000,4144,5000,1285183.0,6367.04142575
9615000,9620000,4145,5000,1285482.0,6367.53877393
9620000,9625000,4146,5000,1285779.0,6368.01178381
9625000,9630000,4147,5000,1286078.0,6368.33459156
9630000,9635000,4148,5000,1286376.0,6368.98427888
9635000,9640000,4149,5000,1286674.0,6369.6375417
9640000,9645000,4150,5000,1286972.0,6370.07197382
9645000,9650000,4151,5000,1287270.0,6369.36532887
9650000,9655000,4152,5000,1287568.0,6368.98263663
9655000,9660000,4153,5000,1287866.0,6368.93216128
9660000,9665000,4154,5000,1288164.0,6369.78984156
9665000,9670000,4155,5000,1288462.0,6370.51371216
9670000,9675000,4156,5000,1288760.0,6371.23787802
9675000,9680000,4157,5000,1289058.0,6371.94213105
9680000,9685000,4158,5000,1289356.0,6372.66448463
9685000,9690000,4159,5000,1289654.0,6373.10316937
9690000,9695000,4160,5000,1289952.0,6373.79768713
9695000,9700000,4161,5000,1290251.0,6374.65139352
9700000,9705000,4162,5000,1290549.0,6375.35910811
9705000,9710000,4163,5000,1290847.0,6376.08016887
9710000,9715000,4164,5000,1291145.0,6376.44170115
9715000,9720000,4165,5000,1291443.0,6376.72932885
9720000,9725000,4166,5000,1291741.0,6377.14680868
9725000,9730000,4167,5000,1292039.0,6377.47610587
9730000,9735000,4168,5000,1292337.0,6378.07992225
9735000,9740000,4169,5000,1292636.0,6378.43855623
9740000,9745000,4170,5000,1292934.0,6378.61366736
9745000,9750000,4171,5000,1293232.0,6379.42168256
9750000,9755000,4172,5000,1293530.0,6380.04135232
9755000,9760000,4173,5000,1293828.0,6380.41211264
9760000,9765000,4174,5000,1294126.0,6380.65240536
9765000,9770000,4175,5000,1294424.0,6381.34372622
9770000,9775000,4176,5000,1294722.0,6381.99345436
9775000,9780000,4177,5000,1295020.0,6382.50621005
9780000,9785000,4178,5000,1295318.0,6382.95256476
9785000,9790000,4179,5000,1295617.0,6383.62824317
9790000,9795000,4180,5000,1295915.0,6384.08109193
9795000,9800000,4181,5000,1296213.0,6384.42335149
9800000,9805000,4182,5000,1296511.0,6384.72779113
9805000,9810000,4183,5000,1296809.0,6384.85537759
9810000,9815000,4184,5000,1297107.0,6385.44855958
9815000,9820000,4185,5000,1297405.0,6385.92687435
9820000,9825000,4186,5000,1297703.0,6385.98561172
9825000,9830000,4187,5000,1298002.0,6386.0527563
9830000,9835000,4188,5000,1298300.0,6386.58737211
9835000,9840000,4189,5000,1298598.0,6387.08853211
9840000,9845000,4190,5000,1298896.0,6387.78077761
9845000,9850000,4191,5000,1299194.0,6388.21016015
9850000,9855000,4192,5000,1299492.0,6388.90364653
9855000,9860000,4193,5000,1299790.0,6389.75534306
9860000,9865000,4194,5000,1300088.0,6390.0613741
9865000,9870000,4195,5000,1300386.0,6390.46665087
9870000,9875000,4196,5000,1300685.0,6390.86801476
9875000,9880000,4197,5000,1300983.0,6389.56303802
9880000,9885000,4198,5000,1301281.0,6388.17317585
9885000,9890000,4199,5000,1301579.0,6388.65475603
9890000,9895000,4200,5000,1301877.0,6389.04629375
9895000,9900000,4201,5000,1302175.0,6389.52912506
9900000,9905000,4202,5000,1302473.0,6390.25332939
9905000,9910000,4203,5000,1302771.0,6391.08826632
9910000,9915000,4204,5000,1303069.0,6391.12731247
9915000,9920000,4205,5000,1303367.0,6391.95408584
9920000,9925000,4206,5000,1303665.0,6392.67010401
9925000,9930000,4207,5000,1303964.0,6393.39126932
9930000,9935000,4208,5000,1304262.0,6393.59618963
9935000,9940000,4209,5000,1304560.0,6393.5307379
9940000,9945000,4210,5000,1304858.0,6394.02476277
9945000,9950000,4211,5000,1305156.0,6394.39190532
9950000,9955000,4212,5000,1305454.0,6394.58721382
9955000,9960000,4213,5000,1305752.0,6395.39873441
9960000,9965000,4214,5000,1306050.0,6396.2444004
9965000,9970000,4215,5000,1306348.0,6397.08237564
9970000,9975000,4216,5000,1306646.0,6397.78746753
9975000,9980000,4217,5000,1306944.0,6398.4835579
9980000,9985000,4218,5000,1307242.0,6399.15610602
9985000,9990000,4219,5000,1307540.0,6399.59824198
9990000,9995000,4220,5000,1307839.0,6400.03147383
9995000,10000000,4221,5000,1308137.0,6400.84744765
10000000,10005000,4222,5000,1308435.0,6401.55661656
10005000,10010000,4223,5000,1308754.0,6402.47528412
10010000,10015000,4224,5000,1309073.0,6403.26774968
10015000,10020000,4225,5000,1309392.0,6403.69722477
10020000,10025000,4226,5000,1309711.0,6404.24899197
10025000,10030000,4227,5000,1310030.0,6404.37750279
10030000,10035000,4228,5000,1310349.0,6404.08764943
10035000,10040000,4229,5000,1310668.0,6404.11077226
10040000,10045000,4230,5000,1310987.0,6404.12753668
10045000,10050000,4231,5000,1311306.0,6404.10891023
10050000,10055000,4232,5000,1311625.0,6404.58828571
10055000,10060000,4233,5000,1311944.0,6405.3767507
10060000,10065000,4234,5000,1312263.0,6406.1696492
10065000,10070000,4235,5000,1312582.0,6406.95598342
10070000,10075000,4236,5000,1312901.0,6407.69399152
10075000,10080000,4237,5000,1313220.0,6408.4640882
10080000,10085000,4238,5000,1313539.0,6408.99608178
10085000,10090000,4239,5000,1313858.0,6409.64925901
10090000,10095000,4240,5000,1314177.0,6409.59051266
10095000,10100000,4241,5000,1314496.0,6409.17442799
10100000,10105000,4242,5000,1314815.0,6409.73750556
10105000,10110000,4243,5000,1315134.0,6410.28940595
10110000,10115000,4244,5000,1315453.0,6410.57885957
10115000,10120000,4245,5000,1315772.0,6410.68535302
10120000,10125000,4246,5000,1316091.0,6410.02160104
10125000,10130000,4247,5000,1316410.0,6410.06354225
10130000,10135000,4248,5000,1316729.0,6410.95961727
10135000,10140000,4249,5000,1317048.0,6411.84930174
10140000,10145000,4250,5000,1317367.0,6412.21244285
10145000,10150000,4251,5000,1317687.0,6413.10438258
10150000,10155000,4252,5000,1318006.0,6413.87123637
10155000,10160000,4253,5000,1318325.0,6413.96781098
10160000,10165000,4254,5000,1318644.0,6414.15763547
10165000,10170000,4255,5000,1318963.0,6414.96033434
10170000,10175000,4256,5000,1319282.0,6415.74999172
10175000,10180000,4257,5000,1319601.0,6416.5483509
10180000,10185000,4258,5000,1319920.0,6417.06567533
10185000,10190000,4259,5000,1320239.0,6416.71355959
10190000,10195000,4260,5000,1320558.0,6417.50748044
10195000,10200000,4261,5000,1320877.0,6418.30714036
10200000,10205000,4262,5000,1321196.0,6419.22232978
10205000,10210000,4263,5000,1321515.0,6420.01519195
10210000,10215000,4264,5000,1321834.0,6420.77075404
10215000,10220000,4265,5000,1322154.0,6421.30494187
10220000,10225000,4266,5000,1322473.0,6422.08074196
10225000,10230000,4267,5000,1322792.0,6422.85252599
10230000,10235000,4268,5000,1323111.0,6423.62732791
10235000,10240000,4269,5000,1323430.0,6424.45134433
10240000,10245000,4270,5000,1323749.0,6424.95649206
10245000,10250000,4271,5000,1324068.0,6425.07621771
10250000,10255000,4272,5000,1324387.0,6425.80388926
10255000,10260000,4273,5000,1324706.0,6426.37479925
10260000,10265000,4274,5000,1325025.0,6427.13982282
10265000,10270000,4275,5000,1325344.0,6427.52442989
10270000,10275000,4276,5000,1325663.0,6427.98563856
10275000,10280000,4277,5000,1325982.0,6428.52006047
10280000,10285000,4278,5000,1326302.0,6428.45534721
10285000,10290000,4279,5000,1326620.0,6428.65657747
10290000,10295000,4280,5000,1326940.0,6429.17751808
10295000,10300000,4281,5000,1327259.0,6429.34717639
10300000,10305000,4282,5000,1327578.0,6429.87891676
10305000,10310000,4283,5000,1327897.0,6430.09385309
10310000,10315000,4284,5000,1328216.0,6430.77893386
10315000,10320000,4285,5000,1328535.0,6431.68723081
10320000,10325000,4286,5000,1328854.0,6432.47127395
10325000,10330000,4287,5000,1329173.0,6432.99164594
10330000,10335000,4288,5000,1329492.0,6433.02452008
10335000,10340000,4289,5000,1329811.0,6433.29026121
10340000,10345000,4290,5000,1330130.0,6433.95407949
10345000,10350000,4291,5000,1330449.0,6434.49761564
10350000,10355000,4292,5000,1330768.0,6435.17696714
10355000,10360000,4293,5000,1331087.0,6435.74387379
10360000,10365000,4294,5000,1331406.0,6436.27092843
10365000,10370000,4295,5000,1331725.0,6436.29267126
10370000,10375000,4296,5000,1332044.0,6436.79613856
10375000,10380000,4297,5000,1332363.0,6436.82648261
10380000,10385000,4298,5000,1332682.0,6436.93469589
10385000,10390000,4299,5000,1333001.0,6437.1255106
10390000,10395000,4300,5000,1333320.0,6437.65332686
10395000,10400000,4301,5000,1333639.0,6438.1811031
10400000,10405000,4302,5000,1333958.0,6438.71772349
10405000,10410000,4303,5000,1334277.0,6438.5433598
10410000,10415000,4304,5000,1334596.0,6439.08574886
10415000,10420000,4305,5000,1334915.0,6439.62067471
10420000,10425000,4306,5000,1335235.0,6440.16271577
10425000,10430000,4307,5000,1335554.0,6440.63344428
10430000,10435000,4308,5000,1335873.0,6440.82374653
10435000,10440000,4309,5000,1336192.0,6441.46119396
10440000,10445000,4310,5000,1336511.0,6442.21388189
10445000,10450000,4311,5000,1336830.0,6442.9896408
10450000,10455000,4312,5000,1337149.0,6443.88806565
10455000,10460000,4313,5000,1337468.0,6444.78901485
10460000,10465000,4314,5000,1337787.0,6445.55348081
10465000,10470000,4315,5000,1338106.0,6446.30546532
10470000,10475000,4316,5000,1338425.0,6446.828438
10475000,10480000,4317,5000,1338744.0,6447.60319353
10480000,10485000,4318,5000,1339063.0,6447.27405601
10485000,10490000,4319,5000,1339382.0,6446.86431087
10490000,10495000,4320,5000,1339701.0,6447.39281646
10495000,10500000,4321,5000,1340021.0,6447.97443578
10500000,10505000,4322,5000,1340340.0,6448.28792996
10505000,10510000,4323,5000,1340659.0,6449.05944408
10510000,10515000,4324,5000,1340978.0,6449.72594205
10515000,10520000,4325,5000,1341297.0,6450.40825051
10520000,10525000,4326,5000,1341616.0,6450.77968643
10525000,10530000,4327,5000,1341935.0,6451.548392
10530000,10535000,4328,5000,1342254.0,6451.93520921
10535000,10540000,4329,5000,1342573.0,6452.1912828
10540000,10545000,4330,5000,1342892.0,6452.82535839
10545000,10550000,4331,5000,1343211.0,6453.52223318
10550000,10555000,4332,5000,1343530.0,6454.01448486
10555000,10560000,4333,5000,1343849.0,6454.54482764
10560000,10565000,4334,5000,1344168.0,6455.44677508
10565000,10570000,4335,5000,1344487.0,6456.23540765
10570000,10575000,4336,5000,1344806.0,6457.01174366
10575000,10580000,4337,5000,1345125.0,6457.79068472
10580000,10585000,4338,5000,1345444.0,6458.54464501
10585000,10590000,4339,5000,1345763.0,6458.90898792
10590000,10595000,4340,5000,1346083.0,6459.41825299
10595000,10600000,4341,5000,1346402.0,6459.8512718
10600000,10605000,4342,5000,1346721.0,6460.52150553
10605000,10610000,4343,5000,1347040.0,6461.26244414
10610000,10615000,4344,5000,1347359.0,6462.03419175
10615000,10620000,4345,5000,1347678.0,6462.55714413
10620000,10625000,4346,5000,1347997.0,6462.90708724
10625000,10630000,4347,5000,1348316.0,6463.39053843
10630000,10635000,4348,5000,1348635.0,6463.61223311
10635000,10640000,4349,5000,1348954.0,6464.49844103
10640000,10645000,4350,5000,1349273.0,6465.24484453
10645000,10650000,4351,5000,1349592.0,6466.12576826
10650000,10655000,4352,5000,1349911.0,6466.88983237
10655000,10660000,4353,5000,1350230.0,6467.76717857
10660000,10665000,4354,5000,1350549.0,6468.64121623
10665000,10670000,4355,5000,1350868.0,6469.15884186
10670000,10675000,4356,5000,1351188.0,6469.69547396
10675000,10680000,4357,5000,1351506.0,6470.46500757
10680000,10685000,4358,5000,1351825.0,6470.97556989
10685000,10690000,4359,5000,1352145.0,6471.88528072
10690000,10695000,4360,5000,1352464.0,6472.40385045
10695000,10700000,4361,5000,1352783.0,6473.29354332
10700000,10705000,4362,5000,1353102.0,6474.03806501
10705000,10710000,4363,5000,1353421.0,6474.79002095
10710000,10715000,4364,5000,1353740.0,6475.55130912
10715000,10720000,4365,5000,1354059.0,6476.28559483
10720000,10725000,4366,5000,1354378.0,6476.80238251
10725000,10730000,4367,5000,1354697.0,6477.08262822
10730000,10735000,4368,5000,1355016.0,6477.94093367
10735000,10740000,4369,5000,1355335.0,6478.50327918
10740000,10745000,4370,5000,1355654.0,6479.1546494
10745000,10750000,4371,5000,1355974.0,6479.82693111
10750000,10755000,4372,5000,1356293.0,6480.59260794
10755000,10760000,4373,5000,1356612.0,6481.10639403
10760000,10765000,4374,5000,1356931.0,6481.82343323
10765000,10770000,4375,5000,1357250.0,6482.25695044
10770000,10775000,4376,5000,1357569.0,6482.78937774
10775000,10780000,4377,5000,1357888.0,6483.06985996
10780000,10785000,4378,5000,1358207.0,6483.64407802
10785000,10790000,4379,5000,1358526.0,6483.74636752
10790000,10795000,4380,5000,1358845.0,6484.30829613
10795000,10800000,4381,5000,1359164.0,6484.76303677
10800000,10805000,4382,5000,1359483.0,6485.12262746
10805000,10810000,4383,5000,1359802.0,6485.80599096
10810000,10815000,4384,5000,1360121.0,6486.08433391
10815000,10820000,4385,5000,1360440.0,6486.57435365
10820000,10825000,4386,5000,1360759.0,6487.24291176
10825000,10830000,4387,5000,1361079.0,6487.6922273
10830000,10835000,4388,5000,1361398.0,6488.11788804
10835000,10840000,4389,5000,1361717.0,6488.41028113
10840000,10845000,4390,5000,1362036.0,6488.52262277
10845000,10850000,4391,5000,1362355.0,6488.72849948
10850000,10855000,4392,5000,1362674.0,6488.99779026
10855000,10860000,4393,5000,1362993.0,6489.5400134
10860000,10865000,4394,5000,1363312.0,6489.72848417
10865000,10870000,4395,5000,1363631.0,6490.07212465
10870000,10875000,4396,5000,1363950.0,6490.5246598
10875000,10880000,4397,5000,1364269.0,6490.54200517
10880000,10885000,4398,5000,1364588.0,6490.76121577
10885000,10890000,4399,5000,1364907.0,6491.34330789
10890000,10895000,4400,5000,1365227.0,6491.86945874
10895000,10900000,4401,5000,1365546.0,6492.75380537
10900000,10905000,4402,5000,1365865.0,6493.51174191
10905000,10910000,4403,5000,1366184.0,6494.02427503
10910000,10915000,4404,5000,1366503.0,6494.49273079
10915000,10920000,4405,5000,1366822.0,6494.15087766
10920000,10925000,4406,5000,1367141.0,6493.82338394
10925000,10930000,4407,5000,1367460.0,6494.09059656
10930000,10935000,4408,5000,1367779.0,6494.11028212
10935000,10940000,4409,5000,1368098.0,6493.86788912
10940000,10945000,4410,5000,1368417.0,6494.09869046
10945000,10950000,4411,5000,1368736.0,6493.8426117
10950000,10955000,4412,5000,1369055.0,6493.98360688
10955000,10960000,4413,5000,1369374.0,6494.88173525
10960000,10965000,4414,5000,1369694.0,6495.65964303
10965000,10970000,4415,5000,1370013.0,6495.78492894
10970000,10975000,4416,5000,1370332.0,6496.30217096
10975000,10980000,4417,5000,1370651.0,6496.07190221
10980000,10985000,4418,5000,1370970.0,6496.43810484
10985000,10990000,4419,5000,1371289.0,6496.93905649
10990000,10995000,4420,5000,1371608.0,6495.69952311
10995000,11000000,4421,5000,1371927.0,6496.53628487
11000000,11005000,4422,5000,1372246.0,6496.99064645
11005000,11010000,4423,5000,1372548.0,6497.32544732
11010000,11015000,4424,5000,1372850.0,6497.64030199
11015000,11020000,4425,5000,1373152.0,6497.17100578
11020000,11025000,4426,5000,1373455.0,6497.1093445
11025000,11030000,4427,5000,1373757.0,6496.77314345
11030000,11035000,4428,5000,1374059.0,6496.71731987
11035000,11040000,4429,5000,1374361.0,6495.67099969
11040000,11045000,4430,5000,1374663.0,6494.63989513
11045000,11050000,4431,5000,1374966.0,6494.51770485
11050000,11055000,4432,5000,1375268.0,6494.10248994
11055000,11060000,4433,5000,1375570.0,6493.96421497
11060000,11065000,4434,5000,1375872.0,6493.66852846
11065000,11070000,4435,5000,1376175.0,6494.06869227
11070000,11075000,4436,5000,1376477.0,6494.51659008
11075000,11080000,4437,5000,1376779.0,6494.8122999
11080000,11085000,4438,5000,1377081.0,6495.38775967
11085000,11090000,4439,5000,1377383.0,6496.08037654
11090000,11095000,4440,5000,1377685.0,6496.52667326
11095000,11100000,4441,5000,1377988.0,6497.18715379
11100000,11105000,4442,5000,1378290.0,6497.86591628
11105000,11110000,4443,5000,1378592.0,6498.63820035
11110000,11115000,4444,5000,1378894.0,6499.3377877
11115000,11120000,4445,5000,1379196.0,6499.88616661
11120000,11125000,4446,5000,1379499.0,6500.22194662
11125000,11130000,4447,5000,1379801.0,6500.67935598
11130000,11135000,4448,5000,1380103.0,6501.34999121
11135000,11140000,4449,5000,1380405.0,6502.03686389
11140000,11145000,4450,5000,1380708.0,6502.81232097
11145000,11150000,4451,5000,1381010.0,6503.15576041
11150000,11155000,4452,5000,1381312.0,6503.60468691
11155000,11160000,4453,5000,1381614.0,6504.0506394
11160000,11165000,4454,5000,1381916.0,6504.43458188
11165000,11170000,4455,5000,1382219.0,6504.90805642
11170000,11175000,4456,5000,1382521.0,6505.58150882
11175000,11180000,4457,5000,1382823.0,6505.97051906
11180000,11185000,4458,5000,1383125.0,6506.46326097
11185000,11190000,4459,5000,1383427.0,6506.86414136
11190000,11195000,4460,5000,1383730.0,6507.1302988
11195000,11200000,4461,5000,1384032.0,6507.18039725
11200000,11205000,4462,5000,1384334.0,6507.4751922
11205000,11210000,4463,5000,1384636.0,6507.51633203
11210000,11215000,4464,5000,1384938.0,6507.94875601
11215000,11220000,4465,5000,1385241.0,6508.35491559
11220000,11225000,4466,5000,1385543.0,6508.27307421
11225000,11230000,4467,5000,1385845.0,6507.7917951
11230000,11235000,4468,5000,1386147.0,6507.90410535
11235000,11240000,4469,5000,1386449.0,6507.73506182
11240000,11245000,4470,5000,1386752.0,6508.1640215
11245000,11250000,4471,5000,1387054.0,6508.21776953
11250000,11255000,4472,5000,1387356.0,6508.40630131
11255000,11260000,4473,5000,1387659.0,6509.2089904
11260000,11265000,4474,5000,1387961.0,6509.37578094
11265000,11270000,4475,5000,1388263.0,6509.88094055
11270000,11275000,4476,5000,1388565.0,6510.50037173
11275000,11280000,4477,5000,1388867.0,6510.90756588
11280000,11285000,4478,5000,1389169.0,6511.5832787
11285000,11290000,4479,5000,1389472.0,6511.84021835
11290000,11295000,4480,5000,1389774.0,6512.06979877
11295000,11300000,4481,5000,1390076.0,6512.26832328
11300000,11305000,4482,5000,1390378.0,6512.17657504
11305000,11310000,4483,5000,1390680.0,6512.37386965
11310000,11315000,4484,5000,1390983.0,6512.57279191
11315000,11320000,4485,5000,1391285.0,6512.20490612
11320000,11325000,4486,5000,1391587.0,6512.60654725
11325000,11330000,4487,5000,1391889.0,6513.01867206
11330000,11335000,4488,5000,1392191.0,6513.43654793
11335000,11340000,4489,5000,1392494.0,6513.86025258
11340000,11345000,4490,5000,1392796.0,6513.79694084
11345000,11350000,4491,5000,1393098.0,6514.21940689
11350000,11355000,4492,5000,1393401.0,6514.64666683
11355000,11360000,4493,5000,1393703.0,6514.83849329
11360000,11365000,4494,5000,1394005.0,6515.50116425
11365000,11370000,4495,5000,1394307.0,6516.29899211
11370000,11375000,4496,5000,1394609.0,6516.5945382
11375000,11380000,4497,5000,1394911.0,6517.36582813
11380000,11385000,4498,5000,1395213.0,6518.1596257
11385000,11390000,4499,5000,1395516.0,6518.8417434
11390000,11395000,4500,5000,1395818.0,6519.27324106
11395000,11400000,4501,5000,1396120.0,6519.69142693
11400000,11405000,4502,5000,1396422.0,6520.10275713
11405000,11410000,4503,5000,1396724.0,6520.87275337
11410000,11415000,4504,5000,1397027.0,6521.54988019
11415000,11420000,4505,5000,1397329.0,6522.20309709
11420000,11425000,4506,5000,1397631.0,6522.85476166
11425000,11430000,4507,5000,1397933.0,6523.64688675
11430000,11435000,4508,5000,1398235.0,6524.43545046
11435000,11440000,4509,5000,1398537.0,6524.87392073
11440000,11445000,4510,5000,1398839.0,6524.81243068
11445000,11450000,4511,5000,1399142.0,6525.4484364
11450000,11455000,4512,5000,1399444.0,6525.58419079
11455000,11460000,4513,5000,1399746.0,6526.00645441
11460000,11465000,4514,5000,1400048.0,6526.44943714
11465000,11470000,4515,5000,1400351.0,6526.55579453
11470000,11475000,4516,5000,1400653.0,6526.56100702
11475000,11480000,4517,5000,1400955.0,6526.54934136
11480000,11485000,4518,5000,1401257.0,6527.12451982
11485000,11490000,4519,5000,1401559.0,6527.4864306
11490000,11495000,4520,5000,1401862.0,6527.76369822
11495000,11500000,4521,5000,1402164.0,6528.04690916
11500000,11505000,4522,5000,1402466.0,6528.09966161
11505000,11510000,4523,5000,1402769.0,6528.25049282
11510000,11515000,4524,5000,1403071.0,6527.8911937
11515000,11520000,4525,5000,1403373.0,6528.18136999
11520000,11525000,4526,5000,1403675.0,6528.20954708
11525000,11530000,4527,5000,1403978.0,6528.82692928
11530000,11535000,4528,5000,1404280.0,6529.18086073
11535000,11540000,4529,5000,1404582.0,6529.51369839
11540000,11545000,4530,5000,1404884.0,6530.18859011
11545000,11550000,4531,5000,1405186.0,6530.14922246
11550000,11555000,4532,5000,1405489.0,6530.28399866
11555000,11560000,4533,5000,1405791.0,6530.72446881
11560000,11565000,4534,5000,1406093.0,6531.02592034
11565000,11570000,4535,5000,1406395.0,6531.31368927
11570000,11575000,4536,5000,1406697.0,6531.73019147
11575000,11580000,4537,5000,1406999.0,6532.18360192
11580000,11585000,4538,5000,1407302.0,6532.8463368
11585000,11590000,4539,5000,1407604.0,6533.28811701
11590000,11595000,4540,5000,1407906.0,6533.72349971
11595000,11600000,4541,5000,1408208.0,6534.12142552
11600000,11605000,4542,5000,1408511.0,6534.90593204
11605000,11610000,4543,5000,1408813.0,6535.57313517
11610000,11615000,4544,5000,1409115.0,6536.36882983
11615000,11620000,4545,5000,1409417.0,6536.68880732
11620000,11625000,4546,5000,1409719.0,6537.35734866
11625000,11630000,4547,5000,1410021.0,6537.29630986
11630000,11635000,4548,5000,1410324.0,6537.23789629
11635000,11640000,4549,5000,1410626.0,6538.01194364
11640000,11645000,4550,5000,1410928.0,6538.47609161
11645000,11650000,4551,5000,1411230.0,6539.26843842
11650000,11655000,4552,5000,1411532.0,6540.04924496
11655000,11660000,4553,5000,1411834.0,6540.39623871
11660000,11665000,4554,5000,1412137.0,6540.84212261
11665000,11670000,4555,5000,1412439.0,6541.2850071
11670000,11675000,4556,5000,1412741.0,6541.6177717
11675000,11680000,4557,5000,1413043.0,6542.28593421
11680000,11685000,4558,5000,1413346.0,6542.96924348
11685000,11690000,4559,5000,1413648.0,6543.05099173
11690000,11695000,4560,5000,1413950.0,6543.84493972
11695000,11700000,4561,5000,1414252.0,6544.51402611
11700000,11705000,4562,5000,1414554.0,6544.94308741
11705000,11710000,4563,5000,1414856.0,6545.12663893
11710000,11715000,4564,5000,1415159.0,6545.53181841
11715000,11720000,4565,5000,1415461.0,6545.62511757
11720000,11725000,4566,5000,1415763.0,6546.06709981
11725000,11730000,4567,5000,1416065.0,6546.32282314
11730000,11735000,4568,5000,1416367.0,6546.71324459
11735000,11740000,4569,5000,1416669.0,6546.7527818
11740000,11745000,4570,5000,1416972.0,6547.00949414
11745000,11750000,4571,5000,1417274.0,6547.01157486
11750000,11755000,4572,5000,1417576.0,6547.03358789
11755000,11760000,4573,5000,1417878.0,6547.09655297
11760000,11765000,4574,5000,1418180.0,6547.45643584
11765000,11770000,4575,5000,1418482.0,6547.82283476
11770000,11775000,4576,5000,1418784.0,6548.22072232
11775000,11780000,4577,5000,1419087.0,6549.00468558
11780000,11785000,4578,5000,1419389.0,6549.26921228
11785000,11790000,4579,5000,1419691.0,6549.93910057
11790000,11795000,4580,5000,1419993.0,6550.24804828
11795000,11800000,4581,5000,1420296.0,6550.63842124
11800000,11805000,4582,5000,1420598.0,6550.9587289
11805000,11810000,4583,5000,1420900.0,6551.03094693
11810000,11815000,4584,5000,1421202.0,6550.63894062
11815000,11820000,4585,5000,1421504.0,6550.55750875
11820000,11825000,4586,5000,1421806.0,6550.47901319
11825000,11830000,4587,5000,1422109.0,6551.25131658
11830000,11835000,4588,5000,1422411.0,6551.69368618
11835000,11840000,4589,5000,1422713.0,6552.46603322
11840000,11845000,4590,5000,1423015.0,6553.24399779
11845000,11850000,4591,5000,1423317.0,6553.66200965
11850000,11855000,4592,5000,1423619.0,6554.32017112
11855000,11860000,4593,5000,1423922.0,6554.98783231
11860000,11865000,4594,5000,1424224.0,6555.28594285
11865000,11870000,4595,5000,1424526.0,6555.58802517
11870000,11875000,4596,5000,1424828.0,6555.94980089
11875000,11880000,4597,5000,1425130.0,6556.0064962
11880000,11885000,4598,5000,1425433.0,6556.31420105
11885000,11890000,4599,5000,1425735.0,6555.82724302
11890000,11895000,4600,5000,1426037.0,6555.81681193
11895000,11900000,4601,5000,1426339.0,6556.01180538
11900000,11905000,4602,5000,1426641.0,6556.19858907
11905000,11910000,4603,5000,1426944.0,6556.39941559
11910000,11915000,4604,5000,1427246.0,6556.81407824
11915000,11920000,4605,5000,1427548.0,6557.4516053
11920000,11925000,4606,5000,1427850.0,6558.10391686
11925000,11930000,4607,5000,1428152.0,6558.54010182
11930000,11935000,4608,5000,1428455.0,6558.62761934
11935000,11940000,4609,5000,1428757.0,6558.23845351
11940000,11945000,4610,5000,1429059.0,6557.89741232
11945000,11950000,4611,5000,1429361.0,6557.48618014
11950000,11955000,4612,5000,1429663.0,6557.01791312
11955000,11960000,4613,5000,1429966.0,6556.96040031
11960000,11965000,4614,5000,1430268.0,6556.89129079
11965000,11970000,4615,5000,1430570.0,6557.67716118
11970000,11975000,4616,5000,1430872.0,6558.10190119
11975000,11980000,4617,5000,1431175.0,6557.07831861
11980000,11985000,4618,5000,1431477.0,6555.90239555
11985000,11990000,4619,5000,1431779.0,6555.54517583
11990000,11995000,4620,5000,1432081.0,6554.51878789
11995000,12000000,4621,5000,1432384.0,6554.93690642
12000000,12005000,4622,5000,1432686.0,6555.50654823
12005000,12010000,4623,5000,1433000.0,6555.79801371
12010000,12015000,4624,5000,1433314.0,6556.28065203
12015000,12020000,4625,5000,1433628.0,6556.73978509
12020000,12025000,4626,5000,1433942.0,6557.24742349
12025000,12030000,4627,5000,1434255.0,6557.97015972
12030000,12035000,4628,5000,1434569.0,6558.45233411
12035000,12040000,4629,5000,1434883.0,6558.92292425
12040000,12045000,4630,5000,1435197.0,6559.0438947
12045000,12050000,4631,5000,1435511.0,6558.68703408
12050000,12055000,4632,5000,1435825.0,6559.14018107
12055000,12060000,4633,5000,1436139.0,6559.60165014
12060000,12065000,4634,5000,1436453.0,6560.43433286
12065000,12070000,4635,5000,1436767.0,6560.8960922
12070000,12075000,4636,5000,1437081.0,6560.86645198
12075000,12080000,4637,5000,1437395.0,6560.86272091
12080000,12085000,4638,5000,1437709.0,6560.44193125
12085000,12090000,4639,5000,1438023.0,6561.26460539
12090000,12095000,4640,5000,1438337.0,6561.67059903
12095000,12100000,4641,5000,1438651.0,6561.65960229
12100000,12105000,4642,5000,1438965.0,6562.47570489
12105000,12110000,4643,5000,1439279.0,6562.94165106
12110000,12115000,4644,5000,1439593.0,6563.51733211
12115000,12120000,4645,5000,1439907.0,6564.00217227
12120000,12125000,4646,5000,1440221.0,6564.63026234
12125000,12130000,4647,5000,1440535.0,6565.45657383
12130000,12135000,4648,5000,1440848.0,6566.29215227
12135000,12140000,4649,5000,1441162.0,6566.9121659
12140000,12145000,4650,5000,1441476.0,6567.47516842
12145000,12150000,4651,5000,1441790.0,6567.88040886
12150000,12155000,4652,5000,1442104.0,6567.99756404
12155000,12160000,4653,5000,1442418.0,6568.06890806
12160000,12165000,4654,5000,1442732.0,6568.88417918
12165000,12170000,4655,5000,1443046.0,6569.35945155
12170000,12175000,4656,5000,1443360.0,6569.82902466
12175000,12180000,4657,5000,1443674.0,6570.28228447
12180000,12185000,4658,5000,1443988.0,6570.73965832
12185000,12190000,4659,5000,1444302.0,6571.18591974
12190000,12195000,4660,5000,1444615.0,6571.65598722
12195000,12200000,4661,5000,1444929.0,6572.13226266
12200000,12205000,4662,5000,1445243.0,6571.78893639
12205000,12210000,4663,5000,1445557.0,6572.23191788
12210000,12215000,4664,5000,1445871.0,6572.16764656
12215000,12220000,4665,5000,1446185.0,6572.16643067
12220000,12225000,4666,5000,1446499.0,6572.63597175
12225000,12230000,4667,5000,1446813.0,6573.10504858
12230000,12235000,4668,5000,1447127.0,6573.80140804
12235000,12240000,4669,5000,1447441.0,6574.28085226
12240000,12245000,4670,5000,1447755.0,6572.98308955
12245000,12250000,4671,5000,1448069.0,6572.83463947
12250000,12255000,4672,5000,1448382.0,6572.8187153
12255000,12260000,4673,5000,1448696.0,6572.78631829
12260000,12265000,4674,5000,1449010.0,6572.50773597
12265000,12270000,4675,5000,1449324.0,6572.2139144
12270000,12275000,4676,5000,1449638.0,6571.89957559
12275000,12280000,4677,5000,1449952.0,6571.59954843
12280000,12285000,4678,5000,1450266.0,6572.40482526
12285000,12290000,4679,5000,1450580.0,6572.78945196
12290000,12295000,4680,5000,1450894.0,6573.29126447
12295000,12300000,4681,5000,1451208.0,6573.5878029
12300000,12305000,4682,5000,1451522.0,6573.88301175
12305000,12310000,4683,5000,1451836.0,6574.34635578
12310000,12315000,4684,5000,1452150.0,6573.35775044
12315000,12320000,4685,5000,1452464.0,6570.63640161
12320000,12325000,4686,5000,1452777.0,6569.66775231
12325000,12330000,4687,5000,1453091.0,6568.52462337
12330000,12335000,4688,5000,1453405.0,6569.31586828
12335000,12340000,4689,5000,1453719.0,6570.13190319
12340000,12345000,4690,5000,1454033.0,6570.82901237
12345000,12350000,4691,5000,1454347.0,6571.52748342
12350000,12355000,4692,5000,1454661.0,6572.35704392
12355000,12360000,4693,5000,1454975.0,6573.06444034
12360000,12365000,4694,5000,1455289.0,6573.76752787
12365000,12370000,4695,5000,1455603.0,6574.57350995
12370000,12375000,4696,5000,1455917.0,6575.03912083
12375000,12380000,4697,5000,1456230.0,6575.72505754
12380000,12385000,4698,5000,1456544.0,6576.54883482
12385000,12390000,4699,5000,1456858.0,6577.37388635
12390000,12395000,4700,5000,1457172.0,6576.40998402
12395000,12400000,4701,5000,1457486.0,6576.39405857
12400000,12405000,4702,5000,1457800.0,6575.20003445
12405000,12410000,4703,5000,1458114.0,6575.6542215
12410000,12415000,4704,5000,1458428.0,6575.64283399
12415000,12420000,4705,5000,1458742.0,6576.11313262
12420000,12425000,4706,5000,1459056.0,6576.09681616
12425000,12430000,4707,5000,1459370.0,6576.89953509
12430000,12435000,4708,5000,1459684.0,6577.59702831
12435000,12440000,4709,5000,1459998.0,6577.56688731
12440000,12445000,4710,5000,1460312.0,6577.98006045
12445000,12450000,4711,5000,1460626.0,6577.94101795
12450000,12455000,4712,5000,1460940.0,6578.75273095
12455000,12460000,4713,5000,1461254.0,6578.87349783
12460000,12465000,4714,5000,1461568.0,6579.57124393
12465000,12470000,4715,5000,1461882.0,6580.07904386
12470000,12475000,4716,5000,1462196.0,6580.75969502
12475000,12480000,4717,5000,1462510.0,6581.46447847
12480000,12485000,4718,5000,1462824.0,6581.90896018
12485000,12490000,4719,5000,1463138.0,6582.01903455
12490000,12495000,4720,5000,1463451.0,6582.38355037
12495000,12500000,4721,5000,1463765.0,6582.64069983
12500000,12505000,4722,5000,1464079.0,6582.76507212
12505000,12510000,4723,5000,1464393.0,6582.53123172
12510000,12515000,4724,5000,1464707.0,6583.08033231
12515000,12520000,4725,5000,1465021.0,6583.78502793
12520000,12525000,4726,5000,1465335.0,6584.4900238
12525000,12530000,4727,5000,1465649.0,6585.20009566
12530000,12535000,4728,5000,1465963.0,6585.89238796
12535000,12540000,4729,5000,1466277.0,6586.60246094
12540000,12545000,4730,5000,1466590.0,6587.05261703
12545000,12550000,4731,5000,1466904.0,6587.75250597
12550000,12555000,4732,5000,1467218.0,6588.45824663
12555000,12560000,4733,5000,1467532.0,6588.95751693
12560000,12565000,4734,5000,1467846.0,6589.60178404
12565000,12570000,4735,5000,1468160.0,6590.40777035
12570000,12575000,4736,5000,1468474.0,6591.22565643
12575000,12580000,4737,5000,1468788.0,6591.56635578
12580000,12585000,4738,5000,1469102.0,6592.00580065
12585000,12590000,4739,5000,1469416.0,6592.71832818
12590000,12595000,4740,5000,1469730.0,6593.20043732
12595000,12600000,4741,5000,1470044.0,6593.32049044
12600000,12605000,4742,5000,1470358.0,6593.21964487
12605000,12610000,4743,5000,1470672.0,6593.08931853
12610000,12615000,4744,5000,1470986.0,6593.52855026
12615000,12620000,4745,5000,1471300.0,6594.06898777
12620000,12625000,4746,5000,1471614.0,6594.31395464
12625000,12630000,4747,5000,1471928.0,6594.69297856
12630000,12635000,4748,5000,1472242.0,6595.10319368
12635000,12640000,4749,5000,1472555.0,6594.81242742
12640000,12645000,4750,5000,1472869.0,6595.43681367
12645000,12650000,4751,5000,1473183.0,6595.81022931
12650000,12655000,4752,5000,1473497.0,6596.50508434
12655000,12660000,4753,5000,1473811.0,6596.96303955
12660000,12665000,4754,5000,1474125.0,6596.95331946
12665000,12670000,4755,5000,1474439.0,6597.74063262
12670000,12675000,4756,5000,1474753.0,6598.55634187
12675000,12680000,4757,5000,1475067.0,6599.23019196
12680000,12685000,4758,5000,1475381.0,6599.69983136
12685000,12690000,4759,5000,1475695.0,6599.89124708
12690000,12695000,4760,5000,1476009.0,6599.55824724
12695000,12700000,4761,5000,1476323.0,6599.31693111
12700000,12705000,4762,5000,1476636.0,6599.0730311
12705000,12710000,4763,5000,1476950.0,6599.0147565
12710000,12715000,4764,5000,1477264.0,6599.54905748
12715000,12720000,4765,5000,1477578.0,6599.87511219
12720000,12725000,4766,5000,1477892.0,6600.57422313
12725000,12730000,4767,5000,1478206.0,6601.2468917
12730000,12735000,4768,5000,1478520.0,6601.91469557
12735000,12740000,4769,5000,1478834.0,6602.50532198
12740000,12745000,4770,5000,1479148.0,6603.24657556
12745000,12750000,4771,5000,1479462.0,6603.93385875
12750000,12755000,4772,5000,1479776.0,6604.36425151
12755000,12760000,4773,5000,1480090.0,6603.12871436
12760000,12765000,4774,5000,1480404.0,6602.78067187
12765000,12770000,4775,5000,1480718.0,6602.57347757
12770000,12775000,4776,5000,1481032.0,6602.53092469
12775000,12780000,4777,5000,1481346.0,6602.51745843
12780000,12785000,4778,5000,1481660.0,6602.26998895
12785000,12790000,4779,5000,1481974.0,6602.25079929
12790000,12795000,4780,5000,1482288.0,6602.82462479
12795000,12800000,4781,5000,1482602.0,6603.29377862
12800000,12805000,4782,5000,1482916.0,6603.85573819
12805000,12810000,4783,5000,1483230.0,6604.21432414
12810000,12815000,4784,5000,1483543.0,6604.55623177
12815000,12820000,4785,5000,1483857.0,6605.09019879
12820000,12825000,4786,5000,1484171.0,6605.8332438
12825000,12830000,4787,5000,1484485.0,6606.52545274
12830000,12835000,4788,5000,1484799.0,6607.19548898
12835000,12840000,4789,5000,1485113.0,6607.63782782
12840000,12845000,4790,5000,1485427.0,6608.30616224
12845000,12850000,4791,5000,1485741.0,6608.98317383
12850000,12855000,4792,5000,1486055.0,6609.39340078
12855000,12860000,4793,5000,1486369.0,6609.68340537
12860000,12865000,4794,5000,1486683.0,6610.18759548
12865000,12870000,4795,5000,1486997.0,6610.83059861
12870000,12875000,4796,5000,1487311.0,6611.17493365
12875000,12880000,4797,5000,1487625.0,6610.95750696
12880000,12885000,4798,5000,1487939.0,6611.38284322
12885000,12890000,4799,5000,1488253.0,6611.69403566
12890000,12895000,4800,5000,1488567.0,6612.04573944
12895000,12900000,4801,5000,1488880.0,6612.3668452
12900000,12905000,4802,5000,1489194.0,6612.5038954
12905000,12910000,4803,5000,1489508.0,6612.96177946
12910000,12915000,4804,5000,1489822.0,6613.61094372
12915000,12920000,4805,5000,1490136.0,6614.31220062
12920000,12925000,4806,5000,1490450.0,6614.76816662
12925000,12930000,4807,5000,1490764.0,6614.64006545
12930000,12935000,4808,5000,1491078.0,6614.29093635
12935000,12940000,4809,5000,1491392.0,6613.32325852
12940000,12945000,4810,5000,1491706.0,6610.89672377
12945000,12950000,4811,5000,1492020.0,6611.45168392
12950000,12955000,4812,5000,1492334.0,6612.15122742
12955000,12960000,4813,5000,1492648.0,6612.62390252
12960000,12965000,4814,5000,1492962.0,6613.30267481
12965000,12970000,4815,5000,1493276.0,6614.00283373
12970000,12975000,4816,5000,1493590.0,6614.48648365
12975000,12980000,4817,5000,1493903.0,6615.17887677
12980000,12985000,4818,5000,1494217.0,6615.61116455
12985000,12990000,4819,5000,1494531.0,6616.04019187
12990000,12995000,4820,5000,1494845.0,6616.8313754
12995000,13000000,4821,5000,1495159.0,6617.50178255
13000000,13005000,4822,5000,1495473.0,6617.96415473
13005000,13010000,4823,5000,1495790.0,6618.39700468
13010000,13015000,4824,5000,1496107.0,6619.19126316
13015000,13020000,4825,5000,1496425.0,6619.87848227
13020000,13025000,4826,5000,1496742.0,6620.56693076
13025000,13030000,4827,5000,1497059.0,6620.97799989
13030000,13035000,4828,5000,1497376.0,6621.3324715
13035000,13040000,4829,5000,1497693.0,6621.7905273
13040000,13045000,4830,5000,1498011.0,6622.4894516
13045000,13050000,4831,5000,1498328.0,6622.61737101
13050000,13055000,4832,5000,1498645.0,6622.75683135
13055000,13060000,4833,5000,1498962.0,6622.96281719
13060000,13065000,4834,5000,1499280.0,6623.74688687
13065000,13070000,4835,5000,1499597.0,6624.17383679
13070000,13075000,4836,5000,1499914.0,6624.86259843
13075000,13080000,4837,5000,1500231.0,6625.63035936
13080000,13085000,4838,5000,1500548.0,6626.43598961
13085000,13090000,4839,5000,1500866.0,6627.21755777
13090000,13095000,4840,5000,1501183.0,6627.7524488
13095000,13100000,4841,5000,1501500.0,6628.35277696
13100000,13105000,4842,5000,1501817.0,6628.75229882
13105000,13110000,4843,5000,1502134.0,6629.09189665
13110000,13115000,4844,5000,1502451.0,6628.92914451
13115000,13120000,4845,5000,1502769.0,6629.14084677
13120000,13125000,4846,5000,1503086.0,6629.57849839
13125000,13130000,4847,5000,1503403.0,6630.33256961
13130000,13135000,4848,5000,1503720.0,6631.10851821
13135000,13140000,4849,5000,1504037.0,6631.89908792
13140000,13145000,4850,5000,1504355.0,6632.23056107
13145000,13150000,4851,5000,1504672.0,6632.66768194
13150000,13155000,4852,5000,1504989.0,6633.34540517
13155000,13160000,4853,5000,1505306.0,6633.62120724
13160000,13165000,4854,5000,1505624.0,6633.84978788
13165000,13170000,4855,5000,1505941.0,6634.16839441
13170000,13175000,4856,5000,1506258.0,6634.60499278
13175000,13180000,4857,5000,1506575.0,6635.04081693
13180000,13185000,4858,5000,1506892.0,6635.81740748
13185000,13190000,4859,5000,1507210.0,6636.58907354
13190000,13195000,4860,5000,1507527.0,6637.37071053
13195000,13200000,4861,5000,1507844.0,6637.82135285
13200000,13205000,4862,5000,1508161.0,6638.59895798
13205000,13210000,4863,5000,1508478.0,6638.97884038
13210000,13215000,4864,5000,1508795.0,6639.64534635
13215000,13220000,4865,5000,1509113.0,6640.12499405
13220000,13225000,4866,5000,1509430.0,6640.53040816
13225000,13230000,4867,5000,1509747.0,6640.92973984
13230000,13235000,4868,5000,1510064.0,6641.31974554
13235000,13240000,4869,5000,1510381.0,6641.37037219
13240000,13245000,4870,5000,1510699.0,6641.47491793
13245000,13250000,4871,5000,1511016.0,6641.57239662
13250000,13255000,4872,5000,1511333.0,6641.67886285
13255000,13260000,4873,5000,1511650.0,6641.95883541
13260000,13265000,4874,5000,1511967.0,6642.07458688
13265000,13270000,4875,5000,1512285.0,6642.28318924
13270000,13275000,4876,5000,1512602.0,6642.88056621
13275000,13280000,4877,5000,1512919.0,6643.29314236
13280000,13285000,4878,5000,1513236.0,6643.95960588
13285000,13290000,4879,5000,1513553.0,6644.63196759
13290000,13295000,4880,5000,1513870.0,6645.05131186
13295000,13300000,4881,5000,1514187.0,6645.68464284
13300000,13305000,4882,5000,1514505.0,6646.14194129
13305000,13310000,4883,5000,1514822.0,6646.37265611
13310000,13315000,4884,5000,1515139.0,6646.71533878
13315000,13320000,4885,5000,1515456.0,6647.09969693
13320000,13325000,4886,5000,1515774.0,6647.48817833
13325000,13330000,4887,5000,1516091.0,6647.27699114
13330000,13335000,4888,5000,1516408.0,6648.05828425
13335000,13340000,4889,5000,1516725.0,6648.3517655
13340000,13345000,4890,5000,1517043.0,6649.09252183
13345000,13350000,4891,5000,1517360.0,6649.83173094
13350000,13355000,4892,5000,1517677.0,6650.00919099
13355000,13360000,4893,5000,1517994.0,6650.43696607
13360000,13365000,4894,5000,1518311.0,6650.39205136
13365000,13370000,4895,5000,1518629.0,6651.15009732
13370000,13375000,4896,5000,1518946.0,6651.4636303
13375000,13380000,4897,5000,1519263.0,6651.75236382
13380000,13385000,4898,5000,1519580.0,6652.20230483
13385000,13390000,4899,5000,1519897.0,6652.5137996
13390000,13395000,4900,5000,1520215.0,6652.81515952
13395000,13400000,4901,5000,1520532.0,6653.6067353
13400000,13405000,4902,5000,1520849.0,6654.00673089
13405000,13410000,4903,5000,1521166.0,6654.68176294
13410000,13415000,4904,5000,1521483.0,6655.15353835
13415000,13420000,4905,5000,1521801.0,6655.51196803
13420000,13425000,4906,5000,1522118.0,6655.86640644
13425000,13430000,4907,5000,1522435.0,6656.15635456
13430000,13435000,4908,5000,1522752.0,6656.44525679
13435000,13440000,4909,5000,1523069.0,6657.22907136
13440000,13445000,4910,5000,1523386.0,6657.52441017
13445000,13450000,4911,5000,1523704.0,6657.59098302
13450000,13455000,4912,5000,1524021.0,6658.25504166
13455000,13460000,4913,5000,1524338.0,6658.91509353
13460000,13465000,4914,5000,1524655.0,6659.34982902
13465000,13470000,4915,5000,1524972.0,6660.12250856
13470000,13475000,4916,5000,1525289.0,6660.76910006
13475000,13480000,4917,5000,1525606.0,6661.43706693
13480000,13485000,4918,5000,1525923.0,6661.81817166
13485000,13490000,4919,5000,1526241.0,6662.39212342
13490000,13495000,4920,5000,1526558.0,6662.82945229
13495000,13500000,4921,5000,1526875.0,6663.26290628
13500000,13505000,4922,5000,1527192.0,6663.70821571
13505000,13510000,4923,5000,1527509.0,6664.2755751
13510000,13515000,4924,5000,1527826.0,6664.70660932
13515000,13520000,4925,5000,1528143.0,6665.36454532
13520000,13525000,4926,5000,1528461.0,6666.01382102
13525000,13530000,4927,5000,1528778.0,6666.28835193
13530000,13535000,4928,5000,1529095.0,6666.40133532
13535000,13540000,4929,5000,1529412.0,6666.49838964
13540000,13545000,4930,5000,1529730.0,6666.7266941
13545000,13550000,4931,5000,1530047.0,6667.39337797
13550000,13555000,4932,5000,1530364.0,6668.04472115
13555000,13560000,4933,5000,1530681.0,6668.49691861
13560000,13565000,4934,5000,1530998.0,6669.00658693
13565000,13570000,4935,5000,1531315.0,6669.44568838
13570000,13575000,4936,5000,1531633.0,6670.03444974
13575000,13580000,4937,5000,1531950.0,6670.40427964
13580000,13585000,4938,5000,1532267.0,6670.79191691
13585000,13590000,4939,5000,1532584.0,6671.27415959
13590000,13595000,4940,5000,1532901.0,6671.58942776
13595000,13600000,4941,5000,1533219.0,6671.91713574
13600000,13605000,4942,5000,1533536.0,6672.58830091
13605000,13610000,4943,5000,1533853.0,6673.24129876
13610000,13615000,4944,5000,1534170.0,6673.34771534
13615000,13620000,4945,5000,1534488.0,6673.31272447
13620000,13625000,4946,5000,1534805.0,6672.34393688
13625000,13630000,4947,5000,1535122.0,6672.97856189
13630000,13635000,4948,5000,1535439.0,6673.4257488
13635000,13640000,4949,5000,1535757.0,6673.71301238
13640000,13645000,4950,5000,1536074.0,6674.11823627
13645000,13650000,4951,5000,1536391.0,6674.52905242
13650000,13655000,4952,5000,1536708.0,6674.71732237
13655000,13660000,4953,5000,1537025.0,6674.67849529
13660000,13665000,4954,5000,1537342.0,6674.71556192
13665000,13670000,4955,5000,1537660.0,6674.45207122
13670000,13675000,4956,5000,1537977.0,6674.00943475
13675000,13680000,4957,5000,1538294.0,6673.69576275
13680000,13685000,4958,5000,1538611.0,6673.42636007
13685000,13690000,4959,5000,1538928.0,6673.38392918
13690000,13695000,4960,5000,1539246.0,6672.41582197
13695000,13700000,4961,5000,1539563.0,6672.36594209
13700000,13705000,4962,5000,1539880.0,6671.98960012
13705000,13710000,4963,5000,1540197.0,6670.98923632
13710000,13715000,4964,5000,1540515.0,6671.58981333
13715000,13720000,4965,5000,1540832.0,6672.04053596
13720000,13725000,4966,5000,1541149.0,6672.25191365
13725000,13730000,4967,5000,1541466.0,6672.72271299
13730000,13735000,4968,5000,1541783.0,6672.79308943
13735000,13740000,4969,5000,1542101.0,6673.13312687
13740000,13745000,4970,5000,1542418.0,6673.86816606
13745000,13750000,4971,5000,1542735.0,6674.50682196
13750000,13755000,4972,5000,1543052.0,6675.16392619
13755000,13760000,4973,5000,1543369.0,6675.58434969
13760000,13765000,4974,5000,1543686.0,6675.69689587
13765000,13770000,4975,5000,1544004.0,6675.26055753
13770000,13775000,4976,5000,1544321.0,6674.07196766
13775000,13780000,4977,5000,1544638.0,6674.04642488
13780000,13785000,4978,5000,1544955.0,6673.68970014
13785000,13790000,4979,5000,1545273.0,6673.33912059
13790000,13795000,4980,5000,1545590.0,6672.05407572
13795000,13800000,4981,5000,1545907.0,6671.94769639
13800000,13805000,4982,5000,1546224.0,6672.70068804
13805000,13810000,4983,5000,1546542.0,6673.36942786
13810000,13815000,4984,5000,1546859.0,6674.03132297
13815000,13820000,4985,5000,1547176.0,6674.68455819
13820000,13825000,4986,5000,1547493.0,6674.26807798
13825000,13830000,4987,5000,1547811.0,6673.61505857
13830000,13835000,4988,5000,1548128.0,6673.99245411
13835000,13840000,4989,5000,1548445.0,6674.4074217
13840000,13845000,4990,5000,1548762.0,6674.82076896
13845000,13850000,4991,5000,1549080.0,6674.96233083
13850000,13855000,4992,5000,1549397.0,6675.21429593
13855000,13860000,4993,5000,1549714.0,6675.50696176
13860000,13865000,4994,5000,1550031.0,6675.57497875
13865000,13870000,4995,5000,1550348.0,6675.6950065
13870000,13875000,4996,5000,1550666.0,6676.10564041
13875000,13880000,4997,5000,1550983.0,6676.53280593
13880000,13885000,4998,5000,1551300.0,6676.98146202
13885000,13890000,4999,5000,1551617.0,6677.3313786
13890000,13895000,5000,5000,1551934.0,6677.66974868
13895000,13900000,5001,5000,1552251.0,6677.71012749
13900000,13905000,5002,5000,1552569.0,6677.99000056
13905000,13910000,5003,5000,1552886.0,6678.25899739
13910000,13915000,5004,5000,1553203.0,6677.85151929
13915000,13920000,5005,5000,1553520.0,6678.33612986
13920000,13925000,5006,5000,1553837.0,6678.39712323
13925000,13930000,5007,5000,1554154.0,6678.7276128
13930000,13935000,5008,5000,1554472.0,6678.83581807
13935000,13940000,5009,5000,1554789.0,6679.18190174
13940000,13945000,5010,5000,1555106.0,6679.62460263
13945000,13950000,5011,5000,1555423.0,6679.96229266
13950000,13955000,5012,5000,1555740.0,6680.23462174
13955000,13960000,5013,5000,1556057.0,6680.27099806
13960000,13965000,5014,5000,1556375.0,6680.66263112
13965000,13970000,5015,5000,1556692.0,6680.93660169
13970000,13975000,5016,5000,1557009.0,6680.9820817
13975000,13980000,5017,5000,1557326.0,6681.11634028
13980000,13985000,5018,5000,1557643.0,6681.59477457
13985000,13990000,5019,5000,1557961.0,6681.95113577
13990000,13995000,5020,5000,1558278.0,6682.32355631
13995000,14000000,5021,5000,1558595.0,6682.81332131
14000000,14005000,5022,5000,1558912.0,6683.44934914
14005000,14010000,5023,5000,1559225.0,6683.97092988
14010000,14015000,5024,5000,1559538.0,6684.3077267
14015000,14020000,5025,5000,1559851.0,6684.4543314
14020000,14025000,5026,5000,1560164.0,6684.80111289
14025000,14030000,5027,5000,1560477.0,6685.14355777
14030000,14035000,5028,5000,1560791.0,6685.4050459
14035000,14040000,5029,5000,1561104.0,6685.81529501
14040000,14045000,5030,5000,1561417.0,6686.5259562
14045000,14050000,5031,5000,1561730.0,6687.24399319
14050000,14055000,5032,5000,1562043.0,6687.19021207
14055000,14060000,5033,5000,1562356.0,6686.96716046
14060000,14065000,5034,5000,1562669.0,6687.70950171
14065000,14070000,5035,5000,1562982.0,6687.96857386
14070000,14075000,5036,5000,1563296.0,6688.62636858
14075000,14080000,5037,5000,1563609.0,6689.2733095
14080000,14085000,5038,5000,1563922.0,6689.96673753
14085000,14090000,5039,5000,1564235.0,6690.11959746
14090000,14095000,5040,5000,1564548.0,6690.56377554
14095000,14100000,5041,5000,1564861.0,6690.98445261
14100000,14105000,5042,5000,1565174.0,6691.38913636
14105000,14110000,5043,5000,1565487.0,6691.93175776
14110000,14115000,5044,5000,1565801.0,6692.1322895
14115000,14120000,5045,5000,1566114.0,6692.90052974
14120000,14125000,5046,5000,1566427.0,6693.66432246
14125000,14130000,5047,5000,1566740.0,6694.3125138
14130000,14135000,5048,5000,1567053.0,6695.04089269
14135000,14140000,5049,5000,1567366.0,6695.77205114
14140000,14145000,5050,5000,1567679.0,6696.18818239
14145000,14150000,5051,5000,1567992.0,6696.82834621
14150000,14155000,5052,5000,1568305.0,6697.570659
14155000,14160000,5053,5000,1568619.0,6698.2127936
14160000,14165000,5054,5000,1568932.0,6698.60624751
14165000,14170000,5055,5000,1569245.0,6699.3279027
14170000,14175000,5056,5000,1569558.0,6700.05145755
14175000,14180000,5057,5000,1569871.0,6700.79696035
14180000,14185000,5058,5000,1570184.0,6701.20998975
14185000,14190000,5059,5000,1570497.0,6699.90411632
14190000,14195000,5060,5000,1570811.0,6700.6112186
14195000,14200000,5061,5000,1571124.0,6701.23277312
14200000,14205000,5062,5000,1571437.0,6701.85074035
14205000,14210000,5063,5000,1571750.0,6702.00804367
14210000,14215000,5064,5000,1572063.0,6702.72431658
14215000,14220000,5065,5000,1572376.0,6703.32391886
14220000,14225000,5066,5000,1572689.0,6703.94693644
14225000,14230000,5067,5000,1573002.0,6704.56798906
14230000,14235000,5068,5000,1573316.0,6705.17088574
14235000,14240000,5069,5000,1573629.0,6705.51984671
14240000,14245000,5070,5000,1573942.0,6705.95572699
14245000,14250000,5071,5000,1574255.0,6706.27808101
14250000,14255000,5072,5000,1574568.0,6706.77127391
14255000,14260000,5073,5000,1574881.0,6707.05107718
14260000,14265000,5074,5000,1575194.0,6707.43384684
14265000,14270000,5075,5000,1575507.0,6707.93679769
14270000,14275000,5076,5000,1575820.0,6708.34329329
14275000,14280000,5077,5000,1576133.0,6708.77152417
14280000,14285000,5078,5000,1576446.0,6708.93190905
14285000,14290000,5079,5000,1576760.0,6709.49905418
14290000,14295000,5080,5000,1577073.0,6710.10586147
14295000,14300000,5081,5000,1577386.0,6710.73455754
14300000,14305000,5082,5000,1577699.0,6711.09473715
14305000,14310000,5083,5000,1578012.0,6711.37409288
14310000,14315000,5084,5000,1578325.0,6711.99842652
14315000,14320000,5085,5000,1578638.0,6712.26957217
14320000,14325000,5086,5000,1578951.0,6712.63854571
14325000,14330000,5087,5000,1579265.0,6712.99191433
14330000,14335000,5088,5000,1579578.0,6713.11670897
14335000,14340000,5089,5000,1579891.0,6713.4240522
14340000,14345000,5090,5000,1580204.0,6713.95778701
14345000,14350000,5091,5000,1580517.0,6713.98377952
14350000,14355000,5092,5000,1580830.0,6714.3957129
14355000,14360000,5093,5000,1581143.0,6714.57980003
14360000,14365000,5094,5000,1581456.0,6714.28523136
14365000,14370000,5095,5000,1581770.0,6713.97917774
14370000,14375000,5096,5000,1582083.0,6713.74514773
14375000,14380000,5097,5000,1582396.0,6713.3189491
14380000,14385000,5098,5000,1582709.0,6711.99808071
14385000,14390000,5099,5000,1583022.0,6711.7254227
14390000,14395000,5100,5000,1583335.0,6711.37463716
14395000,14400000,5101,5000,1583648.0,6711.59746533
14400000,14405000,5102,5000,1583962.0,6712.0296081
14405000,14410000,5103,5000,1584275.0,6712.45529626
14410000,14415000,5104,5000,1584588.0,6712.8770801
14415000,14420000,5105,5000,1584901.0,6713.40755934
14420000,14425000,5106,5000,1585214.0,6713.74099037
14425000,14430000,5107,5000,1585527.0,6714.08180642
14430000,14435000,5108,5000,1585840.0,6714.62579248
14435000,14440000,5109,5000,1586154.0,6714.94807331
14440000,14445000,5110,5000,1586467.0,6715.47441612
14445000,14450000,5111,5000,1586780.0,6715.82494166
14450000,14455000,5112,5000,1587093.0,6716.24432013
14455000,14460000,5113,5000,1587406.0,6716.41875169
14460000,14465000,5114,5000,1587719.0,6716.82581531
14465000,14470000,5115,5000,1588032.0,6717.22616966
14470000,14475000,5116,5000,1588345.0,6717.85854362
14475000,14480000,5117,5000,1588658.0,6718.03584774
14480000,14485000,5118,5000,1588971.0,6718.42488597
14485000,14490000,5119,5000,1589284.0,6718.28010803
14490000,14495000,5120,5000,1589598.0,6718.22385926
14495000,14500000,5121,5000,1589911.0,6718.51257358
14500000,14505000,5122,5000,1590224.0,6718.52485625
14505000,14510000,5123,5000,1590537.0,6718.92881929
14510000,14515000,5124,5000,1590850.0,6719.00248365
14515000,14520000,5125,5000,1591164.0,6719.65698391
14520000,14525000,5126,5000,1591477.0,6720.0814859
14525000,14530000,5127,5000,1591790.0,6720.71144437
14530000,14535000,5128,5000,1592103.0,6721.12655928
14535000,14540000,5129,5000,1592416.0,6720.9399202
14540000,14545000,5130,5000,1592729.0,6720.89068413
14545000,14550000,5131,5000,1593042.0,6720.5170816
14550000,14555000,5132,5000,1593356.0,6720.23951767
14555000,14560000,5133,5000,1593669.0,6720.58777593
14560000,14565000,5134,5000,1593982.0,6721.20926854
14565000,14570000,5135,5000,1594295.0,6721.54854389
14570000,14575000,5136,5000,1594608.0,6721.92645078
14575000,14580000,5137,5000,1594921.0,6722.0905178
14580000,14585000,5138,5000,1595234.0,6721.81805455
14585000,14590000,5139,5000,1595547.0,6721.82261088
14590000,14595000,5140,5000,1595860.0,6721.88945059
14595000,14600000,5141,5000,1596173.0,6722.24074221
14600000,14605000,5142,5000,1596486.0,6722.34637426
14605000,14610000,5143,5000,1596799.0,6722.03118444
14610000,14615000,5144,5000,1597112.0,6719.43116011
14615000,14620000,5145,5000,1597425.0,6718.17136436
14620000,14625000,5146,5000,1597739.0,6717.81426224
14625000,14630000,5147,5000,1598052.0,6717.38576619
14630000,14635000,5148,5000,1598365.0,6717.07765731
14635000,14640000,5149,5000,1598678.0,6717.45229723
14640000,14645000,5150,5000,1598991.0,6717.83687869
14645000,14650000,5151,5000,1599304.0,6717.9904532
14650000,14655000,5152,5000,1599617.0,6716.76340979
14655000,14660000,5153,5000,1599930.0,6717.20233774
14660000,14665000,5154,5000,1600243.0,6717.84086859
14665000,14670000,5155,5000,1600556.0,6718.09154853
14670000,14675000,5156,5000,1600870.0,6718.72753406
14675000,14680000,5157,5000,1601183.0,6719.1390675
14680000,14685000,5158,5000,1601496.0,6718.56841059
14685000,14690000,5159,5000,1601809.0,6718.93190537
14690000,14695000,5160,5000,1602122.0,6718.78943645
14695000,14700000,5161,5000,1602435.0,6719.51575382
14700000,14705000,5162,5000,1602748.0,6719.92361024
14705000,14710000,5163,5000,1603061.0,6720.54077071
14710000,14715000,5164,5000,1603375.0,6721.17929918
14715000,14720000,5165,5000,1603688.0,6721.78784079
14720000,14725000,5166,5000,1604001.0,6722.41129474
14725000,14730000,5167,5000,1604314.0,6722.81118431
14730000,14735000,5168,5000,1604627.0,6722.52981677
14735000,14740000,5169,5000,1604940.0,6722.74858335
14740000,14745000,5170,5000,1605253.0,6723.14235925
14745000,14750000,5171,5000,1605566.0,6723.16439092
14750000,14755000,5172,5000,1605879.0,6723.53781938
14755000,14760000,5173,5000,1606192.0,6723.88998407
14760000,14765000,5174,5000,1606506.0,6724.2805979
14765000,14770000,5175,5000,1606819.0,6724.66936846
14770000,14775000,5176,5000,1607132.0,6725.38934996
14775000,14780000,5177,5000,1607445.0,6725.76530106
14780000,14785000,5178,5000,1607758.0,6726.38228104
14785000,14790000,5179,5000,1608071.0,6727.00116019
14790000,14795000,5180,5000,1608384.0,6727.61884552
14795000,14800000,5181,5000,1608698.0,6728.33617985
14800000,14805000,5182,5000,1609011.0,6728.93091905
14805000,14810000,5183,5000,1609324.0,6729.5603525
14810000,14815000,5184,5000,1609637.0,6729.8453769
14815000,14820000,5185,5000,1609950.0,6730.20414054
14820000,14825000,5186,5000,1610263.0,6730.90951979
14825000,14830000,5187,5000,1610576.0,6731.51714486
14830000,14835000,5188,5000,1610889.0,6731.87282943
14835000,14840000,5189,5000,1611202.0,6732.49114452
14840000,14845000,5190,5000,1611515.0,6733.09187432
14845000,14850000,5191,5000,1611828.0,6733.47046364
14850000,14855000,5192,5000,1612142.0,6734.20423013
14855000,14860000,5193,5000,1612455.0,6734.82992024
14860000,14865000,5194,5000,1612768.0,6735.22995514
14865000,14870000,5195,5000,1613081.0,6735.64652574
14870000,14875000,5196,5000,1613394.0,6735.64771165
14875000,14880000,5197,5000,1613707.0,6736.00983028
14880000,14885000,5198,5000,1614020.0,6736.25159382
14885000,14890000,5199,5000,1614334.0,6736.48624117
14890000,14895000,5200,5000,1614647.0,6736.90246012
14895000,14900000,5201,5000,1614960.0,6736.81678725
14900000,14905000,5202,5000,1615273.0,6736.82494002
14905000,14910000,5203,5000,1615586.0,6736.84491099
14910000,14915000,5204,5000,1615899.0,6737.2206998
14915000,14920000,5205,5000,1616212.0,6737.71932933
14920000,14925000,5206,5000,1616526.0,6738.13423127
14925000,14930000,5207,5000,1616839.0,6738.64242871
14930000,14935000,5208,5000,1617152.0,6738.98236643
14935000,14940000,5209,5000,1617465.0,6739.09970582
14940000,14945000,5210,5000,1617778.0,6738.69131325
14945000,14950000,5211,5000,1618091.0,6737.46029371
14950000,14955000,5212,5000,1618404.0,6737.39036228
14955000,14960000,5213,5000,1618717.0,6738.09250627
14960000,14965000,5214,5000,1619031.0,6738.49728473
14965000,14970000,5215,5000,1619344.0,6737.71155781
14970000,14975000,5216,5000,1619657.0,6737.29129306
14975000,14980000,5217,5000,1619970.0,6736.86782315
14980000,14985000,5218,5000,1620283.0,6736.54777832
14985000,14990000,5219,5000,1620596.0,6736.15394791
14990000,14995000,5220,5000,1620910.0,6736.54043067
14995000,15000000,5221,5000,1621223.0,6736.60831041
15000000,15005000,5222,5000,1621536.0,6737.01491782
15005000,15010000,5223,5000,1621848.0,6737.61276581
15010000,15015000,5224,5000,1622159.0,6738.00683275
15015000,15020000,5225,5000,1622471.0,6738.39020205
15020000,15025000,5226,5000,1622782.0,6738.76486486
15025000,15030000,5227,5000,1623094.0,6739.00372504
15030000,15035000,5228,5000,1623406.0,6739.72126047
15035000,15040000,5229,5000,1623717.0,6740.15298104
15040000,15045000,5230,5000,1624029.0,6740.76466779
15045000,15050000,5231,5000,1624340.0,6741.17839396
15050000,15055000,5232,5000,1624652.0,6741.18758867
15055000,15060000,5233,5000,1624964.0,6741.80621477
15060000,15065000,5234,5000,1625275.0,6741.81558629
15065000,15070000,5235,5000,1625586.0,6742.10554398
15070000,15075000,5236,5000,1625898.0,6742.57032725
15075000,15080000,5237,5000,1626210.0,6743.24913937
15080000,15085000,5238,5000,1626521.0,6743.87030892
15085000,15090000,5239,5000,1626833.0,6744.46820871
15090000,15095000,5240,5000,1627145.0,6745.158115
15095000,15100000,5241,5000,1627456.0,6745.54384985
15100000,15105000,5242,5000,1627768.0,6745.92887319
15105000,15110000,5243,5000,1628079.0,6746.29550616
15110000,15115000,5244,5000,1628391.0,6745.03023996
15115000,15120000,5245,5000,1628703.0,6743.85816532
15120000,15125000,5246,5000,1629014.0,6742.51881784
15125000,15130000,5247,5000,1629326.0,6741.18238975
15130000,15135000,5248,5000,1629637.0,6740.20406021
15135000,15140000,5249,5000,1629949.0,6739.04066099
15140000,15145000,5250,5000,1630261.0,6738.08655901
15145000,15150000,5251,5000,1630572.0,6736.89853663
15150000,15155000,5252,5000,1630884.0,6734.51969627
15155000,15160000,5253,5000,1631195.0,6733.35746929
15160000,15165000,5254,5000,1631507.0,6732.14095573
15165000,15170000,5255,5000,1631819.0,6731.15476247
15170000,15175000,5256,5000,1632130.0,6729.90717202
15175000,15180000,5257,5000,1632442.0,6728.9454356
15180000,15185000,5258,5000,1632754.0,6727.98506188
15185000,15190000,5259,5000,1633065.0,6726.76245654
15190000,15195000,5260,5000,1633377.0,6725.59464179
15195000,15200000,5261,5000,1633689.0,6724.38099032
15200000,15205000,5262,5000,1634000.0,6723.14625222
15205000,15210000,5263,5000,1634312.0,6722.1959932
15210000,15215000,5264,5000,1634623.0,6722.60114043
15215000,15220000,5265,5000,1634935.0,6722.45371025
15220000,15225000,5266,5000,1635246.0,6722.83189817
15225000,15230000,5267,5000,1635558.0,6723.51701136
15230000,15235000,5268,5000,1635869.0,6724.11231161
15235000,15240000,5269,5000,1636181.0,6724.65765927
15240000,15245000,5270,5000,1636493.0,6725.10460341
15245000,15250000,5271,5000,1636804.0,6725.45246506
15250000,15255000,5272,5000,1637116.0,6725.75426434
15255000,15260000,5273,5000,1637428.0,6726.27682437
15260000,15265000,5274,5000,1637739.0,6726.57260571
15265000,15270000,5275,5000,1638051.0,6727.08316778
15270000,15275000,5276,5000,1638362.0,6727.3863547
15275000,15280000,5277,5000,1638674.0,6727.99309496
15280000,15285000,5278,5000,1638985.0,6728.59375106
15285000,15290000,5279,5000,1639297.0,6729.2008874
15290000,15295000,5280,5000,1639609.0,6729.55869352
15295000,15300000,5281,5000,1639920.0,6730.13233938
15300000,15305000,5282,5000,1640232.0,6730.71168766
15305000,15310000,5283,5000,1640543.0,6731.32003313
15310000,15315000,5284,5000,1640855.0,6731.86217944
15315000,15320000,5285,5000,1641167.0,6732.26110081
15320000,15325000,5286,5000,1641478.0,6732.65868018
15325000,15330000,5287,5000,1641790.0,6731.56244824
15330000,15335000,5288,5000,1642102.0,6730.60555749
15335000,15340000,5289,5000,1642413.0,6731.05543979
15340000,15345000,5290,5000,1642725.0,6731.42615638
15345000,15350000,5291,5000,1643037.0,6731.53604892
15350000,15355000,5292,5000,1643348.0,6731.9868661
15355000,15360000,5293,5000,1643660.0,6732.36852018
15360000,15365000,5294,5000,1643971.0,6732.86026176
15365000,15370000,5295,5000,1644283.0,6733.39891891
15370000,15375000,5296,5000,1644594.0,6733.68183128
15375000,15380000,5297,5000,1644906.0,6734.01765522
15380000,15385000,5298,5000,1645218.0,6734.39818143
15385000,15390000,5299,5000,1645529.0,6734.74788496
15390000,15395000,5300,5000,1645841.0,6735.31387209
15395000,15400000,5301,5000,1646152.0,6735.54565461
15400000,15405000,5302,5000,1646464.0,6735.21712314
15405000,15410000,5303,5000,1646775.0,6735.16420699
15410000,15415000,5304,5000,1647087.0,6735.10753446
15415000,15420000,5305,5000,1647399.0,6734.98765914
15420000,15425000,5306,5000,1647710.0,6734.92802029
15425000,15430000,5307,5000,1648022.0,6734.56430856
15430000,15435000,5308,5000,1648334.0,6734.20523421
15435000,15440000,5309,5000,1648645.0,6734.15124039
15440000,15445000,5310,5000,1648957.0,6733.89457711
15445000,15450000,5311,5000,1649269.0,6732.96589413
15450000,15455000,5312,5000,1649580.0,6732.90816802
15455000,15460000,5313,5000,1649892.0,6733.60430264
15460000,15465000,5314,5000,1650204.0,6734.28792116
15465000,15470000,5315,5000,1650515.0,6734.66334107
15470000,15475000,5316,5000,1650827.0,6735.27521111
15475000,15480000,5317,5000,1651139.0,6735.65963544
15480000,15485000,5318,5000,1651450.0,6736.03647317
15485000,15490000,5319,5000,1651762.0,6735.9542002
15490000,15495000,5320,5000,1652074.0,6735.8900586
15495000,15500000,5321,5000,1652385.0,6735.53332773
15500000,15505000,5322,5000,1652697.0,6735.14348447
15505000,15510000,5323,5000,1653009.0,6734.86012902
15510000,15515000,5324,5000,1653320.0,6734.48900392
15515000,15520000,5325,5000,1653632.0,6735.17130248
15520000,15525000,5326,5000,1653944.0,6735.57622589
15525000,15530000,5327,5000,1654255.0,6736.17759542
15530000,15535000,5328,5000,1654567.0,6736.17841841
15535000,15540000,5329,5000,1654878.0,6736.04523699
15540000,15545000,5330,5000,1655190.0,6736.41283785
15545000,15550000,5331,5000,1655501.0,6736.32364769
15550000,15555000,5332,5000,1655813.0,6736.70156319
15555000,15560000,5333,5000,1656125.0,6737.07441273
15560000,15565000,5334,5000,1656436.0,6737.74645343
15565000,15570000,5335,5000,1656748.0,6737.68762837
15570000,15575000,5336,5000,1657059.0,6736.74439744
15575000,15580000,5337,5000,1657371.0,6735.80334881
15580000,15585000,5338,5000,1657683.0,6734.50452235
15585000,15590000,5339,5000,1657994.0,6733.54772108
15590000,15595000,5340,5000,1658306.0,6733.97906562
15595000,15600000,5341,5000,1658617.0,6734.53421017
15600000,15605000,5342,5000,1658929.0,6735.00345046
15605000,15610000,5343,5000,1659240.0,6735.32301115
15610000,15615000,5344,5000,1659552.0,6735.85010784
15615000,15620000,5345,5000,1659864.0,6736.08599046
15620000,15625000,5346,5000,1660175.0,6735.98853299
15625000,15630000,5347,5000,1660487.0,6736.65899081
15630000,15635000,5348,5000,1660799.0,6736.64078143
15635000,15640000,5349,5000,1661110.0,6736.23617334
15640000,15645000,5350,5000,1661422.0,6735.3015684
15645000,15650000,5351,5000,1661734.0,6734.91156593
15650000,15655000,5352,5000,1662045.0,6733.98058265
15655000,15660000,5353,5000,1662357.0,6733.87030308
15660000,15665000,5354,5000,1662669.0,6733.47784632
15665000,15670000,5355,5000,1662980.0,6734.15980011
15670000,15675000,5356,5000,1663292.0,6734.51297151
15675000,15680000,5357,5000,1663603.0,6734.85865135
15680000,15685000,5358,5000,1663915.0,6735.12248679
15685000,15690000,5359,5000,1664226.0,6735.48627479
15690000,15695000,5360,5000,1664538.0,6736.14541113
15695000,15700000,5361,5000,1664849.0,6736.60474391
15700000,15705000,5362,5000,1665161.0,6736.99394889
15705000,15710000,5363,5000,1665473.0,6737.58360917
15710000,15715000,5364,5000,1665784.0,6737.77159164
15715000,15720000,5365,5000,1666096.0,6737.61947481
15720000,15725000,5366,5000,1666408.0,6737.56256897
15725000,15730000,5367,5000,1666719.0,6737.70774493
15730000,15735000,5368,5000,1667031.0,6738.09371339
15735000,15740000,5369,5000,1667342.0,6738.47698806
15740000,15745000,5370,5000,1667654.0,6739.18725734
15745000,15750000,5371,5000,1667966.0,6739.79879961
15750000,15755000,5372,5000,1668277.0,6740.38821122
15755000,15760000,5373,5000,1668589.0,6741.07786925
15760000,15765000,5374,5000,1668900.0,6741.65509247
15765000,15770000,5375,5000,1669212.0,6742.24930226
15770000,15775000,5376,5000,1669524.0,6742.94416477
15775000,15780000,5377,5000,1669835.0,6743.22752389
15780000,15785000,5378,5000,1670147.0,6743.83211596
15785000,15790000,5379,5000,1670458.0,6744.42561287
15790000,15795000,5380,5000,1670770.0,6744.90918543
15795000,15800000,5381,5000,1671082.0,6745.51361478
15800000,15805000,5382,5000,1671393.0,6746.11316344
15805000,15810000,5383,5000,1671705.0,6746.47765057
15810000,15815000,5384,5000,1672016.0,6746.65960366
15815000,15820000,5385,5000,1672328.0,6746.84175632
15820000,15825000,5386,5000,1672640.0,6746.24069582
15825000,15830000,5387,5000,1672951.0,6746.42979137
15830000,15835000,5388,5000,1673263.0,6746.80525812
15835000,15840000,5389,5000,1673575.0,6747.17388179
15840000,15845000,5390,5000,1673886.0,6747.54881798
15845000,15850000,5391,5000,1674198.0,6747.91792797
15850000,15855000,5392,5000,1674509.0,6747.59520311
15855000,15860000,5393,5000,1674821.0,6747.67922367
15860000,15865000,5394,5000,1675132.0,6747.77552426
15865000,15870000,5395,5000,1675444.0,6747.95387284
15870000,15875000,5396,5000,1675756.0,6748.63821183
15875000,15880000,5397,5000,1676067.0,6749.33607216
15880000,15885000,5398,5000,1676379.0,6749.9423164
15885000,15890000,5399,5000,1676690.0,6750.1766286
15890000,15895000,5400,5000,1677002.0,6750.87035735
15895000,15900000,5401,5000,1677314.0,6751.23787184
15900000,15905000,5402,5000,1677625.0,6751.87005908
15905000,15910000,5403,5000,1677937.0,6752.23940065
15910000,15915000,5404,5000,1678249.0,6752.616166
15915000,15920000,5405,5000,1678560.0,6752.96316662
15920000,15925000,5406,5000,1678872.0,6753.06236834
15925000,15930000,5407,5000,1679183.0,6753.51018733
15930000,15935000,5408,5000,1679495.0,6753.92398104
15935000,15940000,5409,5000,1679806.0,6754.20584787
15940000,15945000,5410,5000,1680118.0,6754.37148874
15945000,15950000,5411,5000,1680429.0,6754.41002522
15950000,15955000,5412,5000,1680741.0,6754.57441185
15955000,15960000,5413,5000,1681053.0,6755.03506855
15960000,15965000,5414,5000,1681364.0,6755.53372125
15965000,15970000,5415,5000,1681676.0,6755.93705334
15970000,15975000,5416,5000,1681988.0,6756.12183923
15975000,15980000,5417,5000,1682299.0,6756.82609718
15980000,15985000,5418,5000,1682611.0,6757.30173795
15985000,15990000,5419,5000,1682922.0,6757.92958447
15990000,15995000,5420,5000,1683234.0,6758.16835309
15995000,16000000,5421,5000,1683546.0,6758.34182878
16000000,16005000,5422,5000,1683857.0,6758.55751719
16005000,16010000,5423,5000,1684158.0,6758.816903
16010000,16015000,5424,5000,1684459.0,6758.90537481
16015000,16020000,5425,5000,1684760.0,6758.9780687
16020000,16025000,5426,5000,1685061.0,6759.32227246
16025000,16030000,5427,5000,1685362.0,6758.92867454
16030000,16035000,5428,5000,1685663.0,6759.1135513
16035000,16040000,5429,5000,1685964.0,6759.47772587
16040000,16045000,5430,5000,1686265.0,6759.8610694
16045000,16050000,5431,5000,1686566.0,6760.4047165
16050000,16055000,5432,5000,1686867.0,6760.60320621
16055000,16060000,5433,5000,1687168.0,6760.80475653
16060000,16065000,5434,5000,1687469.0,6761.14927192
16065000,16070000,5435,5000,1687769.0,6761.60639514
16070000,16075000,5436,5000,1688070.0,6761.94680015
16075000,16080000,5437,5000,1688371.0,6762.27398367
16080000,16085000,5438,5000,1688672.0,6762.54559227
16085000,16090000,5439,5000,1688973.0,6762.70708282
16090000,16095000,5440,5000,1689274.0,6763.16678093
16095000,16100000,5441,5000,1689575.0,6763.63256196
16100000,16105000,5442,5000,1689876.0,6763.82470962
16105000,16110000,5443,5000,1690177.0,6763.97115861
16110000,16115000,5444,5000,1690478.0,6763.87980771
16115000,16120000,5445,5000,1690779.0,6764.51162694
16120000,16125000,5446,5000,1691080.0,6765.15138555
16125000,16130000,5447,5000,1691381.0,6765.70708348
16130000,16135000,5448,5000,1691682.0,6766.09060755
16135000,16140000,5449,5000,1691982.0,6766.46092336
16140000,16145000,5450,5000,1692283.0,6766.92714838
16145000,16150000,5451,5000,1692584.0,6767.38985917
16150000,16155000,5452,5000,1692885.0,6767.77595645
16155000,16160000,5453,5000,1693186.0,6767.31469652
16160000,16165000,5454,5000,1693487.0,6766.15828682
16165000,16170000,5455,5000,1693788.0,6764.97747584
16170000,16175000,5456,5000,1694089.0,6762.47591011
16175000,16180000,5457,5000,1694389.0,6761.32139657
16180000,16185000,5458,5000,1694690.0,6758.7791066
16185000,16190000,5459,5000,1694991.0,6757.63405171
16190000,16195000,5460,5000,1695292.0,6756.6410186
16195000,16200000,5461,5000,1695593.0,6755.68806427
16200000,16205000,5462,5000,1695894.0,6753.15963571
16205000,16210000,5463,5000,1696195.0,6753.80494778
16210000,16215000,5464,5000,1696496.0,6754.37210647
16215000,16220000,5465,5000,1696797.0,6754.91657828
16220000,16225000,5466,5000,1697098.0,6755.47919758
16225000,16230000,5467,5000,1697399.0,6756.12158297
16230000,16235000,5468,5000,1697700.0,6756.45637045
16235000,16240000,5469,5000,1698001.0,6757.02025734
16240000,16245000,5470,5000,1698301.0,6757.17832251
16245000,16250000,5471,5000,1698602.0,6757.52572624
16250000,16255000,5472,5000,1698903.0,6757.85250172
16255000,16260000,5473,5000,1699204.0,6758.20255196
16260000,16265000,5474,5000,1699505.0,6758.8488479
16265000,16270000,5475,5000,1699806.0,6759.50850961
16270000,16275000,5476,5000,1700107.0,6760.05882327
16275000,16280000,5477,5000,1700408.0,6760.60733981
16280000,16285000,5478,5000,1700709.0,6761.16760039
16285000,16290000,5479,5000,1701010.0,6761.06195783
16290000,16295000,5480,5000,1701311.0,6760.66934394
16295000,16300000,5481,5000,1701612.0,6760.05665221
16300000,16305000,5482,5000,1701913.0,6758.76499045
16305000,16310000,5483,5000,1702213.0,6759.22305756
16310000,16315000,5484,5000,1702514.0,6759.13280678
16315000,16320000,5485,5000,1702815.0,6759.70513526
16320000,16325000,5486,5000,1703116.0,6760.05196794
16325000,16330000,5487,5000,1703417.0,6760.61996107
16330000,16335000,5488,5000,1703718.0,6761.17939186
16335000,16340000,5489,5000,1704019.0,6761.72144545
16340000,16345000,5490,5000,1704320.0,6762.37769074
16345000,16350000,5491,5000,1704621.0,6762.92790069
16350000,16355000,5492,5000,1704922.0,6763.18634122
16355000,16360000,5493,5000,1705222.0,6763.52591783
16360000,16365000,5494,5000,1705523.0,6763.43929366
16365000,16370000,5495,5000,1705824.0,6763.78063131
16370000,16375000,5496,5000,1706125.0,6764.12770123
16375000,16380000,5497,5000,1706426.0,6764.43317328
16380000,16385000,5498,5000,1706727.0,6764.77658861
16385000,16390000,5499,5000,1707028.0,6765.41739185
16390000,16395000,5500,5000,1707329.0,6765.13484643
16395000,16400000,5501,5000,1707630.0,6765.05170401
16400000,16405000,5502,5000,1707931.0,6765.72219192
16405000,16410000,5503,5000,1708232.0,6766.28574199
16410000,16415000,5504,5000,1708533.0,6766.60320038
16415000,16420000,5505,5000,1708834.0,6767.17182099
16420000,16425000,5506,5000,1709135.0,6767.83912914
16425000,16430000,5507,5000,1709436.0,6768.38856937
16430000,16435000,5508,5000,1709736.0,6769.04457198
16435000,16440000,5509,5000,1710037.0,6769.71368249
16440000,16445000,5510,5000,1710338.0,6770.27896632
16445000,16450000,5511,5000,1710639.0,6770.11230665
16450000,16455000,5512,5000,1710940.0,6769.96261943
16455000,16460000,5513,5000,1711241.0,6770.52141403
16460000,16465000,5514,5000,1711542.0,6771.17153582
16465000,16470000,5515,5000,1711843.0,6771.73786784
16470000,16475000,5516,5000,1712144.0,6772.38962644
16475000,16480000,5517,5000,1712444.0,6772.71968178
16480000,16485000,5518,5000,1712745.0,6772.69962254
16485000,16490000,5519,5000,1713046.0,6772.48574536
16490000,16495000,5520,5000,1713347.0,6772.46152961
16495000,16500000,5521,5000,1713648.0,6772.60230844
16500000,16505000,5522,5000,1713949.0,6772.67011891
16505000,16510000,5523,5000,1714250.0,6772.78058682
16510000,16515000,5524,5000,1714551.0,6773.22698761
16515000,16520000,5525,5000,1714852.0,6773.67883397
16520000,16525000,5526,5000,1715153.0,6774.08490954
16525000,16530000,5527,5000,1715454.0,6774.39704023
16530000,16535000,5528,5000,1715755.0,6774.28539941
16535000,16540000,5529,5000,1716056.0,6774.95144019
16540000,16545000,5530,5000,1716356.0,6775.27463971
16545000,16550000,5531,5000,1716657.0,6775.46081522
16550000,16555000,5532,5000,1716958.0,6775.84248888
16555000,16560000,5533,5000,1717259.0,6776.45338803
16560000,16565000,5534,5000,1717560.0,6776.6857125
16565000,16570000,5535,5000,1717861.0,6777.24552505
16570000,16575000,5536,5000,1718162.0,6777.58334072
16575000,16580000,5537,5000,1718463.0,6778.13751738
16580000,16585000,5538,5000,1718764.0,6778.29307635
16585000,16590000,5539,5000,1719065.0,6778.36242042
16590000,16595000,5540,5000,1719366.0,6779.0106138
16595000,16600000,5541,5000,1719667.0,6779.66536348
16600000,16605000,5542,5000,1719968.0,6779.97445193
16605000,16610000,5543,5000,1720269.0,6780.32367732
16610000,16615000,5544,5000,1720570.0,6780.68414429
16615000,16620000,5545,5000,1720871.0,6780.82029611
16620000,16625000,5546,5000,1721172.0,6780.37387335
16625000,16630000,5547,5000,1721473.0,6780.693502
16630000,16635000,5548,5000,1721773.0,6780.83605917
16635000,16640000,5549,5000,1722074.0,6780.82187195
16640000,16645000,5550,5000,1722375.0,6780.79616337
16645000,16650000,5551,5000,1722676.0,6781.08830917
16650000,16655000,5552,5000,1722977.0,6781.51067981
16655000,16660000,5553,5000,1723278.0,6781.50201276
16660000,16665000,5554,5000,1723579.0,6781.83637187
16665000,16670000,5555,5000,1723880.0,6781.74156123
16670000,16675000,5556,5000,1724181.0,6781.32075972
16675000,16680000,5557,5000,1724482.0,6781.45072952
16680000,16685000,5558,5000,1724783.0,6781.79338468
16685000,16690000,5559,5000,1725083.0,6781.69898279
16690000,16695000,5560,5000,1725384.0,6782.03846859
16695000,16700000,5561,5000,1725685.0,6782.37575995
16700000,16705000,5562,5000,1725986.0,6782.71379334
16705000,16710000,5563,5000,1726287.0,6782.6265554
16710000,16715000,5564,5000,1726588.0,6782.9646682
16715000,16720000,5565,5000,1726889.0,6783.31174942
16720000,16725000,5566,5000,1727190.0,6783.64447169
16725000,16730000,5567,5000,1727491.0,6784.29527175
16730000,16735000,5568,5000,1727792.0,6784.64224096
16735000,16740000,5569,5000,1728093.0,6785.18250583
16740000,16745000,5570,5000,1728394.0,6785.34069281
16745000,16750000,5571,5000,1728695.0,6785.31206605
16750000,16755000,5572,5000,1728996.0,6785.65922846
16755000,16760000,5573,5000,1729297.0,6785.56665945
16760000,16765000,5574,5000,1729597.0,6785.87527923
16765000,16770000,5575,5000,1729898.0,6786.21521301
16770000,16775000,5576,5000,1730199.0,6785.982125
16775000,16780000,5577,5000,1730500.0,6786.24234083
16780000,16785000,5578,5000,1730801.0,6786.92965058
16785000,16790000,5579,5000,1731102.0,6787.56451216
16790000,16795000,5580,5000,1731403.0,6787.89804272
16795000,16800000,5581,5000,1731704.0,6788.53328006
16800000,16805000,5582,5000,1732005.0,6788.87923401
16805000,16810000,5583,5000,1732306.0,6789.27177533
16810000,16815000,5584,5000,1732607.0,6789.83166306
16815000,16820000,5585,5000,1732908.0,6790.15129724
16820000,16825000,5586,5000,1733209.0,6790.02975472
16825000,16830000,5587,5000,1733510.0,6789.58117988
16830000,16835000,5588,5000,1733811.0,6788.61672576
16835000,16840000,5589,5000,1734112.0,6788.49280527
16840000,16845000,5590,5000,1734413.0,6787.54976609
16845000,16850000,5591,5000,1734713.0,6787.28914761
16850000,16855000,5592,5000,1735014.0,6787.06021919
16855000,16860000,5593,5000,1735315.0,6786.84677639
16860000,16865000,5594,5000,1735616.0,6786.66386652
16865000,16870000,5595,5000,1735917.0,6787.11205265
16870000,16875000,5596,5000,1736218.0,6787.66517033
16875000,16880000,5597,5000,1736519.0,6788.31361221
16880000,16885000,5598,5000,1736820.0,6788.87098601
16885000,16890000,5599,5000,1737121.0,6789.41841382
16890000,16895000,5600,5000,1737422.0,6789.278457
16895000,16900000,5601,5000,1737723.0,6789.94159588
16900000,16905000,5602,5000,1738024.0,6790.19191471
16905000,16910000,5603,5000,1738325.0,6790.86044802
16910000,16915000,5604,5000,1738626.0,6791.52848294
16915000,16920000,5605,5000,1738927.0,6792.0870874
16920000,16925000,5606,5000,1739228.0,6792.06894985
16925000,16930000,5607,5000,1739528.0,6792.68612803
16930000,16935000,5608,5000,1739829.0,6792.95498565
16935000,16940000,5609,5000,1740130.0,6793.29158436
16940000,16945000,5610,5000,1740431.0,6793.6358387
16945000,16950000,5611,5000,1740732.0,6793.86898947
16950000,16955000,5612,5000,1741033.0,6794.50654688
16955000,16960000,5613,5000,1741334.0,6795.16252072
16960000,16965000,5614,5000,1741635.0,6795.49221749
16965000,16970000,5615,5000,1741936.0,6796.03728079
16970000,16975000,5616,5000,1742236.0,6796.68835531
16975000,16980000,5617,5000,1742537.0,6797.24111768
16980000,16985000,5618,5000,1742838.0,6797.79224287
16985000,16990000,5619,5000,1743139.0,6798.33697726
16990000,16995000,5620,5000,1743440.0,6798.87324139
16995000,17000000,5621,5000,1743741.0,6799.48448284
17000000,17005000,5622,5000,1744042.0,6800.01677728
17005000,17010000,5623,5000,1744358.0,6800.67169378
17010000,17015000,5624,5000,1744674.0,6801.34629782
17015000,17020000,5625,5000,1744990.0,6801.72180812
17020000,17025000,5626,5000,1745306.0,6801.29755471
17025000,17030000,5627,5000,1745621.0,6801.672505
17030000,17035000,5628,5000,1745937.0,6801.96494582
17035000,17040000,5629,5000,1746253.0,6802.26650409
17040000,17045000,5630,5000,1746569.0,6802.65360586
17045000,17050000,5631,5000,1746885.0,6803.22623567
17050000,17055000,5632,5000,1747201.0,6803.80296804
17055000,17060000,5633,5000,1747517.0,6803.83620038
17060000,17065000,5634,5000,1747833.0,6804.41793405
17065000,17070000,5635,5000,1748149.0,6805.07023597
17070000,17075000,5636,5000,1748465.0,6805.74475372
17075000,17080000,5637,5000,1748781.0,6806.32718903
17080000,17085000,5638,5000,1749097.0,6807.01117995
17085000,17090000,5639,5000,1749413.0,6807.59492746
17090000,17095000,5640,5000,1749729.0,6807.89830398
17095000,17100000,5641,5000,1750045.0,6807.51914999
17100000,17105000,5642,5000,1750361.0,6807.86580011
17105000,17110000,5643,5000,1750677.0,6808.22164604
17110000,17115000,5644,5000,1750993.0,6808.57862525
17115000,17120000,5645,5000,1751309.0,6808.21510736
17120000,17125000,5646,5000,1751625.0,6808.56957318
17125000,17130000,5647,5000,1751941.0,6808.93882526
17130000,17135000,5648,5000,1752256.0,6809.24053111
17135000,17140000,5649,5000,1752572.0,6809.55366723
17140000,17145000,5650,5000,1752888.0,6809.86653
17145000,17150000,5651,5000,1753204.0,6810.22007129
17150000,17155000,5652,5000,1753520.0,6810.12286791
17155000,17160000,5653,5000,1753836.0,6810.79535711
17160000,17165000,5654,5000,1754152.0,6811.37580277
17165000,17170000,5655,5000,1754468.0,6811.9379083
17170000,17175000,5656,5000,1754784.0,6812.26886684
17175000,17180000,5657,5000,1755100.0,6812.49735167
17180000,17185000,5658,5000,1755416.0,6812.72975986
17185000,17190000,5659,5000,1755731.0,6813.39507094
17190000,17195000,5660,5000,1756047.0,6814.07118254
17195000,17200000,5661,5000,1756363.0,6814.5714366
17200000,17205000,5662,5000,1756679.0,6815.10687814
17205000,17210000,5663,5000,1756995.0,6815.68684039
17210000,17215000,5664,5000,1757311.0,6816.05283919
17215000,17220000,5665,5000,1757627.0,6816.47277275
17220000,17225000,5666,5000,1757943.0,6816.06132935
17225000,17230000,5667,5000,1758259.0,6816.64247841
17230000,17235000,5668,5000,1758575.0,6816.78937122
17235000,17240000,5669,5000,1758891.0,6817.18497245
17240000,17245000,5670,5000,1759207.0,6817.42549608
17245000,17250000,5671,5000,1759523.0,6817.44403405
17250000,17255000,5672,5000,1759839.0,6818.00634737
17255000,17260000,5673,5000,1760155.0,6818.65917529
17260000,17265000,5674,5000,1760471.0,6819.23568437
17265000,17270000,5675,5000,1760787.0,6819.79594944
17270000,17275000,5676,5000,1761103.0,6820.36181103
17275000,17280000,5677,5000,1761419.0,6821.03421862
17280000,17285000,5678,5000,1761735.0,6821.59851277
17285000,17290000,5679,5000,1762051.0,6821.53691318
17290000,17295000,5680,5000,1762367.0,6820.61661519
17295000,17300000,5681,5000,1762682.0,6819.50195942
17300000,17305000,5682,5000,1762998.0,6818.24471107
17305000,17310000,5683,5000,1763314.0,6817.27581083
17310000,17315000,5684,5000,1763630.0,6817.61154866
17315000,17320000,5685,5000,1763946.0,6818.06678431
17320000,17325000,5686,5000,1764262.0,6818.43693673
17325000,17330000,5687,5000,1764578.0,6819.08531859
17330000,17335000,5688,5000,1764894.0,6819.73695913
17335000,17340000,5689,5000,1765210.0,6820.29451842
17340000,17345000,5690,5000,1765525.0,6820.64175217
17345000,17350000,5691,5000,1765841.0,6821.01626666
17350000,17355000,5692,5000,1766157.0,6821.39941314
17355000,17360000,5693,5000,1766473.0,6821.72900837
17360000,17365000,5694,5000,1766789.0,6822.30550264
17365000,17370000,5695,5000,1767105.0,6822.88550585
17370000,17375000,5696,5000,1767421.0,6823.56850624
17375000,17380000,5697,5000,1767737.0,6824.11717566
17380000,17385000,5698,5000,1768053.0,6824.18924794
17385000,17390000,5699,5000,1768369.0,6824.84485608
17390000,17395000,5700,5000,1768685.0,6825.07983633
17395000,17400000,5701,5000,1769001.0,6825.43183267
17400000,17405000,5702,5000,1769317.0,6825.4343219
17405000,17410000,5703,5000,1769632.0,6825.44568831
17410000,17415000,5704,5000,1769948.0,6825.79367797
17415000,17420000,5705,5000,1770265.0,6826.21410906
17420000,17425000,5706,5000,1770580.0,6826.54653238
17425000,17430000,5707,5000,1770896.0,6826.87801255
17430000,17435000,5708,5000,1771212.0,6827.23725149
17435000,17440000,5709,5000,1771528.0,6827.40591526
17440000,17445000,5710,5000,1771844.0,6827.75948605
17445000,17450000,5711,5000,1772160.0,6827.90863523
17450000,17455000,5712,5000,1772476.0,6827.63848654
17455000,17460000,5713,5000,1772792.0,6827.4713417
17460000,17465000,5714,5000,1773108.0,6828.11914136
17465000,17470000,5715,5000,1773424.0,6828.68882002
17470000,17475000,5716,5000,1773739.0,6829.25951181
17475000,17480000,5717,5000,1774055.0,6829.5987503
17480000,17485000,5718,5000,1774371.0,6829.85990351
17485000,17490000,5719,5000,1774687.0,6830.41254106
17490000,17495000,5720,5000,1775003.0,6830.7809262
17495000,17500000,5721,5000,1775319.0,6831.13024387
17500000,17505000,5722,5000,1775635.0,6830.89695083
17505000,17510000,5723,5000,1775951.0,6830.64852958
17510000,17515000,5724,5000,1776267.0,6831.30551118
17515000,17520000,5725,5000,1776583.0,6832.00043258
17520000,17525000,5726,5000,1776898.0,6832.57784847
17525000,17530000,5727,5000,1777214.0,6832.94685734
17530000,17535000,5728,5000,1777530.0,6832.68432324
17535000,17540000,5729,5000,1777846.0,6833.35123317
17540000,17545000,5730,5000,1778162.0,6833.56866509
17545000,17550000,5731,5000,1778478.0,6833.91313191
17550000,17555000,5732,5000,1778794.0,6834.42572396
17555000,17560000,5733,5000,1779110.0,6834.98862041
17560000,17565000,5734,5000,1779426.0,6835.54429771
17565000,17570000,5735,5000,1779742.0,6836.10569641
17570000,17575000,5736,5000,1780058.0,6836.44149958
17575000,17580000,5737,5000,1780374.0,6836.34612852
17580000,17585000,5738,5000,1780690.0,6836.3435974
17585000,17590000,5739,5000,1781005.0,6836.65798245
17590000,17595000,5740,5000,1781321.0,6837.31791627
17595000,17600000,5741,5000,1781637.0,6837.40920382
17600000,17605000,5742,5000,1781953.0,6837.057462
17605000,17610000,5743,5000,1782269.0,6837.45638174
17610000,17615000,5744,5000,1782585.0,6837.81706612
17615000,17620000,5745,5000,1782901.0,6838.19119861
17620000,17625000,5746,5000,1783217.0,6838.46935599
17625000,17630000,5747,5000,1783533.0,6838.4496661
17630000,17635000,5748,5000,1783849.0,6839.12457752
17635000,17640000,5749,5000,1784165.0,6839.48010324
17640000,17645000,5750,5000,1784481.0,6840.03204476
17645000,17650000,5751,5000,1784797.0,6840.34375645
17650000,17655000,5752,5000,1785112.0,6840.9035261
17655000,17660000,5753,5000,1785428.0,6841.21424029
17660000,17665000,5754,5000,1785744.0,6841.78316327
17665000,17670000,5755,5000,1786060.0,6842.35672925
17670000,17675000,5756,5000,1786376.0,6842.91291462
17675000,17680000,5757,5000,1786692.0,6843.37759013
17680000,17685000,5758,5000,1787008.0,6844.05651955
17685000,17690000,5759,5000,1787324.0,6844.41018764
17690000,17695000,5760,5000,1787640.0,6844.40521485
17695000,17700000,5761,5000,1787956.0,6845.05660272
17700000,17705000,5762,5000,1788271.0,6845.61441066
17705000,17710000,5763,5000,1788587.0,6845.95026562
17710000,17715000,5764,5000,1788903.0,6844.72825431
17715000,17720000,5765,5000,1789219.0,6845.18624867
17720000,17725000,5766,5000,1789536.0,6845.56737141
17725000,17730000,5767,5000,1789852.0,6846.13381818
17730000,17735000,5768,5000,1790168.0,6846.49416345
17735000,17740000,5769,5000,1790483.0,6846.8438349
17740000,17745000,5770,5000,1790799.0,6847.39619741
17745000,17750000,5771,5000,1791115.0,6847.93604463
17750000,17755000,5772,5000,1791431.0,6848.20691412
17755000,17760000,5773,5000,1791747.0,6848.58522421
17760000,17765000,5774,5000,1792063.0,6848.92838857
17765000,17770000,5775,5000,1792379.0,6849.45957627
17770000,17775000,5776,5000,1792695.0,6849.36364187
17775000,17780000,5777,5000,1793011.0,6848.24257596
17780000,17785000,5778,5000,1793327.0,6847.10083665
17785000,17790000,5779,5000,1793643.0,6844.89014465
17790000,17795000,5780,5000,1793958.0,6843.98044993
17795000,17800000,5781,5000,1794274.0,6841.76975738
17800000,17805000,5782,5000,1794590.0,6840.50093084
17805000,17810000,5783,5000,1794906.0,6840.98120153
17810000,17815000,5784,5000,1795222.0,6841.02719561
17815000,17820000,5785,5000,1795538.0,6841.37011368
17820000,17825000,5786,5000,1795854.0,6841.72780408
17825000,17830000,5787,5000,1796170.0,6841.92425652
17830000,17835000,5788,5000,1796486.0,6842.57356151
17835000,17840000,5789,5000,1796802.0,6843.2354811
17840000,17845000,5790,5000,1797118.0,6843.76354242
17845000,17850000,5791,5000,1797434.0,6844.28010999
17850000,17855000,5792,5000,1797749.0,6844.8165081
17855000,17860000,5793,5000,1798065.0,6845.46911041
17860000,17865000,5794,5000,1798381.0,6846.00681228
17865000,17870000,5795,5000,1798697.0,6846.36151875
17870000,17875000,5796,5000,1799013.0,6846.71252163
17875000,17880000,5797,5000,1799329.0,6847.05488316
17880000,17885000,5798,5000,1799645.0,6847.702678
17885000,17890000,5799,5000,1799961.0,6848.35792201
17890000,17895000,5800,5000,1800276.0,6848.71274767
17895000,17900000,5801,5000,1800592.0,6849.06266834
17900000,17905000,5802,5000,1800908.0,6849.39514871
17905000,17910000,5803,5000,1801224.0,6849.48418673
17910000,17915000,5804,5000,1801540.0,6849.27824893
17915000,17920000,5805,5000,1801856.0,6849.63962829
17920000,17925000,5806,5000,1802172.0,6850.0014591
17925000,17930000,5807,5000,1802488.0,6850.35945211
17930000,17935000,5808,5000,1802804.0,6850.39388932
17935000,17940000,5809,5000,1803120.0,6850.7473106
17940000,17945000,5810,5000,1803436.0,6851.32908636
17945000,17950000,5811,5000,1803752.0,6851.63582715
17950000,17955000,5812,5000,1804068.0,6852.10608263
17955000,17960000,5813,5000,1804384.0,6852.65300919
17960000,17965000,5814,5000,1804700.0,6852.8615547
17965000,17970000,5815,5000,1805016.0,6853.21965041
17970000,17975000,5816,5000,1805332.0,6853.57495975
17975000,17980000,5817,5000,1805648.0,6853.15213738
17980000,17985000,5818,5000,1805963.0,6853.7869821
17985000,17990000,5819,5000,1806279.0,6854.13987573
17990000,17995000,5820,5000,1806595.0,6854.79161739
17995000,18000000,5821,5000,1806911.0,6855.13690552
18000000,18005000,5822,5000,1807227.0,6855.69548686
18005000,18010000,5823,5000,1807538.0,6856.0494172
18010000,18015000,5824,5000,1807848.0,6856.59770455
18015000,18020000,5825,5000,1808159.0,6857.05655515
18020000,18025000,5826,5000,1808469.0,6857.26981062
18025000,18030000,5827,5000,1808780.0,6857.77855313
18030000,18035000,5828,5000,1809090.0,6858.11504248
18035000,18040000,5829,5000,1809401.0,6857.1976736
18040000,18045000,5830,5000,1809711.0,6857.83880392
18045000,18050000,5831,5000,1810022.0,6858.05681913
18050000,18055000,5832,5000,1810332.0,6858.57894316
18055000,18060000,5833,5000,1810642.0,6859.13069165
18060000,18065000,5834,5000,1810953.0,6859.68713765
18065000,18070000,5835,5000,1811264.0,6860.02255963
18070000,18075000,5836,5000,1811574.0,6860.64935359
18075000,18080000,5837,5000,1811885.0,6861.28726803
18080000,18085000,5838,5000,1812195.0,6861.62975013
18085000,18090000,5839,5000,1812505.0,6862.25925735
18090000,18095000,5840,5000,1812816.0,6861.3320589
18095000,18100000,5841,5000,1813126.0,6860.41405389
18100000,18105000,5842,5000,1813437.0,6860.84884111
18105000,18110000,5843,5000,1813747.0,6861.39084613
18110000,18115000,5844,5000,1814058.0,6861.31382775
18115000,18120000,5845,5000,1814368.0,6860.87134718
18120000,18125000,5846,5000,1814678.0,6860.74792348
18125000,18130000,5847,5000,1814989.0,6860.63351385
18130000,18135000,5848,5000,1815299.0,6860.54967017
18135000,18140000,5849,5000,1815610.0,6859.30877157
18140000,18145000,5850,5000,1815921.0,6859.04003606
18145000,18150000,5851,5000,1816231.0,6857.89864174
18150000,18155000,5852,5000,1816542.0,6857.77962876
18155000,18160000,5853,5000,1816852.0,6857.36138318
18160000,18165000,5854,5000,1817162.0,6857.67901425
18165000,18170000,5855,5000,1817473.0,6858.02042232
18170000,18175000,5856,5000,1817783.0,6858.20835918
18175000,18180000,5857,5000,1818094.0,6858.75202364
18180000,18185000,5858,5000,1818404.0,6859.14345096
18185000,18190000,5859,5000,1818715.0,6859.77905294
18190000,18195000,5860,5000,1819025.0,6860.31838861
18195000,18200000,5861,5000,1819336.0,6860.45257406
18200000,18205000,5862,5000,1819646.0,6860.98348899
18205000,18210000,5863,5000,1819957.0,6861.31671996
18210000,18215000,5864,5000,1820267.0,6861.76182227
18215000,18220000,5865,5000,1820578.0,6862.1089235
18220000,18225000,5866,5000,1820888.0,6862.28802683
18225000,18230000,5867,5000,1821199.0,6862.0287968
18230000,18235000,5868,5000,1821509.0,6861.92226864
18235000,18240000,5869,5000,1821820.0,6861.00460532
18240000,18245000,5870,5000,1822130.0,6860.91364354
18245000,18250000,5871,5000,1822441.0,6860.80622615
18250000,18255000,5872,5000,1822751.0,6861.02000852
18255000,18260000,5873,5000,1823061.0,6861.33459712
18260000,18265000,5874,5000,1823372.0,6861.66611921
18265000,18270000,5875,5000,1823682.0,6861.55909535
18270000,18275000,5876,5000,1823993.0,6861.46560229
18275000,18280000,5877,5000,1824303.0,6860.54707299
18280000,18285000,5878,5000,1824614.0,6849.30386037
18285000,18290000,5879,5000,1824924.0,6849.22139906
18290000,18295000,5880,5000,1825235.0,6848.70679653
18295000,18300000,5881,5000,1825545.0,6848.47888084
18300000,18305000,5882,5000,1825856.0,6848.39754288
18305000,18310000,5883,5000,1826166.0,6848.30534499
18310000,18315000,5884,5000,1826476.0,6847.9008353
18315000,18320000,5885,5000,1826787.0,6846.96122204
18320000,18325000,5886,5000,1827097.0,6847.57160424
18325000,18330000,5887,5000,1827408.0,6847.92087962
18330000,18335000,5888,5000,1827718.0,6848.4510555
18335000,18340000,5889,5000,1828029.0,6848.78860212
18340000,18345000,5890,5000,1828339.0,6849.10613499
18345000,18350000,5891,5000,1828650.0,6849.01813331
18350000,18355000,5892,5000,1828960.0,6849.63740343
18355000,18360000,5893,5000,1829271.0,6850.15963827
18360000,18365000,5894,5000,1829581.0,6850.61654274
18365000,18370000,5895,5000,1829892.0,6850.86315915
18370000,18375000,5896,5000,1830202.0,6851.20095654
18375000,18380000,5897,5000,1830513.0,6851.49648575
18380000,18385000,5898,5000,1830823.0,6851.79976465
18385000,18390000,5899,5000,1831134.0,6852.12093514
18390000,18395000,5900,5000,1831444.0,6852.10977103
18395000,18400000,5901,5000,1831754.0,6852.17415101
18400000,18405000,5902,5000,1832065.0,6852.50956349
18405000,18410000,5903,5000,1832375.0,6852.82433939
18410000,18415000,5904,5000,1832686.0,6853.14506219
18415000,18420000,5905,5000,1832996.0,6853.18410464
18420000,18425000,5906,5000,1833307.0,6853.48621344
18425000,18430000,5907,5000,1833617.0,6853.68199497
18430000,18435000,5908,5000,1833928.0,6853.96101003
18435000,18440000,5909,5000,1834238.0,6854.2219818
18440000,18445000,5910,5000,1834549.0,6853.86574096
18445000,18450000,5911,5000,1834859.0,6854.11782463
18450000,18455000,5912,5000,1835169.0,6854.03960019
18455000,18460000,5913,5000,1835480.0,6853.07183217
18460000,18465000,5914,5000,1835790.0,6851.87694782
18465000,18470000,5915,5000,1836100.0,6850.67651498
18470000,18475000,5916,5000,1836411.0,6848.26878823
18475000,18480000,5917,5000,1836721.0,6847.34909909
18480000,18485000,5918,5000,1837032.0,6847.44264216
18485000,18490000,5919,5000,1837342.0,6848.07272466
18490000,18495000,5920,5000,1837653.0,6848.20525698
18495000,18500000,5921,5000,1837963.0,6848.57047156
18500000,18505000,5922,5000,1838274.0,6848.94824046
18505000,18510000,5923,5000,1838584.0,6849.58864017
18510000,18515000,5924,5000,1838895.0,6849.21179941
18515000,18520000,5925,5000,1839205.0,6846.83100058
18520000,18525000,5926,5000,1839516.0,6845.56996847
18525000,18530000,5927,5000,1839826.0,6846.00791211
18530000,18535000,5928,5000,1840136.0,6846.63620204
18535000,18540000,5929,5000,1840447.0,6846.61768131
18540000,18545000,5930,5000,1840758.0,6846.17778491
18545000,18550000,5931,5000,1841068.0,6846.34473701
18550000,18555000,5932,5000,1841378.0,6846.86759137
18555000,18560000,5933,5000,1841689.0,6847.39065024
18560000,18565000,5934,5000,1841999.0,6848.01934519
18565000,18570000,5935,5000,1842310.0,6848.33952062
18570000,18575000,5936,5000,1842620.0,6848.51518884
18575000,18580000,5937,5000,1842931.0,6848.94157915
18580000,18585000,5938,5000,1843241.0,6849.20021047
18585000,18590000,5939,5000,1843552.0,6849.80323582
18590000,18595000,5940,5000,1843862.0,6848.57634128
18595000,18600000,5941,5000,1844173.0,6846.12407023
18600000,18605000,5942,5000,1844483.0,6846.75500148
18605000,18610000,5943,5000,1844794.0,6847.09153348
18610000,18615000,5944,5000,1845104.0,6847.00246853
18615000,18620000,5945,5000,1845414.0,6847.61921691
18620000,18625000,5946,5000,1845725.0,6848.16203768
18625000,18630000,5947,5000,1846035.0,6848.67754734
18630000,18635000,5948,5000,1846346.0,6849.2043401
18635000,18640000,5949,5000,1846657.0,6849.73544032
18640000,18645000,5950,5000,1846967.0,6849.96992064
18645000,18650000,5951,5000,1847278.0,6850.19809591
18650000,18655000,5952,5000,1847588.0,6849.85336081
18655000,18660000,5953,5000,1847899.0,6848.71862586
18660000,18665000,5954,5000,1848209.0,6848.61822597
18665000,18670000,5955,5000,1848519.0,6847.72181119
18670000,18675000,5956,5000,1848830.0,6847.23334966
18675000,18680000,5957,5000,1849141.0,6846.95530934
18680000,18685000,5958,5000,1849451.0,6846.79930842
18685000,18690000,5959,5000,1849762.0,6846.41978816
18690000,18695000,5960,5000,1850072.0,6846.29017478
18695000,18700000,5961,5000,1850382.0,6846.6075088
18700000,18705000,5962,5000,1850693.0,6847.01266257
18705000,18710000,5963,5000,1851003.0,6847.48947251
18710000,18715000,5964,5000,1851314.0,6847.85835689
18715000,18720000,5965,5000,1851624.0,6848.09958303
18720000,18725000,5966,5000,1851935.0,6848.63525278
18725000,18730000,5967,5000,1852245.0,6848.92099685
18730000,18735000,5968,5000,1852556.0,6849.42317908
18735000,18740000,5969,5000,1852866.0,6849.93899409
18740000,18745000,5970,5000,1853176.0,6850.4497996
18745000,18750000,5971,5000,1853487.0,6850.97611253
18750000,18755000,5972,5000,1853797.0,6851.4882978
18755000,18760000,5973,5000,1854108.0,6850.58039406
18760000,18765000,5974,5000,1854418.0,6851.01339197
18765000,18770000,5975,5000,1854728.0,6850.82898377
18770000,18775000,5976,5000,1855039.0,6851.04994602
18775000,18780000,5977,5000,1855350.0,6851.26294662
18780000,18785000,5978,5000,1855660.0,6851.46666015
18785000,18790000,5979,5000,1855971.0,6851.67995563
18790000,18795000,5980,5000,1856281.0,6851.8627407
18795000,18800000,5981,5000,1856592.0,6851.85907966
18800000,18805000,5982,5000,1856902.0,6851.90454087
18805000,18810000,5983,5000,1857212.0,6851.91768251
18810000,18815000,5984,5000,1857523.0,6852.26431778
18815000,18820000,5985,5000,1857833.0,6852.58480826
18820000,18825000,5986,5000,1858144.0,6853.00975815
18825000,18830000,5987,5000,1858454.0,6853.02685601
18830000,18835000,5988,5000,1858764.0,6853.25119118
18835000,18840000,5989,5000,1859075.0,6853.32175029
18840000,18845000,5990,5000,1859385.0,6852.95470308
18845000,18850000,5991,5000,1859696.0,6852.71647102
18850000,18855000,5992,5000,1860006.0,6852.30886916
18855000,18860000,5993,5000,1860316.0,6852.21635054
18860000,18865000,5994,5000,1860627.0,6851.62339853
18865000,18870000,5995,5000,1860937.0,6852.21878532
18870000,18875000,5996,5000,1861248.0,6852.54948876
18875000,18880000,5997,5000,1861558.0,6853.10765477
18880000,18885000,5998,5000,1861869.0,6853.39759276
18885000,18890000,5999,5000,1862179.0,6853.58298402
18890000,18895000,6000,5000,1862490.0,6853.93042483
18895000,18900000,6001,5000,1862800.0,6854.51832311
18900000,18905000,6002,5000,1863111.0,6854.80467448
18905000,18910000,6003,5000,1863421.0,6854.83109837
18910000,18915000,6004,5000,1863731.0,6854.83895146
18915000,18920000,6005,5000,1864042.0,6854.96437231
18920000,18925000,6006,5000,1864352.0,6855.34404628
18925000,18930000,6007,5000,1864663.0,6855.8374407
18930000,18935000,6008,5000,1864973.0,6856.46353549
18935000,18940000,6009,5000,1865284.0,6856.77467283
18940000,18945000,6010,5000,1865594.0,6857.08581475
18945000,18950000,6011,5000,1865905.0,6857.33811033
18950000,18955000,6012,5000,1866215.0,6857.63524581
18955000,18960000,6013,5000,1866526.0,6857.43820215
18960000,18965000,6014,5000,1866836.0,6857.80815815
18965000,18970000,6015,5000,1867147.0,6858.3397357
18970000,18975000,6016,5000,1867457.0,6858.64226341
18975000,18980000,6017,5000,1867768.0,6858.56047142
18980000,18985000,6018,5000,1868078.0,6858.46501146
18985000,18990000,6019,5000,1868389.0,6858.19363156
18990000,18995000,6020,5000,1868699.0,6857.89760797
18995000,19000000,6021,5000,1869010.0,6857.60819673
19000000,19005000,6022,5000,1869320.0,6856.62680883
19005000,19010000,6023,5000,1869639.0,6855.65223768
19010000,19015000,6024,5000,1869959.0,6855.58587623
19015000,19020000,6025,5000,1870278.0,6855.5247762
19020000,19025000,6026,5000,1870598.0,6855.47722866
19025000,19030000,6027,5000,1870917.0,6854.35273914
19030000,19035000,6028,5000,1871237.0,6854.31007562
19035000,19040000,6029,5000,1871556.0,6854.25894104
19040000,19045000,6030,5000,1871876.0,6854.20054793
19045000,19050000,6031,5000,1872195.0,6854.86849572
19050000,19055000,6032,5000,1872515.0,6855.25801257
19055000,19060000,6033,5000,1872834.0,6855.83257473
19060000,19065000,6034,5000,1873154.0,6856.40889078
19065000,19070000,6035,5000,1873473.0,6856.75746604
19070000,19075000,6036,5000,1873793.0,6857.11388322
19075000,19080000,6037,5000,1874112.0,6857.4630929
19080000,19085000,6038,5000,1874431.0,6857.82001973
19085000,19090000,6039,5000,1874751.0,6858.36525384
19090000,19095000,6040,5000,1875070.0,6858.93315231
19095000,19100000,6041,5000,1875390.0,6858.88607808
19100000,19105000,6042,5000,1875709.0,6859.24237463
19105000,19110000,6043,5000,1876029.0,6859.59639507
19110000,19115000,6044,5000,1876348.0,6859.94446283
19115000,19120000,6045,5000,1876668.0,6860.25851851
19120000,19125000,6046,5000,1876987.0,6860.61332178
19125000,19130000,6047,5000,1877307.0,6861.26410584
19130000,19135000,6048,5000,1877626.0,6861.80616701
19135000,19140000,6049,5000,1877946.0,6862.45070794
19140000,19145000,6050,5000,1878265.0,6862.99615779
19145000,19150000,6051,5000,1878585.0,6863.37727309
19150000,19155000,6052,5000,1878904.0,6863.93561392
19155000,19160000,6053,5000,1879223.0,6864.47126401
19160000,19165000,6054,5000,1879543.0,6865.01124551
19165000,19170000,6055,5000,1879862.0,6865.55582139
19170000,19175000,6056,5000,1880182.0,6865.904277
19175000,19180000,6057,5000,1880501.0,6865.85525356
19180000,19185000,6058,5000,1880820.0,6866.33176324
19185000,19190000,6059,5000,1881140.0,6866.70134051
19190000,19195000,6060,5000,1881459.0,6866.96306316
19195000,19200000,6061,5000,1881779.0,6867.1156985
19200000,19205000,6062,5000,1882098.0,6867.45590303
19205000,19210000,6063,5000,1882418.0,6867.99224302
19210000,19215000,6064,5000,1882737.0,6868.50024668
19215000,19220000,6065,5000,1883057.0,6868.92856642
19220000,19225000,6066,5000,1883376.0,6869.15802516
19225000,19230000,6067,5000,1883696.0,6869.65617378
19230000,19235000,6068,5000,1884015.0,6870.08223117
19235000,19240000,6069,5000,1884335.0,6870.64370784
19240000,19245000,6070,5000,1884654.0,6870.81432027
19245000,19250000,6071,5000,1884974.0,6871.36744413
19250000,19255000,6072,5000,1885293.0,6872.00742008
19255000,19260000,6073,5000,1885613.0,6872.57113753
19260000,19265000,6074,5000,1885932.0,6872.90588924
19265000,19270000,6075,5000,1886251.0,6873.31571504
19270000,19275000,6076,5000,1886571.0,6873.88499665
19275000,19280000,6077,5000,1886890.0,6874.44340643
19280000,19285000,6078,5000,1887210.0,6874.98006094
19285000,19290000,6079,5000,1887529.0,6875.15845695
19290000,19295000,6080,5000,1887849.0,6875.51873115
19295000,19300000,6081,5000,1888168.0,6875.46494395
19300000,19305000,6082,5000,1888488.0,6875.41676201
19305000,19310000,6083,5000,1888807.0,6875.76486562
19310000,19315000,6084,5000,1889127.0,6876.12605625
19315000,19320000,6085,5000,1889446.0,6876.01463945
19320000,19325000,6086,5000,1889766.0,6876.37468967
19325000,19330000,6087,5000,1890085.0,6876.65746161
19330000,19335000,6088,5000,1890405.0,6877.01385329
19335000,19340000,6089,5000,1890724.0,6877.18257917
19340000,19345000,6090,5000,1891043.0,6877.53880489
19345000,19350000,6091,5000,1891363.0,6877.89012806
19350000,19355000,6092,5000,1891682.0,6877.82357286
19355000,19360000,6093,5000,1892002.0,6877.86333094
19360000,19365000,6094,5000,1892321.0,6877.8936243
19365000,19370000,6095,5000,1892641.0,6877.93443654
19370000,19375000,6096,5000,1892960.0,6878.00983638
19375000,19380000,6097,5000,1893280.0,6878.26104397
19380000,19385000,6098,5000,1893599.0,6878.60759202
19385000,19390000,6099,5000,1893919.0,6879.23904267
19390000,19395000,6100,5000,1894238.0,6879.58908308
19395000,19400000,6101,5000,1894558.0,6879.52131932
19400000,19405000,6102,5000,1894877.0,6879.84626934
19405000,19410000,6103,5000,1895196.0,6880.26962645
19410000,19415000,6104,5000,1895516.0,6880.57756335
19415000,19420000,6105,5000,1895835.0,6880.88403912
19420000,19425000,6106,5000,1896155.0,6880.56111288
19425000,19430000,6107,5000,1896474.0,6880.50460441
19430000,19435000,6108,5000,1896794.0,6880.80510243
19435000,19440000,6109,5000,1897113.0,6881.21204012
19440000,19445000,6110,5000,1897433.0,6881.76642642
19445000,19450000,6111,5000,1897752.0,6882.42589329
19450000,19455000,6112,5000,1898072.0,6882.47173853
19455000,19460000,6113,5000,1898391.0,6883.07674118
19460000,19465000,6114,5000,1898711.0,6883.61018305
19465000,19470000,6115,5000,1899030.0,6884.25147057
19470000,19475000,6116,5000,1899349.0,6884.4614919
19475000,19480000,6117,5000,1899669.0,6884.8185795
19480000,19485000,6118,5000,1899989.0,6885.1775469
19485000,19490000,6119,5000,1900308.0,6885.7234788
19490000,19495000,6120,5000,1900628.0,6886.35728867
19495000,19500000,6121,5000,1900947.0,6886.99526696
19500000,19505000,6122,5000,1901267.0,6887.48339464
19505000,19510000,6123,5000,1901586.0,6887.51802184
19510000,19515000,6124,5000,1901906.0,6887.86463099
19515000,19520000,6125,5000,1902225.0,6888.12852171
19520000,19525000,6126,5000,1902545.0,6888.28465918
19525000,19530000,6127,5000,1902864.0,6888.64159015
19530000,19535000,6128,5000,1903184.0,6888.98422238
19535000,19540000,6129,5000,1903503.0,6889.31720342
19540000,19545000,6130,5000,1903822.0,6889.25446845
19545000,19550000,6131,5000,1904142.0,6889.19480316
19550000,19555000,6132,5000,1904461.0,6889.1329319
19555000,19560000,6133,5000,1904781.0,6888.28249331
19560000,19565000,6134,5000,1905100.0,6888.22520007
19565000,19570000,6135,5000,1905420.0,6888.84380932
19570000,19575000,6136,5000,1905739.0,6889.47494156
19575000,19580000,6137,5000,1906059.0,6890.11393382
19580000,19585000,6138,5000,1906378.0,6890.51153034
19585000,19590000,6139,5000,1906698.0,6891.03204333
19590000,19595000,6140,5000,1907017.0,6891.18534102
19595000,19600000,6141,5000,1907337.0,6891.71448475
19600000,19605000,6142,5000,1907656.0,6892.26865997
19605000,19610000,6143,5000,1907976.0,6892.66932341
19610000,19615000,6144,5000,1908295.0,6893.17383148
19615000,19620000,6145,5000,1908614.0,6893.75737206
19620000,19625000,6146,5000,1908934.0,6894.11764684
19625000,19630000,6147,5000,1909253.0,6894.75047259
19630000,19635000,6148,5000,1909573.0,6895.28753553
19635000,19640000,6149,5000,1909892.0,6895.62804404
19640000,19645000,6150,5000,1910212.0,6894.72808228
19645000,19650000,6151,5000,1910531.0,6894.63935961
19650000,19655000,6152,5000,1910851.0,6894.95968845
19655000,19660000,6153,5000,1911170.0,6895.44311001
19660000,19665000,6154,5000,1911490.0,6895.52660078
19665000,19670000,6155,5000,1911809.0,6896.07643391
19670000,19675000,6156,5000,1912129.0,6896.382986
19675000,19680000,6157,5000,1912448.0,6896.93812627
19680000,19685000,6158,5000,1912767.0,6897.30429688
19685000,19690000,6159,5000,1913087.0,6897.86397296
19690000,19695000,6160,5000,1913406.0,6898.00999862
19695000,19700000,6161,5000,1913726.0,6898.51052721
19700000,19705000,6162,5000,1914045.0,6898.7285519
19705000,19710000,6163,5000,1914365.0,6899.23004164
19710000,19715000,6164,5000,1914684.0,6899.4478243
19715000,19720000,6165,5000,1915004.0,6899.37828341
19720000,19725000,6166,5000,1915323.0,6899.87943154
19725000,19730000,6167,5000,1915643.0,6900.51674691
19730000,19735000,6168,5000,1915962.0,6901.06980163
19735000,19740000,6169,5000,1916282.0,6901.36764175
19740000,19745000,6170,5000,1916601.0,6901.79658236
19745000,19750000,6171,5000,1916921.0,6902.3660549
19750000,19755000,6172,5000,1917240.0,6902.61158
19755000,19760000,6173,5000,1917560.0,6902.96038054
19760000,19765000,6174,5000,1917880.0,6903.30654657
19765000,19770000,6175,5000,1918199.0,6903.853299
19770000,19775000,6176,5000,1918518.0,6904.18450746
19775000,19780000,6177,5000,1918838.0,6904.72771505
19780000,19785000,6178,5000,1919157.0,6905.05631725
19785000,19790000,6179,5000,1919477.0,6905.29016789
19790000,19795000,6180,5000,1919796.0,6905.54295832
19795000,19800000,6181,5000,1920116.0,6905.80174319
19800000,19805000,6182,5000,1920435.0,6906.19112226
19805000,19810000,6183,5000,1920755.0,6906.71923799
19810000,19815000,6184,5000,1921074.0,6906.97796192
19815000,19820000,6185,5000,1921394.0,6907.02806622
19820000,19825000,6186,5000,1921713.0,6907.64867472
19825000,19830000,6187,5000,1922033.0,6908.28236736
19830000,19835000,6188,5000,1922352.0,6908.6134031
19835000,19840000,6189,5000,1922672.0,6909.23640002
19840000,19845000,6190,5000,1922991.0,6909.77779421
19845000,19850000,6191,5000,1923310.0,6910.41006611
19850000,19855000,6192,5000,1923630.0,6910.41113395
19855000,19860000,6193,5000,1923949.0,6910.14955958
19860000,19865000,6194,5000,1924269.0,6910.64518908
19865000,19870000,6195,5000,1924588.0,6910.87280806
19870000,19875000,6196,5000,1924908.0,6911.26234255
19875000,19880000,6197,5000,1925227.0,6911.56699469
19880000,19885000,6198,5000,1925547.0,6911.7106436
19885000,19890000,6199,5000,1925866.0,6911.46446831
19890000,19895000,6200,5000,1926186.0,6911.21985763
19895000,19900000,6201,5000,1926505.0,6910.90977193
19900000,19905000,6202,5000,1926825.0,6910.56313217
19905000,19910000,6203,5000,1927144.0,6910.08759979
19910000,19915000,6204,5000,1927463.0,6909.85381262
19915000,19920000,6205,5000,1927783.0,6909.75195915
19920000,19925000,6206,5000,1928102.0,6908.88839292
19925000,19930000,6207,5000,1928422.0,6909.48916067
19930000,19935000,6208,5000,1928741.0,6909.99586172
19935000,19940000,6209,5000,1929061.0,6910.05170089
19940000,19945000,6210,5000,1929380.0,6910.31502135
19945000,19950000,6211,5000,1929700.0,6910.65843188
19950000,19955000,6212,5000,1930019.0,6911.26778017
19955000,19960000,6213,5000,1930339.0,6911.5399881
19960000,19965000,6214,5000,1930658.0,6911.76224792
19965000,19970000,6215,5000,1930978.0,6911.41397431
19970000,19975000,6216,5000,1931297.0,6911.75042936
19975000,19980000,6217,5000,1931617.0,6912.32100969
19980000,19985000,6218,5000,1931936.0,6912.66693958
19985000,19990000,6219,5000,1932256.0,6912.53809399
19990000,19995000,6220,5000,1932575.0,6912.9692518
19995000,20000000,6221,5000,1932895.0,6913.24975333
20000000,20005000,6222,5000,1933214.0,6913.22182633
20005000,20010000,6223,5000,1933526.0,6913.43993908
20010000,20015000,6224,5000,1933837.0,6913.9535847
20015000,20020000,6225,5000,1934148.0,6914.45925604
20020000,20025000,6226,5000,1934459.0,6914.70577779
20025000,20030000,6227,5000,1934771.0,6914.90276927
20030000,20035000,6228,5000,1935082.0,6915.11165944
20035000,20040000,6229,5000,1935393.0,6915.42674251
20040000,20045000,6230,5000,1935704.0,6915.9246514
20045000,20050000,6231,5000,1936016.0,6915.70816768
20050000,20055000,6232,5000,1936327.0,6916.29657385
20055000,20060000,6233,5000,1936638.0,6916.40133521
20060000,20065000,6234,5000,1936950.0,6916.70504826
20065000,20070000,6235,5000,1937261.0,6916.71373291
20070000,20075000,6236,5000,1937572.0,6917.00506577
20075000,20080000,6237,5000,1937883.0,6917.56532351
20080000,20085000,6238,5000,1938194.0,6917.97334289
20085000,20090000,6239,5000,1938506.0,6918.29970805
20090000,20095000,6240,5000,1938817.0,6918.35101196
20095000,20100000,6241,5000,1939128.0,6918.14925514
20100000,20105000,6242,5000,1939439.0,6918.17265823
20105000,20110000,6243,5000,1939751.0,6917.88974885
20110000,20115000,6244,5000,1940062.0,6917.80945113
20115000,20120000,6245,5000,1940373.0,6917.93307821
20120000,20125000,6246,5000,1940684.0,6918.24910552
20125000,20130000,6247,5000,1940996.0,6918.27028906
20130000,20135000,6248,5000,1941307.0,6918.44654036
20135000,20140000,6249,5000,1941618.0,6918.67017256
20140000,20145000,6250,5000,1941929.0,6919.25322964
20145000,20150000,6251,5000,1942241.0,6919.54314084
20150000,20155000,6252,5000,1942552.0,6920.05487722
20155000,20160000,6253,5000,1942863.0,6920.65672035
20160000,20165000,6254,5000,1943175.0,6919.79144944
20165000,20170000,6255,5000,1943486.0,6917.67844175
20170000,20175000,6256,5000,1943797.0,6916.79976276
20175000,20180000,6257,5000,1944108.0,6917.42076928
20180000,20185000,6258,5000,1944419.0,6917.94545475
20185000,20190000,6259,5000,1944731.0,6918.23354014
20190000,20195000,6260,5000,1945042.0,6918.67189069
20195000,20200000,6261,5000,1945353.0,6919.19362656
20200000,20205000,6262,5000,1945664.0,6919.7134554
20205000,20210000,6263,5000,1945976.0,6919.978732
20210000,20215000,6264,5000,1946287.0,6920.23199926
20215000,20220000,6265,5000,1946598.0,6920.49769857
20220000,20225000,6266,5000,1946909.0,6921.01917683
20225000,20230000,6267,5000,1947221.0,6921.53580389
20230000,20235000,6268,5000,1947532.0,6919.44663916
20235000,20240000,6269,5000,1947843.0,6917.14761148
20240000,20245000,6270,5000,1948154.0,6916.87578191
20245000,20250000,6271,5000,1948466.0,6916.64365776
20250000,20255000,6272,5000,1948777.0,6916.30757726
20255000,20260000,6273,5000,1949088.0,6916.72941548
20260000,20265000,6274,5000,1949399.0,6917.07324806
20265000,20270000,6275,5000,1949710.0,6917.50987355
20270000,20275000,6276,5000,1950021.0,6918.02914207
20275000,20280000,6277,5000,1950333.0,6918.21936142
20280000,20285000,6278,5000,1950644.0,6918.22225569
20285000,20290000,6279,5000,1950955.0,6917.95546763
20290000,20295000,6280,5000,1951266.0,6917.85577851
20295000,20300000,6281,5000,1951578.0,6917.78095538
20300000,20305000,6282,5000,1951889.0,6918.13144171
20305000,20310000,6283,5000,1952200.0,6918.64095826
20310000,20315000,6284,5000,1952512.0,6919.23058371
20315000,20320000,6285,5000,1952823.0,6919.82584379
20320000,20325000,6286,5000,1953134.0,6920.34201215
20325000,20330000,6287,5000,1953445.0,6920.66436211
20330000,20335000,6288,5000,1953757.0,6921.16801184
20335000,20340000,6289,5000,1954068.0,6921.76137408
20340000,20345000,6290,5000,1954379.0,6921.9706818
20345000,20350000,6291,5000,1954690.0,6922.48913556
20350000,20355000,6292,5000,1955002.0,6922.87814844
20355000,20360000,6293,5000,1955313.0,6922.90936551
20360000,20365000,6294,5000,1955624.0,6923.03781352
20365000,20370000,6295,5000,1955935.0,6923.04872987
20370000,20375000,6296,5000,1956247.0,6923.0648991
20375000,20380000,6297,5000,1956558.0,6923.12590158
20380000,20385000,6298,5000,1956869.0,6923.21971084
20385000,20390000,6299,5000,1957180.0,6923.4878201
20390000,20395000,6300,5000,1957492.0,6923.73814295
20395000,20400000,6301,5000,1957803.0,6924.02108241
20400000,20405000,6302,5000,1958114.0,6924.33574245
20405000,20410000,6303,5000,1958425.0,6924.33890145
20410000,20415000,6304,5000,1958736.0,6924.62195748
20415000,20420000,6305,5000,1959048.0,6924.84938571
20420000,20425000,6306,5000,1959359.0,6925.11963177
20425000,20430000,6307,5000,1959670.0,6925.42216872
20430000,20435000,6308,5000,1959981.0,6925.66291716
20435000,20440000,6309,5000,1960293.0,6926.1721623
20440000,20445000,6310,5000,1960604.0,6926.64633389
20445000,20450000,6311,5000,1960915.0,6927.12928225
20450000,20455000,6312,5000,1961226.0,6927.3301613
20455000,20460000,6313,5000,1961537.0,6927.59912559
20460000,20465000,6314,5000,1961849.0,6928.06404907
20465000,20470000,6315,5000,1962160.0,6928.37173734
20470000,20475000,6316,5000,1962471.0,6928.67891798
20475000,20480000,6317,5000,1962782.0,6929.08250639
20480000,20485000,6318,5000,1963094.0,6929.36706681
20485000,20490000,6319,5000,1963405.0,6929.93146432
20490000,20495000,6320,5000,1963716.0,6930.44528506
20495000,20500000,6321,5000,1964027.0,6930.92736608
20500000,20505000,6322,5000,1964338.0,6930.05415336
20505000,20510000,6323,5000,1964650.0,6929.182709
20510000,20515000,6324,5000,1964961.0,6928.3176465
20515000,20520000,6325,5000,1965272.0,6927.13031684
20520000,20525000,6326,5000,1965583.0,6924.9476794
20525000,20530000,6327,5000,1965894.0,6924.08518942
20530000,20535000,6328,5000,1966206.0,6923.13945895
20535000,20540000,6329,5000,1966517.0,6922.26555164
20540000,20545000,6330,5000,1966828.0,6921.41376697
20545000,20550000,6331,5000,1967139.0,6920.55172805
20550000,20555000,6332,5000,1967451.0,6919.69748814
20555000,20560000,6333,5000,1967762.0,6917.49142992
20560000,20565000,6334,5000,1968073.0,6916.6377822
20565000,20570000,6335,5000,1968384.0,6915.78617315
20570000,20575000,6336,5000,1968696.0,6914.46671877
20575000,20580000,6337,5000,1969007.0,6913.46410184
20580000,20585000,6338,5000,1969318.0,6912.37297238
20585000,20590000,6339,5000,1969630.0,6911.46563219
20590000,20595000,6340,5000,1969941.0,6910.40267988
20595000,20600000,6341,5000,1970252.0,6910.82280057
20600000,20605000,6342,5000,1970563.0,6911.11274829
20605000,20610000,6343,5000,1970874.0,6911.3558061
20610000,20615000,6344,5000,1971186.0,6911.77760498
20615000,20620000,6345,5000,1971497.0,6912.24849979
20620000,20625000,6346,5000,1971808.0,6912.75927067
20625000,20630000,6347,5000,1972119.0,6913.27368848
20630000,20635000,6348,5000,1972431.0,6913.58096204
20635000,20640000,6349,5000,1972742.0,6914.09622691
20640000,20645000,6350,5000,1973053.0,6914.39068534
20645000,20650000,6351,5000,1973364.0,6914.70396579
20650000,20655000,6352,5000,1973676.0,6915.02672154
20655000,20660000,6353,5000,1973987.0,6915.33611193
20660000,20665000,6354,5000,1974298.0,6915.25299508
20665000,20670000,6355,5000,1974609.0,6915.67249791
20670000,20675000,6356,5000,1974921.0,6916.25367449
20675000,20680000,6357,5000,1975232.0,6916.74513916
20680000,20685000,6358,5000,1975543.0,6917.26248143
20685000,20690000,6359,5000,1975854.0,6917.56905411
20690000,20695000,6360,5000,1976166.0,6918.07393552
20695000,20700000,6361,5000,1976477.0,6917.80542568
20700000,20705000,6362,5000,1976788.0,6917.63462309
20705000,20710000,6363,5000,1977100.0,6917.46674672
20710000,20715000,6364,5000,1977411.0,6917.87219397
20715000,20720000,6365,5000,1977722.0,6918.30524547
20720000,20725000,6366,5000,1978033.0,6918.5529403
20725000,20730000,6367,5000,1978345.0,6918.80317806
20730000,20735000,6368,5000,1978656.0,6919.14228803
20735000,20740000,6369,5000,1978967.0,6919.54146556
20740000,20745000,6370,5000,1979278.0,6919.57330652
20745000,20750000,6371,5000,1979589.0,6919.76750891
20750000,20755000,6372,5000,1979901.0,6919.95758501
20755000,20760000,6373,5000,1980212.0,6920.42567767
20760000,20765000,6374,5000,1980523.0,6920.70661531
20765000,20770000,6375,5000,1980834.0,6919.84487356
20770000,20775000,6376,5000,1981146.0,6918.93974722
20775000,20780000,6377,5000,1981457.0,6918.09135736
20780000,20785000,6378,5000,1981768.0,6917.21075109
20785000,20790000,6379,5000,1982079.0,6916.34445486
20790000,20795000,6380,5000,1982391.0,6914.2493076
20795000,20800000,6381,5000,1982702.0,6914.84119695
20800000,20805000,6382,5000,1983013.0,6915.02751481
20805000,20810000,6383,5000,1983324.0,6915.10477641
20810000,20815000,6384,5000,1983635.0,6914.86614829
20815000,20820000,6385,5000,1983947.0,6915.23617326
20820000,20825000,6386,5000,1984258.0,6915.23868473
20825000,20830000,6387,5000,1984569.0,6915.84719459
20830000,20835000,6388,5000,1984881.0,6916.31770822
20835000,20840000,6389,5000,1985192.0,6916.62203586
20840000,20845000,6390,5000,1985503.0,6916.9112084
20845000,20850000,6391,5000,1985814.0,6917.20111303
20850000,20855000,6392,5000,1986126.0,6917.53293204
20855000,20860000,6393,5000,1986437.0,6917.42227296
20860000,20865000,6394,5000,1986748.0,6917.67623251
20865000,20870000,6395,5000,1987059.0,6918.18594043
20870000,20875000,6396,5000,1987371.0,6918.50768922
20875000,20880000,6397,5000,1987682.0,6918.80582382
20880000,20885000,6398,5000,1987993.0,6917.94566934
20885000,20890000,6399,5000,1988305.0,6918.54202328
20890000,20895000,6400,5000,1988616.0,6918.77117372
20895000,20900000,6401,5000,1988927.0,6918.77297963
20900000,20905000,6402,5000,1989238.0,6919.09286135
20905000,20910000,6403,5000,1989549.0,6919.61607356
20910000,20915000,6404,5000,1989861.0,6919.85505371
20915000,20920000,6405,5000,1990172.0,6920.36250423
20920000,20925000,6406,5000,1990483.0,6920.70397653
20925000,20930000,6407,5000,1990794.0,6921.29567423
20930000,20935000,6408,5000,1991105.0,6921.80662507
20935000,20940000,6409,5000,1991417.0,6922.06182783
20940000,20945000,6410,5000,1991728.0,6922.18807755
20945000,20950000,6411,5000,1992039.0,6922.16893236
20950000,20955000,6412,5000,1992350.0,6921.68200061
20955000,20960000,6413,5000,1992662.0,6920.66223744
20960000,20965000,6414,5000,1992973.0,6919.51265081
20965000,20970000,6415,5000,1993284.0,6917.28802136
20970000,20975000,6416,5000,1993595.0,6916.38124487
20975000,20980000,6417,5000,1993907.0,6915.53535638
20980000,20985000,6418,5000,1994218.0,6914.68337377
20985000,20990000,6419,5000,1994529.0,6913.81125646
20990000,20995000,6420,5000,1994841.0,6912.81368534
20995000,21000000,6421,5000,1995152.0,6911.97430553
21000000,21005000,6422,5000,1995463.0,6911.14166861
21005000,21010000,6423,5000,1995767.0,6909.07548894
21010000,21015000,6424,5000,1996071.0,6906.90852567
21015000,21020000,6425,5000,1996375.0,6905.73062438
21020000,21025000,6426,5000,1996678.0,6904.84476688
21025000,21030000,6427,5000,1996982.0,6902.77101108
21030000,21035000,6428,5000,1997286.0,6901.8429803
21035000,21040000,6429,5000,1997590.0,6900.72922468
21040000,21045000,6430,5000,1997894.0,6901.26671146
21045000,21050000,6431,5000,1998198.0,6901.21276889
21050000,21055000,6432,5000,1998502.0,6901.20453057
21055000,21060000,6433,5000,1998805.0,6900.80368756
21060000,21065000,6434,5000,1999109.0,6900.64816053
21065000,21070000,6435,5000,1999413.0,6901.20035663
21070000,21075000,6436,5000,1999717.0,6901.38009406
21075000,21080000,6437,5000,2000021.0,6901.93830084
21080000,21085000,6438,5000,2000325.0,6902.2077843
21085000,21090000,6439,5000,2000629.0,6902.28705544
21090000,21095000,6440,5000,2000932.0,6901.95794124
21095000,21100000,6441,5000,2001236.0,6901.91345936
21100000,21105000,6442,5000,2001540.0,6902.00963096
21105000,21110000,6443,5000,2001844.0,6901.87918374
21110000,21115000,6444,5000,2002148.0,6902.33926538
21115000,21120000,6445,5000,2002452.0,6902.23848387
21120000,21125000,6446,5000,2002756.0,6902.33626961
21125000,21130000,6447,5000,2003060.0,6902.80714165
21130000,21135000,6448,5000,2003364.0,6903.09104446
21135000,21140000,6449,5000,2003667.0,6903.37505701
21140000,21145000,6450,5000,2003971.0,6903.45159619
21145000,21150000,6451,5000,2004275.0,6903.73891403
21150000,21155000,6452,5000,2004579.0,6904.27920563
21155000,21160000,6453,5000,2004883.0,6904.51689903
21160000,21165000,6454,5000,2005187.0,6905.06180968
21165000,21170000,6455,5000,2005491.0,6905.03715291
21170000,21175000,6456,5000,2005795.0,6905.28921914
21175000,21180000,6457,5000,2006099.0,6905.85504508
21180000,21185000,6458,5000,2006403.0,6906.34080102
21185000,21190000,6459,5000,2006707.0,6906.81653682
21190000,21195000,6460,5000,2007010.0,6907.28879778
21195000,21200000,6461,5000,2007315.0,6907.70296978
21200000,21205000,6462,5000,2007618.0,6908.06599024
21205000,21210000,6463,5000,2007922.0,6908.34225326
21210000,21215000,6464,5000,2008226.0,6908.36606393
21215000,21220000,6465,5000,2008530.0,6908.6502954
21220000,21225000,6466,5000,2008834.0,6908.74896664
21225000,21230000,6467,5000,2009138.0,6908.93407087
21230000,21235000,6468,5000,2009442.0,6909.20851667
21235000,21240000,6469,5000,2009746.0,6909.2894732
21240000,21245000,6470,5000,2010050.0,6909.54354887
21245000,21250000,6471,5000,2010353.0,6909.81968929
21250000,21255000,6472,5000,2010657.0,6910.08806246
21255000,21260000,6473,5000,2010961.0,6909.99227025
21260000,21265000,6474,5000,2011265.0,6909.88837064
21265000,21270000,6475,5000,2011569.0,6910.22942214
21270000,21275000,6476,5000,2011873.0,6910.66775225
21275000,21280000,6477,5000,2012177.0,6910.8160479
21280000,21285000,6478,5000,2012481.0,6910.71504356
21285000,21290000,6479,5000,2012785.0,6910.99650373
21290000,21295000,6480,5000,2013088.0,6911.27377847
21295000,21300000,6481,5000,2013392.0,6911.33560224
21300000,21305000,6482,5000,2013696.0,6911.49223137
21305000,21310000,6483,5000,2014000.0,6911.39037841
21310000,21315000,6484,5000,2014304.0,6910.97793035
21315000,21320000,6485,5000,2014608.0,6910.98987934
21320000,21325000,6486,5000,2014912.0,6911.29531553
21325000,21330000,6487,5000,2015216.0,6911.76093734
21330000,21335000,6488,5000,2015520.0,6912.05687422
21335000,21340000,6489,5000,2015823.0,6911.94172263
21340000,21345000,6490,5000,2016127.0,6912.01951515
21345000,21350000,6491,5000,2016432.0,6912.58107034
21350000,21355000,6492,5000,2016735.0,6913.0244349
21355000,21360000,6493,5000,2017039.0,6913.29369545
21360000,21365000,6494,5000,2017343.0,6913.83096365
21365000,21370000,6495,5000,2017647.0,6914.09297798
21370000,21375000,6496,5000,2017951.0,6914.25620457
21375000,21380000,6497,5000,2018255.0,6914.1387926
21380000,21385000,6498,5000,2018559.0,6913.26964146
21385000,21390000,6499,5000,2018863.0,6912.14397516
21390000,21395000,6500,5000,2019167.0,6912.07548743
21395000,21400000,6501,5000,2019471.0,6912.03498695
21400000,21405000,6502,5000,2019775.0,6912.27248901
21405000,21410000,6503,5000,2020079.0,6912.74494894
21410000,21415000,6504,5000,2020383.0,6913.2132593
21415000,21420000,6505,5000,2020686.0,6913.46733674
21420000,21425000,6506,5000,2020991.0,6913.5636346
21425000,21430000,6507,5000,2021294.0,6913.36807564
21430000,21435000,6508,5000,2021598.0,6913.89904363
21435000,21440000,6509,5000,2021902.0,6914.07199947
21440000,21445000,6510,5000,2022206.0,6914.23656442
21445000,21450000,6511,5000,2022510.0,6914.30996305
21450000,21455000,6512,5000,2022814.0,6914.36086902
21455000,21460000,6513,5000,2023118.0,6914.84740441
21460000,21465000,6514,5000,2023422.0,6915.00964417
21465000,21470000,6515,5000,2023726.0,6914.96853952
21470000,21475000,6516,5000,2024030.0,6915.21485047
21475000,21480000,6517,5000,2024333.0,6915.373135
21480000,21485000,6518,5000,2024637.0,6915.53077964
21485000,21490000,6519,5000,2024941.0,6915.48977851
21490000,21495000,6520,5000,2025245.0,6915.59189479
21495000,21500000,6521,5000,2025549.0,6915.61264392
21500000,21505000,6522,5000,2025853.0,6915.82843276
21505000,21510000,6523,5000,2026157.0,6916.10607166
21510000,21515000,6524,5000,2026461.0,6915.9952384
21515000,21520000,6525,5000,2026765.0,6916.26967062
21520000,21525000,6526,5000,2027069.0,6916.42318397
21525000,21530000,6527,5000,2027373.0,6916.84569714
21530000,21535000,6528,5000,2027676.0,6917.18413593
21535000,21540000,6529,5000,2027980.0,6917.60560697
21540000,21545000,6530,5000,2028284.0,6917.92027406
21545000,21550000,6531,5000,2028588.0,6918.3159972
21550000,21555000,6532,5000,2028892.0,6918.6577588
21555000,21560000,6533,5000,2029196.0,6918.88698684
21560000,21565000,6534,5000,2029500.0,6919.16454578
21565000,21570000,6535,5000,2029804.0,6919.1316646
21570000,21575000,6536,5000,2030108.0,6919.65160181
21575000,21580000,6537,5000,2030412.0,6919.89205198
21580000,21585000,6538,5000,2030716.0,6920.36468681
21585000,21590000,6539,5000,2031019.0,6920.63555918
21590000,21595000,6540,5000,2031323.0,6921.10122882
21595000,21600000,6541,5000,2031627.0,6921.46606245
21600000,21605000,6542,5000,2031931.0,6922.01854137
21605000,21610000,6543,5000,2032235.0,6922.17426829
21610000,21615000,6544,5000,2032539.0,6922.63801149
21615000,21620000,6545,5000,2032843.0,6922.43345856
21620000,21625000,6546,5000,2033146.0,6922.31054092
21625000,21630000,6547,5000,2033450.0,6922.09740382
21630000,21635000,6548,5000,2033754.0,6922.06574345
21635000,21640000,6549,5000,2034058.0,6922.47238804
21640000,21645000,6550,5000,2034362.0,6922.6631924
21645000,21650000,6551,5000,2034666.0,6922.84010153
21650000,21655000,6552,5000,2034970.0,6922.73750471
21655000,21660000,6553,5000,2035274.0,6921.8731206
21660000,21665000,6554,5000,2035578.0,6921.51787796
21665000,21670000,6555,5000,2035882.0,6921.41483995
21670000,21675000,6556,5000,2036186.0,6921.31754591
21675000,21680000,6557,5000,2036489.0,6921.58606966
21680000,21685000,6558,5000,2036793.0,6921.85291885
21685000,21690000,6559,5000,2037097.0,6921.74613658
21690000,21695000,6560,5000,2037401.0,6921.61230523
21695000,21700000,6561,5000,2037705.0,6921.32306591
21700000,21705000,6562,5000,2038009.0,6921.68818205
21705000,21710000,6563,5000,2038313.0,6921.73246186
21710000,21715000,6564,5000,2038617.0,6921.50487585
21715000,21720000,6565,5000,2038921.0,6921.49277774
21720000,21725000,6566,5000,2039224.0,6921.51595367
21725000,21730000,6567,5000,2039528.0,6921.79231859
21730000,21735000,6568,5000,2039832.0,6921.8553673
21735000,21740000,6569,5000,2040136.0,6922.25291126
21740000,21745000,6570,5000,2040440.0,6922.46907601
21745000,21750000,6571,5000,2040744.0,6922.66367345
21750000,21755000,6572,5000,2041048.0,6922.87518121
21755000,21760000,6573,5000,2041352.0,6923.09968752
21760000,21765000,6574,5000,2041656.0,6923.24939457
21765000,21770000,6575,5000,2041959.0,6923.38863232
21770000,21775000,6576,5000,2042263.0,6923.52155447
21775000,21780000,6577,5000,2042567.0,6923.59217661
21780000,21785000,6578,5000,2042871.0,6923.66704787
21785000,21790000,6579,5000,2043175.0,6923.55941842
21790000,21795000,6580,5000,2043479.0,6923.62864511
21795000,21800000,6581,5000,2043783.0,6924.18108464
21800000,21805000,6582,5000,2044087.0,6924.63331189
21805000,21810000,6583,5000,2044391.0,6924.71357613
21810000,21815000,6584,5000,2044694.0,6924.96985498
21815000,21820000,6585,5000,2044998.0,6925.40776437
21820000,21825000,6586,5000,2045302.0,6925.43942831
21825000,21830000,6587,5000,2045606.0,6925.80933763
21830000,21835000,6588,5000,2045910.0,6926.19577998
21835000,21840000,6589,5000,2046214.0,6926.09828587
21840000,21845000,6590,5000,2046518.0,6925.00700843
21845000,21850000,6591,5000,2046822.0,6923.87562298
21850000,21855000,6592,5000,2047126.0,6921.68109652
21855000,21860000,6593,5000,2047430.0,6920.74197435
21860000,21865000,6594,5000,2047734.0,6921.22494251
21865000,21870000,6595,5000,2048037.0,6921.4816412
21870000,21875000,6596,5000,2048341.0,6922.01608025
21875000,21880000,6597,5000,2048645.0,6922.2882586
21880000,21885000,6598,5000,2048949.0,6922.82998318
21885000,21890000,6599,5000,2049253.0,6923.29992132
21890000,21895000,6600,5000,2049556.0,6923.72612652
21895000,21900000,6601,5000,2049860.0,6924.13042548
21900000,21905000,6602,5000,2050164.0,6924.43387029
21905000,21910000,6603,5000,2050468.0,6924.90315845
21910000,21915000,6604,5000,2050772.0,6925.1158035
21915000,21920000,6605,5000,2051076.0,6925.56637246
21920000,21925000,6606,5000,2051380.0,6926.03543755
21925000,21930000,6607,5000,2051684.0,6926.49160987
21930000,21935000,6608,5000,2051988.0,6926.76350104
21935000,21940000,6609,5000,2052291.0,6927.01103163
21940000,21945000,6610,5000,2052595.0,6926.91047001
21945000,21950000,6611,5000,2052899.0,6927.29230131
21950000,21955000,6612,5000,2053203.0,6927.8424126
21955000,21960000,6613,5000,2053507.0,6927.99316441
21960000,21965000,6614,5000,2053811.0,6928.54611288
21965000,21970000,6615,5000,2054115.0,6928.8972307
21970000,21975000,6616,5000,2054419.0,6929.30058641
21975000,21980000,6617,5000,2054723.0,6929.39454476
21980000,21985000,6618,5000,2055026.0,6929.66306145
21985000,21990000,6619,5000,2055330.0,6929.91372809
21990000,21995000,6620,5000,2055634.0,6930.44445437
21995000,22000000,6621,5000,2055938.0,6930.81213459
22000000,22005000,6622,5000,2056242.0,6931.26581319
22005000,22010000,6623,5000,2056558.0,6931.73627325
22010000,22015000,6624,5000,2056874.0,6932.22982494
22015000,22020000,6625,5000,2057190.0,6932.52908337
22020000,22025000,6626,5000,2057505.0,6932.41168175
22025000,22030000,6627,5000,2057821.0,6932.79202594
22030000,22035000,6628,5000,2058137.0,6932.99367121
22035000,22040000,6629,5000,2058453.0,6933.48253161
22040000,22045000,6630,5000,2058769.0,6933.69460514
22045000,22050000,6631,5000,2059085.0,6933.71602858
22050000,22055000,6632,5000,2059400.0,6933.74768731
22055000,22060000,6633,5000,2059716.0,6933.34866885
22060000,22065000,6634,5000,2060031.0,6933.64510276
22065000,22070000,6635,5000,2060347.0,6933.92012311
22070000,22075000,6636,5000,2060663.0,6934.48790713
22075000,22080000,6637,5000,2060979.0,6934.73311753
22080000,22085000,6638,5000,2061295.0,6935.22060897
22085000,22090000,6639,5000,2061610.0,6935.53238786
22090000,22095000,6640,5000,2061926.0,6935.66600423
22095000,22100000,6641,5000,2062242.0,6936.14070631
22100000,22105000,6642,5000,2062557.0,6936.67808059
22105000,22110000,6643,5000,2062873.0,6936.972089
22110000,22115000,6644,5000,2063189.0,6937.08441547
22115000,22120000,6645,5000,2063505.0,6937.15012126
22120000,22125000,6646,5000,2063821.0,6937.43887502
22125000,22130000,6647,5000,2064136.0,6937.61691772
22130000,22135000,6648,5000,2064452.0,6937.67058212
22135000,22140000,6649,5000,2064767.0,6937.72403882
22140000,22145000,6650,5000,2065083.0,6937.77983934
22145000,22150000,6651,5000,2065399.0,6938.10356897
22150000,22155000,6652,5000,2065715.0,6938.27658851
22155000,22160000,6653,5000,2066031.0,6938.45504155
22160000,22165000,6654,5000,2066347.0,6938.72554688
22165000,22170000,6655,5000,2066662.0,6938.64966161
22170000,22175000,6656,5000,2066978.0,6938.4474649
22175000,22180000,6657,5000,2067293.0,6938.16835787
22180000,22185000,6658,5000,2067609.0,6938.09416155
22185000,22190000,6659,5000,2067925.0,6938.17784015
22190000,22195000,6660,5000,2068241.0,6938.36842127
22195000,22200000,6661,5000,2068556.0,6938.55804742
22200000,22205000,6662,5000,2068872.0,6939.00893
22205000,22210000,6663,5000,2069188.0,6939.39564652
22210000,22215000,6664,5000,2069504.0,6939.7743927
22215000,22220000,6665,5000,2069819.0,6939.80365407
22220000,22225000,6666,5000,2070135.0,6940.09052668
22225000,22230000,6667,5000,2070451.0,6940.39932295
22230000,22235000,6668,5000,2070767.0,6940.56582177
22235000,22240000,6669,5000,2071082.0,6940.79254132
22240000,22245000,6670,5000,2071398.0,6940.9116926
22245000,22250000,6671,5000,2071714.0,6941.17724355
22250000,22255000,6672,5000,2072030.0,6941.29698384
22255000,22260000,6673,5000,2072346.0,6941.40376463
22260000,22265000,6674,5000,2072662.0,6941.51890776
22265000,22270000,6675,5000,2072977.0,6941.90657512
22270000,22275000,6676,5000,2073293.0,6942.1408905
22275000,22280000,6677,5000,2073609.0,6942.61374334
22280000,22285000,6678,5000,2073925.0,6942.8279837
22285000,22290000,6679,5000,2074240.0,6943.12821168
22290000,22295000,6680,5000,2074556.0,6943.30659841
22295000,22300000,6681,5000,2074872.0,6943.60751293
22300000,22305000,6682,5000,2075187.0,6943.77550426
22305000,22310000,6683,5000,2075503.0,6943.44413945
22310000,22315000,6684,5000,2075819.0,6943.31151795
22315000,22320000,6685,5000,2076135.0,6943.22440435
22320000,22325000,6686,5000,2076450.0,6943.50064365
22325000,22330000,6687,5000,2076766.0,6944.05279652
22330000,22335000,6688,5000,2077082.0,6944.34788402
22335000,22340000,6689,5000,2077398.0,6944.80892856
22340000,22345000,6690,5000,2077714.0,6945.3550983
22345000,22350000,6691,5000,2078030.0,6945.82599081
22350000,22355000,6692,5000,2078345.0,6946.13004607
22355000,22360000,6693,5000,2078661.0,6946.62097936
22360000,22365000,6694,5000,2078976.0,6946.79032901
22365000,22370000,6695,5000,2079292.0,6947.07874882
22370000,22375000,6696,5000,2079608.0,6947.63467051
22375000,22380000,6697,5000,2079924.0,6947.68514897
22380000,22385000,6698,5000,2080240.0,6947.86089617
22385000,22390000,6699,5000,2080555.0,6947.90506796
22390000,22395000,6700,5000,2080871.0,6947.75363584
22395000,22400000,6701,5000,2081187.0,6947.59096474
22400000,22405000,6702,5000,2081503.0,6947.32219307
22405000,22410000,6703,5000,2081818.0,6947.05517222
22410000,22415000,6704,5000,2082134.0,6947.57847238
22415000,22420000,6705,5000,2082450.0,6947.7817928
22420000,22425000,6706,5000,2082766.0,6947.89858683
22425000,22430000,6707,5000,2083082.0,6948.35960317
22430000,22435000,6708,5000,2083397.0,6948.843812
22435000,22440000,6709,5000,2083713.0,6949.3780911
22440000,22445000,6710,5000,2084029.0,6949.60466066
22445000,22450000,6711,5000,2084344.0,6949.8495933
22450000,22455000,6712,5000,2084660.0,6950.14716415
22455000,22460000,6713,5000,2084976.0,6950.24712733
22460000,22465000,6714,5000,2085292.0,6950.21249433
22465000,22470000,6715,5000,2085608.0,6950.18868986
22470000,22475000,6716,5000,2085923.0,6949.56090876
22475000,22480000,6717,5000,2086239.0,6949.22701903
22480000,22485000,6718,5000,2086555.0,6949.51896907
22485000,22490000,6719,5000,2086871.0,6949.51003185
22490000,22495000,6720,5000,2087187.0,6949.55107426
22495000,22500000,6721,5000,2087503.0,6949.46747635
22500000,22505000,6722,5000,2087818.0,6949.75400186
22505000,22510000,6723,5000,2088134.0,6949.84806044
22510000,22515000,6724,5000,2088450.0,6949.8876689
22515000,22520000,6725,5000,2088766.0,6949.52645072
22520000,22525000,6726,5000,2089082.0,6949.2392088
22525000,22530000,6727,5000,2089398.0,6949.30500474
22530000,22535000,6728,5000,2089713.0,6949.31758122
22535000,22540000,6729,5000,2090030.0,6949.5625158
22540000,22545000,6730,5000,2090345.0,6949.77923714
22545000,22550000,6731,5000,2090661.0,6950.15490206
22550000,22555000,6732,5000,2090977.0,6950.37746257
22555000,22560000,6733,5000,2091292.0,6950.65640545
22560000,22565000,6734,5000,2091608.0,6951.23087798
22565000,22570000,6735,5000,2091924.0,6951.54531773
22570000,22575000,6736,5000,2092240.0,6952.02118221
22575000,22580000,6737,5000,2092555.0,6952.48379844
22580000,22585000,6738,5000,2092871.0,6952.766542
22585000,22590000,6739,5000,2093187.0,6951.95157533
22590000,22595000,6740,5000,2093503.0,6952.52268361
22595000,22600000,6741,5000,2093818.0,6952.93288169
22600000,22605000,6742,5000,2094134.0,6953.31534005
22605000,22610000,6743,5000,2094450.0,6953.80108626
22610000,22615000,6744,5000,2094766.0,6954.28222915
22615000,22620000,6745,5000,2095082.0,6954.57002008
22620000,22625000,6746,5000,2095398.0,6954.74733023
22625000,22630000,6747,5000,2095713.0,6955.09028691
22630000,22635000,6748,5000,2096029.0,6955.12938944
22635000,22640000,6749,5000,2096345.0,6954.08084876
22640000,22645000,6750,5000,2096661.0,6953.0288995
22645000,22650000,6751,5000,2096977.0,6952.70186124
22650000,22655000,6752,5000,2097292.0,6952.29436019
22655000,22660000,6753,5000,2097608.0,6952.22079972
22660000,22665000,6754,5000,2097924.0,6951.97031368
22665000,22670000,6755,5000,2098239.0,6952.26197338
22670000,22675000,6756,5000,2098555.0,6952.57552197
22675000,22680000,6757,5000,2098871.0,6953.13377677
22680000,22685000,6758,5000,2099187.0,6953.60331553
22685000,22690000,6759,5000,2099503.0,6953.90655387
22690000,22695000,6760,5000,2099818.0,6954.01953897
22695000,22700000,6761,5000,2100134.0,6953.69254159
22700000,22705000,6762,5000,2100450.0,6953.59108026
22705000,22710000,6763,5000,2100766.0,6953.51041137
22710000,22715000,6764,5000,2101081.0,6953.38589226
22715000,22720000,6765,5000,2101397.0,6953.3025679
22720000,22725000,6766,5000,2101713.0,6952.94930563
22725000,22730000,6767,5000,2102028.0,6953.19168514
22730000,22735000,6768,5000,2102344.0,6953.36381464
22735000,22740000,6769,5000,2102660.0,6953.5585494
22740000,22745000,6770,5000,2102976.0,6953.84231579
22745000,22750000,6771,5000,2103291.0,6954.00407805
22750000,22755000,6772,5000,2103607.0,6954.28733408
22755000,22760000,6773,5000,2103923.0,6954.16039554
22760000,22765000,6774,5000,2104239.0,6954.52028017
22765000,22770000,6775,5000,2104555.0,6954.58812432
22770000,22775000,6776,5000,2104870.0,6955.06127612
22775000,22780000,6777,5000,2105186.0,6955.27726364
22780000,22785000,6778,5000,2105502.0,6955.75214342
22785000,22790000,6779,5000,2105818.0,6955.78300195
22790000,22795000,6780,5000,2106133.0,6956.22532067
22795000,22800000,6781,5000,2106449.0,6956.20691486
22800000,22805000,6782,5000,2106765.0,6956.36266808
22805000,22810000,6783,5000,2107081.0,6956.72093504
22810000,22815000,6784,5000,2107396.0,6956.94698156
22815000,22820000,6785,5000,2107712.0,6957.25410594
22820000,22825000,6786,5000,2108028.0,6957.5985264
22825000,22830000,6787,5000,2108344.0,6957.78483217
22830000,22835000,6788,5000,2108660.0,6958.26649946
22835000,22840000,6789,5000,2108975.0,6958.74430227
22840000,22845000,6790,5000,2109291.0,6959.15895253
22845000,22850000,6791,5000,2109607.0,6959.51599135
22850000,22855000,6792,5000,2109923.0,6959.83211579
22855000,22860000,6793,5000,2110238.0,6960.082892
22860000,22865000,6794,5000,2110554.0,6960.63483018
22865000,22870000,6795,5000,2110870.0,6960.61617311
22870000,22875000,6796,5000,2111186.0,6960.90450299
22875000,22880000,6797,5000,2111502.0,6961.29707751
22880000,22885000,6798,5000,2111817.0,6961.2762006
22885000,22890000,6799,5000,2112133.0,6960.98519783
22890000,22895000,6800,5000,2112449.0,6960.9131471
22895000,22900000,6801,5000,2112765.0,6959.82320285
22900000,22905000,6802,5000,2113081.0,6960.38261241
22905000,22910000,6803,5000,2113397.0,6960.85910895
22910000,22915000,6804,5000,2113713.0,6961.31776339
22915000,22920000,6805,5000,2114028.0,6961.33465923
22920000,22925000,6806,5000,2114344.0,6961.24574513
22925000,22930000,6807,5000,2114660.0,6961.21036329
22930000,22935000,6808,5000,2114976.0,6961.48271995
22935000,22940000,6809,5000,2115292.0,6961.3786078
22940000,22945000,6810,5000,2115607.0,6961.45183263
22945000,22950000,6811,5000,2115923.0,6961.41451693
22950000,22955000,6812,5000,2116239.0,6961.2507693
22955000,22960000,6813,5000,2116554.0,6961.50146853
22960000,22965000,6814,5000,2116870.0,6961.95486931
22965000,22970000,6815,5000,2117186.0,6962.23528399
22970000,22975000,6816,5000,2117501.0,6962.76046022
22975000,22980000,6817,5000,2117817.0,6963.31514696
22980000,22985000,6818,5000,2118133.0,6963.77037166
22985000,22990000,6819,5000,2118448.0,6963.79848795
22990000,22995000,6820,5000,2118764.0,6964.17221173
22995000,23000000,6821,5000,2119080.0,6964.47687901
23000000,23005000,6822,5000,2119396.0,6964.77449731
23005000,23010000,6823,5000,2119717.0,6965.15632312
23010000,23015000,6824,5000,2120038.0,6965.24862544
23015000,23020000,6825,5000,2120358.0,6965.72478204
23020000,23025000,6826,5000,2120679.0,6966.21508924
23025000,23030000,6827,5000,2121000.0,6966.68750952
23030000,23035000,6828,5000,2121320.0,6967.13654441
23035000,23040000,6829,5000,2121641.0,6967.43918872
23040000,23045000,6830,5000,2121962.0,6967.56301534
23045000,23050000,6831,5000,2122283.0,6967.60429652
23050000,23055000,6832,5000,2122604.0,6967.65073525
23055000,23060000,6833,5000,2122924.0,6967.94915048
23060000,23065000,6834,5000,2123245.0,6968.25910357
23065000,23070000,6835,5000,2123566.0,6968.76168295
23070000,23075000,6836,5000,2123887.0,6968.959487
23075000,23080000,6837,5000,2124207.0,6969.23849665
23080000,23085000,6838,5000,2124528.0,6969.55269042
23085000,23090000,6839,5000,2124848.0,6968.74656817
23090000,23095000,6840,5000,2125169.0,6967.68172812
23095000,23100000,6841,5000,2125490.0,6968.03619322
23100000,23105000,6842,5000,2125810.0,6968.11469707
23105000,23110000,6843,5000,2126131.0,6968.59517205
23110000,23115000,6844,5000,2126452.0,6968.83496326
23115000,23120000,6845,5000,2126773.0,6969.13729072
23120000,23125000,6846,5000,2127093.0,6969.60972278
23125000,23130000,6847,5000,2127414.0,6970.0699776
23130000,23135000,6848,5000,2127735.0,6970.55758357
23135000,23140000,6849,5000,2128055.0,6970.66812182
23140000,23145000,6850,5000,2128376.0,6970.8893778
23145000,23150000,6851,5000,2128697.0,6970.90920512
23150000,23155000,6852,5000,2129017.0,6971.19299263
23155000,23160000,6853,5000,2129338.0,6971.3117562
23160000,23165000,6854,5000,2129659.0,6971.50303825
23165000,23170000,6855,5000,2129980.0,6971.71412568
23170000,23175000,6856,5000,2130300.0,6972.04485357
23175000,23180000,6857,5000,2130621.0,6972.5421083
23180000,23185000,6858,5000,2130942.0,6972.88561351
23185000,23190000,6859,5000,2131262.0,6973.41709482
23190000,23195000,6860,5000,2131583.0,6973.48993636
23195000,23200000,6861,5000,2131903.0,6973.2073049
23200000,23205000,6862,5000,2132224.0,6973.37135239
23205000,23210000,6863,5000,2132544.0,6973.71717446
23210000,23215000,6864,5000,2132865.0,6974.0185974
23215000,23220000,6865,5000,2133186.0,6974.21657774
23220000,23225000,6866,5000,2133506.0,6974.56963191
23225000,23230000,6867,5000,2133827.0,6975.00640546
23230000,23235000,6868,5000,2134148.0,6975.15819931
23235000,23240000,6869,5000,2134469.0,6975.50531063
23240000,23245000,6870,5000,2134789.0,6975.89989421
23245000,23250000,6871,5000,2135110.0,6976.14795619
23250000,23255000,6872,5000,2135431.0,6976.17566984
23255000,23260000,6873,5000,2135752.0,6976.43161677
23260000,23265000,6874,5000,2136072.0,6976.63260121
23265000,23270000,6875,5000,2136393.0,6976.91133336
23270000,23275000,6876,5000,2136714.0,6977.0869128
23275000,23280000,6877,5000,2137035.0,6977.39088309
23280000,23285000,6878,5000,2137356.0,6977.94177622
23285000,23290000,6879,5000,2137676.0,6978.40972838
23290000,23295000,6880,5000,2137997.0,6978.88170926
23295000,23300000,6881,5000,2138318.0,6979.35807673
23300000,23305000,6882,5000,2138638.0,6979.91227217
23305000,23310000,6883,5000,2138959.0,6980.38529471
23310000,23315000,6884,5000,2139280.0,6980.95410013
23315000,23320000,6885,5000,2139600.0,6981.43062739
23320000,23325000,6886,5000,2139921.0,6981.34640511
23325000,23330000,6887,5000,2140242.0,6981.06425202
23330000,23335000,6888,5000,2140563.0,6980.2617777
23335000,23340000,6889,5000,2140884.0,6980.17308695
23340000,23345000,6890,5000,2141204.0,6979.87951679
23345000,23350000,6891,5000,2141525.0,6978.82408099
23350000,23355000,6892,5000,2141846.0,6977.77094443
23355000,23360000,6893,5000,2142166.0,6977.63377253
23360000,23365000,6894,5000,2142487.0,6977.55935356
23365000,23370000,6895,5000,2142807.0,6977.48892845
23370000,23375000,6896,5000,2143128.0,6976.6987175
23375000,23380000,6897,5000,2143449.0,6977.20366388
23380000,23385000,6898,5000,2143770.0,6977.69624039
23385000,23390000,6899,5000,2144091.0,6978.25762127
23390000,23395000,6900,5000,2144412.0,6978.45814385
23395000,23400000,6901,5000,2144732.0,6979.03060029
23400000,23405000,6902,5000,2145053.0,6979.52266616
23405000,23410000,6903,5000,2145374.0,6979.75495164
23410000,23415000,6904,5000,2145694.0,6978.93652442
23415000,23420000,6905,5000,2146015.0,6978.85986781
23420000,23425000,6906,5000,2146336.0,6979.05493402
23425000,23430000,6907,5000,2146656.0,6979.4965645
23430000,23435000,6908,5000,2146977.0,6979.98114655
23435000,23440000,6909,5000,2147298.0,6980.44509213
23440000,23445000,6910,5000,2147619.0,6979.35309224
23445000,23450000,6911,5000,2147939.0,6978.37904954
23450000,23455000,6912,5000,2148260.0,6977.28114418
23455000,23460000,6913,5000,2148581.0,6976.38646461
23460000,23465000,6914,5000,2148901.0,6975.57403057
23465000,23470000,6915,5000,2149222.0,6976.06578163
23470000,23475000,6916,5000,2149543.0,6976.25778426
23475000,23480000,6917,5000,2149864.0,6976.30068949
23480000,23485000,6918,5000,2150184.0,6976.50887762
23485000,23490000,6919,5000,2150505.0,6976.36508361
23490000,23495000,6920,5000,2150826.0,6976.22410058
23495000,23500000,6921,5000,2151146.0,6976.15663892
23500000,23505000,6922,5000,2151467.0,6973.97292712
23505000,23510000,6923,5000,2151788.0,6972.0505133
23510000,23515000,6924,5000,2152109.0,6971.98804003
23515000,23520000,6925,5000,2152429.0,6971.75451166
23520000,23525000,6926,5000,2152750.0,6972.04076881
23525000,23530000,6927,5000,2153071.0,6972.24532407
23530000,23535000,6928,5000,2153391.0,6972.60618315
23535000,23540000,6929,5000,2153712.0,6972.83265624
23540000,23545000,6930,5000,2154033.0,6972.90702546
23545000,23550000,6931,5000,2154354.0,6973.02551981
23550000,23555000,6932,5000,2154674.0,6973.12881285
23555000,23560000,6933,5000,2154995.0,6973.12517615
23560000,23565000,6934,5000,2155315.0,6973.69190199
23565000,23570000,6935,5000,2155636.0,6974.24583074
23570000,23575000,6936,5000,2155957.0,6974.73089211
23575000,23580000,6937,5000,2156277.0,6975.0807954
23580000,23585000,6938,5000,2156598.0,6974.98952144
23585000,23590000,6939,5000,2156919.0,6975.56181855
23590000,23595000,6940,5000,2157239.0,6975.78455225
23595000,23600000,6941,5000,2157560.0,6976.3468978
23600000,23605000,6942,5000,2157881.0,6976.26745321
23605000,23610000,6943,5000,2158201.0,6976.82126407
23610000,23615000,6944,5000,2158522.0,6976.8795231
23615000,23620000,6945,5000,2158843.0,6977.35714107
23620000,23625000,6946,5000,2159164.0,6977.65867791
23625000,23630000,6947,5000,2159484.0,6977.8402391
23630000,23635000,6948,5000,2159805.0,6978.32358378
23635000,23640000,6949,5000,2160126.0,6978.86148395
23640000,23645000,6950,5000,2160446.0,6979.0258042
23645000,23650000,6951,5000,2160767.0,6979.26716066
23650000,23655000,6952,5000,2161088.0,6979.75250427
23655000,23660000,6953,5000,2161408.0,6980.23082252
23660000,23665000,6954,5000,2161729.0,6980.69669177
23665000,23670000,6955,5000,2162050.0,6980.98571998
23670000,23675000,6956,5000,2162370.0,6981.26099506
23675000,23680000,6957,5000,2162691.0,6981.81817795
23680000,23685000,6958,5000,2163012.0,6982.37194719
23685000,23690000,6959,5000,2163333.0,6982.84870765
23690000,23695000,6960,5000,2163654.0,6983.32088853
23695000,23700000,6961,5000,2163974.0,6983.77538598
23700000,23705000,6962,5000,2164295.0,6984.05273046
23705000,23710000,6963,5000,2164616.0,6984.36388563
23710000,23715000,6964,5000,2164937.0,6984.64933812
23715000,23720000,6965,5000,2165257.0,6984.92165073
23720000,23725000,6966,5000,2165578.0,6985.47517674
23725000,23730000,6967,5000,2165898.0,6985.93853684
23730000,23735000,6968,5000,2166219.0,6986.15568738
23735000,23740000,6969,5000,2166540.0,6986.54441943
23740000,23745000,6970,5000,2166861.0,6986.77691149
23745000,23750000,6971,5000,2167182.0,6986.79884824
23750000,23755000,6972,5000,2167502.0,6986.90933306
23755000,23760000,6973,5000,2167823.0,6987.17162063
23760000,23765000,6974,5000,2168143.0,6987.2704815
23765000,23770000,6975,5000,2168464.0,6987.2653187
23770000,23775000,6976,5000,2168785.0,6987.83345069
23775000,23780000,6977,5000,2169105.0,6988.28755515
23780000,23785000,6978,5000,2169426.0,6988.58003031
23785000,23790000,6979,5000,2169747.0,6988.69771423
23790000,23795000,6980,5000,2170067.0,6988.73472286
23795000,23800000,6981,5000,2170388.0,6989.01425828
23800000,23805000,6982,5000,2170708.0,6989.0815898
23805000,23810000,6983,5000,2171029.0,6989.43270901
23810000,23815000,6984,5000,2171350.0,6989.44569863
23815000,23820000,6985,5000,2171671.0,6989.68756597
23820000,23825000,6986,5000,2171991.0,6989.97031081
23825000,23830000,6987,5000,2172312.0,6990.00114958
23830000,23835000,6988,5000,2172633.0,6989.75943822
23835000,23840000,6989,5000,2172954.0,6990.21203463
23840000,23845000,6990,5000,2173274.0,6990.51232249
23845000,23850000,6991,5000,2173595.0,6991.06296285
23850000,23855000,6992,5000,2173916.0,6991.63952327
23855000,23860000,6993,5000,2174236.0,6991.93563446
23860000,23865000,6994,5000,2174557.0,6991.61356007
23865000,23870000,6995,5000,2174878.0,6991.34983861
23870000,23875000,6996,5000,2175199.0,6991.08812736
23875000,23880000,6997,5000,2175520.0,6991.06571648
23880000,23885000,6998,5000,2175840.0,6990.76744211
23885000,23890000,6999,5000,2176161.0,6991.15046779
23890000,23895000,7000,5000,2176482.0,6991.52304518
23895000,23900000,7001,5000,2176803.0,6991.18217812
23900000,23905000,7002,5000,2177123.0,6991.4284212
23905000,23910000,7003,5000,2177444.0,6991.71779819
23910000,23915000,7004,5000,2177765.0,6991.94890907
23915000,23920000,7005,5000,2178085.0,6992.2141974
23920000,23925000,7006,5000,2178406.0,6992.39687265
23925000,23930000,7007,5000,2178727.0,6992.41168235
23930000,23935000,7008,5000,2179047.0,6992.52537921
23935000,23940000,7009,5000,2179368.0,6992.6565
23940000,23945000,7010,5000,2179689.0,6992.59207708
23945000,23950000,7011,5000,2180009.0,6992.87879854
23950000,23955000,7012,5000,2180330.0,6992.94121033
23955000,23960000,7013,5000,2180651.0,6993.0504097
23960000,23965000,7014,5000,2180972.0,6993.32923752
23965000,23970000,7015,5000,2181292.0,6993.03735207
23970000,23975000,7016,5000,2181613.0,6993.58507385
23975000,23980000,7017,5000,2181934.0,6993.80866477
23980000,23985000,7018,5000,2182255.0,6993.91456772
23985000,23990000,7019,5000,2182576.0,6993.71853822
23990000,23995000,7020,5000,2182896.0,6993.81601849
23995000,24000000,7021,5000,2183217.0,6994.11370728
24000000,24005000,7022,5000,2183538.0,6994.40383411
24005000,24010000,7023,5000,2183850.0,6994.93185751
24010000,24015000,7024,5000,2184163.0,6995.20341586
24015000,24020000,7025,5000,2184475.0,6993.04417783
24020000,24025000,7026,5000,2184787.0,6993.31401711
24025000,24030000,7027,5000,2185100.0,6993.32936741
24030000,24035000,7028,5000,2185412.0,6993.47579482
24035000,24040000,7029,5000,2185724.0,6993.88875301
24040000,24045000,7030,5000,2186037.0,6994.01357507
24045000,24050000,7031,5000,2186349.0,6993.6406461
24050000,24055000,7032,5000,2186662.0,6994.12456124
24055000,24060000,7033,5000,2186974.0,6994.40964909
24060000,24065000,7034,5000,2187286.0,6994.65535347
24065000,24070000,7035,5000,2187599.0,6994.89107381
24070000,24075000,7036,5000,2187911.0,6995.12211108
24075000,24080000,7037,5000,2188223.0,6993.9812312
24080000,24085000,7038,5000,2188536.0,6994.21066641
24085000,24090000,7039,5000,2188848.0,6994.585266
24090000,24095000,7040,5000,2189161.0,6994.82348243
24095000,24100000,7041,5000,2189473.0,6994.82279764
24100000,24105000,7042,5000,2189785.0,6995.18012407
24105000,24110000,7043,5000,2190098.0,6995.18604509
24110000,24115000,7044,5000,2190410.0,6995.37048792
24115000,24120000,7045,5000,2190723.0,6995.82711611
24120000,24125000,7046,5000,2191035.0,6996.06264694
24125000,24130000,7047,5000,2191347.0,6995.94398918
24130000,24135000,7048,5000,2191660.0,6995.72506252
24135000,24140000,7049,5000,2191972.0,6995.62112571
24140000,24145000,7050,5000,2192285.0,6994.8102715
24145000,24150000,7051,5000,2192597.0,6994.67496824
24150000,24155000,7052,5000,2192910.0,6993.86007795
24155000,24160000,7053,5000,2193222.0,6993.0415763
24160000,24165000,7054,5000,2193534.0,6993.47673601
24165000,24170000,7055,5000,2193847.0,6993.91579018
24170000,24175000,7056,5000,2194159.0,6994.35754015
24175000,24180000,7057,5000,2194472.0,6994.79850603
24180000,24185000,7058,5000,2194784.0,6994.86849466
24185000,24190000,7059,5000,2195097.0,6995.05669421
24190000,24195000,7060,5000,2195409.0,6995.22200709
24195000,24200000,7061,5000,2195722.0,6995.45052656
24200000,24205000,7062,5000,2196034.0,6995.587877
24205000,24210000,7063,5000,2196346.0,6996.11822934
24210000,24215000,7064,5000,2196659.0,6996.35801521
24215000,24220000,7065,5000,2196971.0,6996.62825581
24220000,24225000,7066,5000,2197283.0,6997.16080376
24225000,24230000,7067,5000,2197596.0,6997.70981092
24230000,24235000,7068,5000,2197908.0,6998.16549449
24235000,24240000,7069,5000,2198220.0,6998.44707157
24240000,24245000,7070,5000,2198533.0,6998.90025474
24245000,24250000,7071,5000,2198845.0,6999.43594823
24250000,24255000,7072,5000,2199157.0,6999.87713755
24255000,24260000,7073,5000,2199470.0,7000.21053787
24260000,24265000,7074,5000,2199782.0,7000.72765462
24265000,24270000,7075,5000,2200095.0,7001.16335614
24270000,24275000,7076,5000,2200407.0,7001.66255305
24275000,24280000,7077,5000,2200719.0,7001.92646079
24280000,24285000,7078,5000,2201032.0,7002.45432062
24285000,24290000,7079,5000,2201344.0,7002.96508691
24290000,24295000,7080,5000,2201656.0,7003.48811095
24295000,24300000,7081,5000,2201969.0,7003.7664272
24300000,24305000,7082,5000,2202281.0,7003.92190757
24305000,24310000,7083,5000,2202593.0,7004.09639841
24310000,24315000,7084,5000,2202906.0,7004.46034525
24315000,24320000,7085,5000,2203218.0,7004.4871574
24320000,24325000,7086,5000,2203531.0,7004.11493388
24325000,24330000,7087,5000,2203843.0,7004.36764716
24330000,24335000,7088,5000,2204155.0,7004.56467198
24335000,24340000,7089,5000,2204468.0,7005.01324443
24340000,24345000,7090,5000,2204780.0,7005.29180148
24345000,24350000,7091,5000,2205092.0,7005.55982171
24350000,24355000,7092,5000,2205405.0,7005.81124606
24355000,24360000,7093,5000,2205717.0,7006.04181548
24360000,24365000,7094,5000,2206030.0,7006.42326951
24365000,24370000,7095,5000,2206342.0,7006.74408922
24370000,24375000,7096,5000,2206655.0,7006.61583482
24375000,24380000,7097,5000,2206967.0,7006.71705637
24380000,24385000,7098,5000,2207280.0,7006.81426225
24385000,24390000,7099,5000,2207592.0,7007.11571138
24390000,24395000,7100,5000,2207904.0,7007.55845657
24395000,24400000,7101,5000,2208217.0,7007.99946492
24400000,24405000,7102,5000,2208529.0,7008.44947918
24405000,24410000,7103,5000,2208842.0,7008.62000461
24410000,24415000,7104,5000,2209154.0,7008.88838691
24415000,24420000,7105,5000,2209466.0,7008.9141285
24420000,24425000,7106,5000,2209779.0,7009.18856684
24425000,24430000,7107,5000,2210091.0,7009.53529131
24430000,24435000,7108,5000,2210404.0,7009.816524
24435000,24440000,7109,5000,2210716.0,7010.08870424
24440000,24445000,7110,5000,2211029.0,7010.51730385
24445000,24450000,7111,5000,2211341.0,7010.95171038
24450000,24455000,7112,5000,2211653.0,7011.18965602
24455000,24460000,7113,5000,2211966.0,7011.08009199
24460000,24465000,7114,5000,2212278.0,7010.96942213
24465000,24470000,7115,5000,2212591.0,7011.30989651
24470000,24475000,7116,5000,2212903.0,7011.48947127
24475000,24480000,7117,5000,2213215.0,7011.75563988
24480000,24485000,7118,5000,2213528.0,7011.94384706
24485000,24490000,7119,5000,2213840.0,7012.39480154
24490000,24495000,7120,5000,2214152.0,7012.63678939
24495000,24500000,7121,5000,2214465.0,7012.81268789
24500000,24505000,7122,5000,2214777.0,7013.32937245
24505000,24510000,7123,5000,2215090.0,7013.58716981
24510000,24515000,7124,5000,2215402.0,7013.85045628
24515000,24520000,7125,5000,2215714.0,7014.16979308
24520000,24525000,7126,5000,2216027.0,7014.41961115
24525000,24530000,7127,5000,2216339.0,7014.85345796
24530000,24535000,7128,5000,2216651.0,7015.28299629
24535000,24540000,7129,5000,2216964.0,7015.72677855
24540000,24545000,7130,5000,2217276.0,7015.99285114
24545000,24550000,7131,5000,2217589.0,7016.20762524
24550000,24555000,7132,5000,2217901.0,7016.64925984
24555000,24560000,7133,5000,2218213.0,7017.16725918
24560000,24565000,7134,5000,2218526.0,7017.22704843
24565000,24570000,7135,5000,2218838.0,7017.75775457
24570000,24575000,7136,5000,2219150.0,7018.20218689
24575000,24580000,7137,5000,2219463.0,7018.73238684
24580000,24585000,7138,5000,2219775.0,7019.14795664
24585000,24590000,7139,5000,2220087.0,7019.28155273
24590000,24595000,7140,5000,2220400.0,7019.0690999
24595000,24600000,7141,5000,2220712.0,7018.9759771
24600000,24605000,7142,5000,2221025.0,7019.23418946
24605000,24610000,7143,5000,2221337.0,7018.90991213
24610000,24615000,7144,5000,2221650.0,7016.92456462
24615000,24620000,7145,5000,2221962.0,7017.19983657
24620000,24625000,7146,5000,2222274.0,7017.34210141
24625000,24630000,7147,5000,2222587.0,7017.58448917
24630000,24635000,7148,5000,2222899.0,7017.86022224
24635000,24640000,7149,5000,2223212.0,7017.89749501
24640000,24645000,7150,5000,2223524.0,7018.41873929
24645000,24650000,7151,5000,2223836.0,7018.93140578
24650000,24655000,7152,5000,2224149.0,7019.37416558
24655000,24660000,7153,5000,2224461.0,7019.64029402
24660000,24665000,7154,5000,2224774.0,7019.81164111
24665000,24670000,7155,5000,2225086.0,7020.32903388
24670000,24675000,7156,5000,2225398.0,7020.77747391
24675000,24680000,7157,5000,2225711.0,7021.02377406
24680000,24685000,7158,5000,2226023.0,7021.26035243
24685000,24690000,7159,5000,2226336.0,7020.45728485
24690000,24695000,7160,5000,2226648.0,7018.52796998
24695000,24700000,7161,5000,2226961.0,7017.58029543
24700000,24705000,7162,5000,2227273.0,7017.85343116
24705000,24710000,7163,5000,2227585.0,7017.83873244
24710000,24715000,7164,5000,2227898.0,7018.01197049
24715000,24720000,7165,5000,2228210.0,7018.25782189
24720000,24725000,7166,5000,2228523.0,7018.25932592
24725000,24730000,7167,5000,2228835.0,7018.40128249
24730000,24735000,7168,5000,2229148.0,7018.41122706
24735000,24740000,7169,5000,2229460.0,7018.59716844
24740000,24745000,7170,5000,2229773.0,7018.59789199
24745000,24750000,7171,5000,2230085.0,7018.69341517
24750000,24755000,7172,5000,2230398.0,7018.62861818
24755000,24760000,7173,5000,2230710.0,7018.99053415
24760000,24765000,7174,5000,2231023.0,7019.45322259
24765000,24770000,7175,5000,2231335.0,7019.41093087
24770000,24775000,7176,5000,2231647.0,7019.6684034
24775000,24780000,7177,5000,2231960.0,7020.1974864
24780000,24785000,7178,5000,2232272.0,7020.64264662
24785000,24790000,7179,5000,2232585.0,7021.16308439
24790000,24795000,7180,5000,2232897.0,7021.43619914
24795000,24800000,7181,5000,2233210.0,7021.69936998
24800000,24805000,7182,5000,2233522.0,7021.96256935
24805000,24810000,7183,5000,2233834.0,7022.01788788
24810000,24815000,7184,5000,2234147.0,7022.09098462
24815000,24820000,7185,5000,2234459.0,7022.1898581
24820000,24825000,7186,5000,2234772.0,7021.97358091
24825000,24830000,7187,5000,2235084.0,7021.75423075
24830000,24835000,7188,5000,2235396.0,7021.38381793
24835000,24840000,7189,5000,2235709.0,7021.45522523
24840000,24845000,7190,5000,2236021.0,7021.42921421
24845000,24850000,7191,5000,2236334.0,7021.13925811
24850000,24855000,7192,5000,2236646.0,7021.38301813
24855000,24860000,7193,5000,2236958.0,7021.63031612
24860000,24865000,7194,5000,2237271.0,7021.8656051
24865000,24870000,7195,5000,2237583.0,7022.10469367
24870000,24875000,7196,5000,2237896.0,7021.30084181
24875000,24880000,7197,5000,2238208.0,7020.24838327
24880000,24885000,7198,5000,2238521.0,7020.67661098
24885000,24890000,7199,5000,2238833.0,7020.92632802
24890000,24895000,7200,5000,2239145.0,7021.44585007
24895000,24900000,7201,5000,2239458.0,7021.87068564
24900000,24905000,7202,5000,2239770.0,7022.22038931
24905000,24910000,7203,5000,2240083.0,7022.60244385
24910000,24915000,7204,5000,2240395.0,7023.04906617
24915000,24920000,7205,5000,2240707.0,7023.49136935
24920000,24925000,7206,5000,2241020.0,7023.72397212
24925000,24930000,7207,5000,2241332.0,7023.95873924
24930000,24935000,7208,5000,2241644.0,7024.22653817
24935000,24940000,7209,5000,2241957.0,7024.62186022
24940000,24945000,7210,5000,2242269.0,7024.98330179
24945000,24950000,7211,5000,2242581.0,7025.43040445
24950000,24955000,7212,5000,2242894.0,7025.86965783
24955000,24960000,7213,5000,2243206.0,7026.38084628
24960000,24965000,7214,5000,2243518.0,7026.63856226
24965000,24970000,7215,5000,2243831.0,7027.02956948
24970000,24975000,7216,5000,2244143.0,7027.17794704
24975000,24980000,7217,5000,2244455.0,7027.38986896
24980000,24985000,7218,5000,2244768.0,7027.67286242
24985000,24990000,7219,5000,2245080.0,7027.77146126
24990000,24995000,7220,5000,2245393.0,7027.74877572
24995000,25000000,7221,5000,2245705.0,7027.99533278
25000000,25005000,7222,5000,2246018.0,7028.16665191
25005000,25010000,7223,5000,2246324.0,7027.8395785
25010000,25015000,7224,5000,2246631.0,7027.83039811
25015000,25020000,7225,5000,2246938.0,7027.80444477
25020000,25025000,7226,5000,2247245.0,7028.04198295
25025000,25030000,7227,5000,2247551.0,7028.20296553
25030000,25035000,7228,5000,2247858.0,7028.4546262
25035000,25040000,7229,5000,2248165.0,7028.4259254
25040000,25045000,7230,5000,2248472.0,7028.38147158
25045000,25050000,7231,5000,2248779.0,7028.39329406
25050000,25055000,7232,5000,2249086.0,7028.42533708
25055000,25060000,7233,5000,2249392.0,7028.31620422
25060000,25065000,7234,5000,2249699.0,7028.34897076
25065000,25070000,7235,5000,2250006.0,7028.58078292
25070000,25075000,7236,5000,2250313.0,7028.96730349
25075000,25080000,7237,5000,2250619.0,7029.34879006
25080000,25085000,7238,5000,2250926.0,7029.48408474
25085000,25090000,7239,5000,2251233.0,7029.91046198
25090000,25095000,7240,5000,2251540.0,7030.04675856
25095000,25100000,7241,5000,2251847.0,7030.1828715
25100000,25105000,7242,5000,2252154.0,7030.36589182
25105000,25110000,7243,5000,2252460.0,7030.25215265
25110000,25115000,7244,5000,2252767.0,7030.75876112
25115000,25120000,7245,5000,2253074.0,7031.19350203
25120000,25125000,7246,5000,2253381.0,7031.32778883
25125000,25130000,7247,5000,2253688.0,7031.47910589
25130000,25135000,7248,5000,2253994.0,7031.46330248
25135000,25140000,7249,5000,2254301.0,7031.48251433
25140000,25145000,7250,5000,2254608.0,7031.83905514
25145000,25150000,7251,5000,2254915.0,7031.8668496
25150000,25155000,7252,5000,2255221.0,7032.34247306
25155000,25160000,7253,5000,2255528.0,7032.75681235
25160000,25165000,7254,5000,2255835.0,7033.18628549
25165000,25170000,7255,5000,2256142.0,7033.60065342
25170000,25175000,7256,5000,2256448.0,7033.84173084
25175000,25180000,7257,5000,2256755.0,7034.18522107
25180000,25185000,7258,5000,2257062.0,7034.45244009
25185000,25190000,7259,5000,2257369.0,7034.71042335
25190000,25195000,7260,5000,2257676.0,7035.03538459
25195000,25200000,7261,5000,2257982.0,7035.32134059
25200000,25205000,7262,5000,2258289.0,7035.27601302
25205000,25210000,7263,5000,2258596.0,7035.79165239
25210000,25215000,7264,5000,2258903.0,7036.05141438
25215000,25220000,7265,5000,2259210.0,7036.47191283
25220000,25225000,7266,5000,2259516.0,7036.88139021
25225000,25230000,7267,5000,2259823.0,7037.12636023
25230000,25235000,7268,5000,2260130.0,7037.55226018
25235000,25240000,7269,5000,2260437.0,7037.96759999
25240000,25245000,7270,5000,2260743.0,7038.45610732
25245000,25250000,7271,5000,2261050.0,7038.88045592
25250000,25255000,7272,5000,2261357.0,7039.28576052
25255000,25260000,7273,5000,2261664.0,7039.5239987
25260000,25265000,7274,5000,2261971.0,7039.75931537
25265000,25270000,7275,5000,2262277.0,7040.24039871
25270000,25275000,7276,5000,2262584.0,7040.31598913
25275000,25280000,7277,5000,2262891.0,7040.64800026
25280000,25285000,7278,5000,2263198.0,7040.90234618
25285000,25290000,7279,5000,2263505.0,7041.15315832
25290000,25295000,7280,5000,2263811.0,7041.30700719
25295000,25300000,7281,5000,2264118.0,7041.29940065
25300000,25305000,7282,5000,2264425.0,7041.52324122
25305000,25310000,7283,5000,2264732.0,7041.98550047
25310000,25315000,7284,5000,2265039.0,7042.23614088
25315000,25320000,7285,5000,2265346.0,7042.39019671
25320000,25325000,7286,5000,2265653.0,7042.47721377
25325000,25330000,7287,5000,2265959.0,7042.87831965
25330000,25335000,7288,5000,2266266.0,7043.14846748
25335000,25340000,7289,5000,2266573.0,7043.6311147
25340000,25345000,7290,5000,2266880.0,7043.82733673
25345000,25350000,7291,5000,2267187.0,7044.32373503
25350000,25355000,7292,5000,2267494.0,7044.84917697
25355000,25360000,7293,5000,2267800.0,7045.05386658
25360000,25365000,7294,5000,2268107.0,7044.9573783
25365000,25370000,7295,5000,2268414.0,7044.68175905
25370000,25375000,7296,5000,2268721.0,7043.83642669
25375000,25380000,7297,5000,2269028.0,7043.53794455
25380000,25385000,7298,5000,2269334.0,7043.91486437
25385000,25390000,7299,5000,2269641.0,7043.58306521
25390000,25395000,7300,5000,2269948.0,7043.91039159
25395000,25400000,7301,5000,2270255.0,7044.17816468
25400000,25405000,7302,5000,2270562.0,7044.68108085
25405000,25410000,7303,5000,2270868.0,7045.19171649
25410000,25415000,7304,5000,2271175.0,7045.42881673
25415000,25420000,7305,5000,2271482.0,7045.50565648
25420000,25425000,7306,5000,2271789.0,7045.93097095
25425000,25430000,7307,5000,2272095.0,7046.43284575
25430000,25435000,7308,5000,2272402.0,7046.68907265
25435000,25440000,7309,5000,2272709.0,7046.9446134
25440000,25445000,7310,5000,2273015.0,7046.83889452
25445000,25450000,7311,5000,2273322.0,7046.54420654
25450000,25455000,7312,5000,2273629.0,7046.85759915
25455000,25460000,7313,5000,2273936.0,7047.22976992
25460000,25465000,7314,5000,2274242.0,7047.51668836
25465000,25470000,7315,5000,2274549.0,7047.68176343
25470000,25475000,7316,5000,2274856.0,7047.92549553
25475000,25480000,7317,5000,2275163.0,7048.1619688
25480000,25485000,7318,5000,2275470.0,7048.11469319
25485000,25490000,7319,5000,2275777.0,7048.43197509
25490000,25495000,7320,5000,2276083.0,7048.76171128
25495000,25500000,7321,5000,2276390.0,7049.01463802
25500000,25505000,7322,5000,2276697.0,7049.25799691
25505000,25510000,7323,5000,2277004.0,7049.74354725
25510000,25515000,7324,5000,2277310.0,7050.08204402
25515000,25520000,7325,5000,2277617.0,7049.98464372
25520000,25525000,7326,5000,2277924.0,7049.87596858
25525000,25530000,7327,5000,2278231.0,7049.0762769
25530000,25535000,7328,5000,2278538.0,7048.27098856
25535000,25540000,7329,5000,2278844.0,7048.13408664
25540000,25545000,7330,5000,2279151.0,7048.02178538
25545000,25550000,7331,5000,2279458.0,7048.35388254
25550000,25555000,7332,5000,2279765.0,7048.63989078
25555000,25560000,7333,5000,2280072.0,7049.11114668
25560000,25565000,7334,5000,2280379.0,7049.41697302
25565000,25570000,7335,5000,2280686.0,7049.84447898
25570000,25575000,7336,5000,2280992.0,7050.08394847
25575000,25580000,7337,5000,2281299.0,7050.49245668
25580000,25585000,7338,5000,2281606.0,7050.90560899
25585000,25590000,7339,5000,2281913.0,7051.32473508
25590000,25595000,7340,5000,2282220.0,7051.21993854
25595000,25600000,7341,5000,2282526.0,7050.84407046
25600000,25605000,7342,5000,2282833.0,7050.72520683
25605000,25610000,7343,5000,2283140.0,7050.4492944
25610000,25615000,7344,5000,2283447.0,7050.9411035
25615000,25620000,7345,5000,2283753.0,7051.18055868
25620000,25625000,7346,5000,2284060.0,7051.59484341
25625000,25630000,7347,5000,2284367.0,7052.09234105
25630000,25635000,7348,5000,2284674.0,7052.50425675
25635000,25640000,7349,5000,2284980.0,7052.72402252
25640000,25645000,7350,5000,2285287.0,7053.06824402
25645000,25650000,7351,5000,2285594.0,7053.48753307
25650000,25655000,7352,5000,2285901.0,7053.77291437
25655000,25660000,7353,5000,2286208.0,7053.9045562
25660000,25665000,7354,5000,2286515.0,7054.05849894
25665000,25670000,7355,5000,2286821.0,7054.05750755
25670000,25675000,7356,5000,2287128.0,7054.29899006
25675000,25680000,7357,5000,2287435.0,7054.47796118
25680000,25685000,7358,5000,2287742.0,7054.48404292
25685000,25690000,7359,5000,2288049.0,7054.81021353
25690000,25695000,7360,5000,2288355.0,7054.97952555
25695000,25700000,7361,5000,2288662.0,7054.71155171
25700000,25705000,7362,5000,2288969.0,7054.88923831
25705000,25710000,7363,5000,2289276.0,7055.11602851
25710000,25715000,7364,5000,2289583.0,7055.49569829
25715000,25720000,7365,5000,2289889.0,7055.88231299
25720000,25725000,7366,5000,2290196.0,7056.0914184
25725000,25730000,7367,5000,2290503.0,7056.06223548
25730000,25735000,7368,5000,2290810.0,7055.95112853
25735000,25740000,7369,5000,2291117.0,7056.16731552
25740000,25745000,7370,5000,2291424.0,7056.4452138
25745000,25750000,7371,5000,2291731.0,7056.88959481
25750000,25755000,7372,5000,2292038.0,7057.31540165
25755000,25760000,7373,5000,2292344.0,7057.55647653
25760000,25765000,7374,5000,2292651.0,7057.42700536
25765000,25770000,7375,5000,2292958.0,7057.30578187
25770000,25775000,7376,5000,2293265.0,7057.19389441
25775000,25780000,7377,5000,2293572.0,7056.39492291
25780000,25785000,7378,5000,2293879.0,7056.17084509
25785000,25790000,7379,5000,2294185.0,7055.94745491
25790000,25795000,7380,5000,2294492.0,7055.82985641
25795000,25800000,7381,5000,2294799.0,7056.13553059
25800000,25805000,7382,5000,2295106.0,7056.62846976
25805000,25810000,7383,5000,2295413.0,7056.86754652
25810000,25815000,7384,5000,2295720.0,7057.35894607
25815000,25820000,7385,5000,2296027.0,7057.77621711
25820000,25825000,7386,5000,2296334.0,7058.28257335
25825000,25830000,7387,5000,2296640.0,7058.69757608
25830000,25835000,7388,5000,2296947.0,7059.11023171
25835000,25840000,7389,5000,2297254.0,7059.52057534
25840000,25845000,7390,5000,2297561.0,7059.94549431
25845000,25850000,7391,5000,2297867.0,7060.35871326
25850000,25855000,7392,5000,2298174.0,7060.48016437
25855000,25860000,7393,5000,2298481.0,7060.60119421
25860000,25865000,7394,5000,2298788.0,7060.7302258
25865000,25870000,7395,5000,2299095.0,7060.94317025
25870000,25875000,7396,5000,2299402.0,7061.10747455
25875000,25880000,7397,5000,2299708.0,7061.30397354
25880000,25885000,7398,5000,2300015.0,7061.7086223
25885000,25890000,7399,5000,2300322.0,7061.92480336
25890000,25895000,7400,5000,2300629.0,7061.85499278
25895000,25900000,7401,5000,2300936.0,7061.72211508
25900000,25905000,7402,5000,2301242.0,7061.70913908
25905000,25910000,7403,5000,2301549.0,7061.75832184
25910000,25915000,7404,5000,2301856.0,7061.81988368
25915000,25920000,7405,5000,2302163.0,7062.04682831
25920000,25925000,7406,5000,2302470.0,7062.26653275
25925000,25930000,7407,5000,2302777.0,7062.5961399
25930000,25935000,7408,5000,2303083.0,7062.84035915
25935000,25940000,7409,5000,2303390.0,7063.08093045
25940000,25945000,7410,5000,2303697.0,7063.31196376
25945000,25950000,7411,5000,2304004.0,7063.73287663
25950000,25955000,7412,5000,2304311.0,7064.13040022
25955000,25960000,7413,5000,2304617.0,7064.52668177
25960000,25965000,7414,5000,2304924.0,7064.82707258
25965000,25970000,7415,5000,2305231.0,7065.32597196
25970000,25975000,7416,5000,2305538.0,7065.5343459
25975000,25980000,7417,5000,2305845.0,7065.94347733
25980000,25985000,7418,5000,2306151.0,7066.17248284
25985000,25990000,7419,5000,2306458.0,7066.38779266
25990000,25995000,7420,5000,2306765.0,7066.78392996
25995000,26000000,7421,5000,2307072.0,7067.17530932
26000000,26005000,7422,5000,2307379.0,7067.56612721
26005000,26010000,7423,5000,2307682.0,7067.75476817
26010000,26015000,7424,5000,2307984.0,7067.32015552
26015000,26020000,7425,5000,2308287.0,7066.91938105
26020000,26025000,7426,5000,2308590.0,7067.11922705
26025000,26030000,7427,5000,2308893.0,7067.51822828
26030000,26035000,7428,5000,2309196.0,7067.71220073
26035000,26040000,7429,5000,2309498.0,7067.65076639
26040000,26045000,7430,5000,2309801.0,7067.87846226
26045000,26050000,7431,5000,2310104.0,7068.10042083
26050000,26055000,7432,5000,2310407.0,7068.33369305
26055000,26060000,7433,5000,2310709.0,7068.42095219
26060000,26065000,7434,5000,2311012.0,7068.65647759
26065000,26070000,7435,5000,2311315.0,7068.7655253
26070000,26075000,7436,5000,2311618.0,7069.01590291
26075000,26080000,7437,5000,2311920.0,7069.21040697
26080000,26085000,7438,5000,2312223.0,7068.96491542
26085000,26090000,7439,5000,2312526.0,7068.91425334
26090000,26095000,7440,5000,2312829.0,7068.95985393
26095000,26100000,7441,5000,2313131.0,7069.19714622
26100000,26105000,7442,5000,2313434.0,7069.57419777
26105000,26110000,7443,5000,2313737.0,7069.87523549
26110000,26115000,7444,5000,2314040.0,7070.13474515
26115000,26120000,7445,5000,2314343.0,7070.30020585
26120000,26125000,7446,5000,2314645.0,7070.52941534
26125000,26130000,7447,5000,2314949.0,7070.58602452
26130000,26135000,7448,5000,2315251.0,7070.78413052
26135000,26140000,7449,5000,2315554.0,7070.98790088
26140000,26145000,7450,5000,2315857.0,7071.44080277
26145000,26150000,7451,5000,2316160.0,7071.83022586
26150000,26155000,7452,5000,2316462.0,7072.03447755
26155000,26160000,7453,5000,2316765.0,7072.47059301
26160000,26165000,7454,5000,2317068.0,7072.95188477
26165000,26170000,7455,5000,2317371.0,7073.1770322
26170000,26175000,7456,5000,2317673.0,7073.55022458
26175000,26180000,7457,5000,2317976.0,7073.87313489
26180000,26185000,7458,5000,2318279.0,7074.32587469
26185000,26190000,7459,5000,2318582.0,7074.70796544
26190000,26195000,7460,5000,2318885.0,7075.17509338
26195000,26200000,7461,5000,2319187.0,7075.54844548
26200000,26205000,7462,5000,2319490.0,7075.93886616
26205000,26210000,7463,5000,2319793.0,7076.39018288
26210000,26215000,7464,5000,2320096.0,7076.76202947
26215000,26220000,7465,5000,2320399.0,7077.16621391
26220000,26225000,7466,5000,2320701.0,7077.38948124
26225000,26230000,7467,5000,2321004.0,7077.87336875
26230000,26235000,7468,5000,2321307.0,7078.27884347
26235000,26240000,7469,5000,2321610.0,7078.75412449
26240000,26245000,7470,5000,2321913.0,7079.1303436
26245000,26250000,7471,5000,2322216.0,7079.50598995
26250000,26255000,7472,5000,2322518.0,7079.71946865
26255000,26260000,7473,5000,2322821.0,7079.57302956
26260000,26265000,7474,5000,2323124.0,7078.74298264
26265000,26270000,7475,5000,2323427.0,7079.20383389
26270000,26275000,7476,5000,2323730.0,7079.436251
26275000,26280000,7477,5000,2324033.0,7079.82345905
26280000,26285000,7478,5000,2324336.0,7080.21636241
26285000,26290000,7479,5000,2324638.0,7080.47057625
26290000,26295000,7480,5000,2324941.0,7080.58929585
26295000,26300000,7481,5000,2325244.0,7080.73003202
26300000,26305000,7482,5000,2325547.0,7080.87888449
26305000,26310000,7483,5000,2325850.0,7080.55198614
26310000,26315000,7484,5000,2326153.0,7079.72786213
26315000,26320000,7485,5000,2326455.0,7079.57379963
26320000,26325000,7486,5000,2326758.0,7080.03329748
26325000,26330000,7487,5000,2327061.0,7080.50172403
26330000,26335000,7488,5000,2327364.0,7080.71743349
26335000,26340000,7489,5000,2327667.0,7081.12278721
26340000,26345000,7490,5000,2327970.0,7081.38206087
26345000,26350000,7491,5000,2328272.0,7081.36414308
26350000,26355000,7492,5000,2328575.0,7081.5895443
26355000,26360000,7493,5000,2328878.0,7081.72749058
26360000,26365000,7494,5000,2329181.0,7081.87162842
26365000,26370000,7495,5000,2329484.0,7081.52937014
26370000,26375000,7496,5000,2329787.0,7082.00640307
26375000,26380000,7497,5000,2330089.0,7082.47152393
26380000,26385000,7498,5000,2330392.0,7082.86003935
26385000,26390000,7499,5000,2330695.0,7083.36076402
26390000,26395000,7500,5000,2330998.0,7083.74567543
26395000,26400000,7501,5000,2331300.0,7083.97202473
26400000,26405000,7502,5000,2331603.0,7084.11697722
26405000,26410000,7503,5000,2331906.0,7084.11391749
26410000,26415000,7504,5000,2332209.0,7084.18739329
26415000,26420000,7505,5000,2332512.0,7084.49900804
26420000,26425000,7506,5000,2332815.0,7084.80574706
26425000,26430000,7507,5000,2333118.0,7084.74205301
26430000,26435000,7508,5000,2333420.0,7085.21228491
26435000,26440000,7509,5000,2333723.0,7085.39722064
26440000,26445000,7510,5000,2334026.0,7085.52197728
26445000,26450000,7511,5000,2334329.0,7085.92268325
26450000,26455000,7512,5000,2334632.0,7086.18382102
26455000,26460000,7513,5000,2334934.0,7086.35142396
26460000,26465000,7514,5000,2335237.0,7086.11940931
26465000,26470000,7515,5000,2335540.0,7086.58197455
26470000,26475000,7516,5000,2335843.0,7086.80705621
26475000,26480000,7517,5000,2336146.0,7087.19698198
26480000,26485000,7518,5000,2336448.0,7087.58490786
26485000,26490000,7519,5000,2336751.0,7088.06520642
26490000,26495000,7520,5000,2337054.0,7088.46604851
26495000,26500000,7521,5000,2337357.0,7088.68563667
26500000,26505000,7522,5000,2337659.0,7088.56047387
26505000,26510000,7523,5000,2337962.0,7088.77499225
26510000,26515000,7524,5000,2338265.0,7088.99333156
26515000,26520000,7525,5000,2338568.0,7088.16782208
26520000,26525000,7526,5000,2338871.0,7087.06660876
26525000,26530000,7527,5000,2339173.0,7087.28390516
26530000,26535000,7528,5000,2339476.0,7087.52289416
26535000,26540000,7529,5000,2339779.0,7087.66137881
26540000,26545000,7530,5000,2340082.0,7087.54836093
26545000,26550000,7531,5000,2340384.0,7087.76141811
26550000,26555000,7532,5000,2340687.0,7087.98730699
26555000,26560000,7533,5000,2340990.0,7088.05281472
26560000,26565000,7534,5000,2341293.0,7088.27472216
26565000,26570000,7535,5000,2341596.0,7088.50274581
26570000,26575000,7536,5000,2341899.0,7088.72074944
26575000,26580000,7537,5000,2342201.0,7088.88957371
26580000,26585000,7538,5000,2342504.0,7088.69195872
26585000,26590000,7539,5000,2342807.0,7088.5752602
26590000,26595000,7540,5000,2343110.0,7088.54562018
26595000,26600000,7541,5000,2343412.0,7088.76956554
26600000,26605000,7542,5000,2343715.0,7089.18343346
26605000,26610000,7543,5000,2344018.0,7089.35174496
26610000,26615000,7544,5000,2344321.0,7089.74143672
26615000,26620000,7545,5000,2344624.0,7089.89223402
26620000,26625000,7546,5000,2344926.0,7090.2926837
26625000,26630000,7547,5000,2345229.0,7090.39140612
26630000,26635000,7548,5000,2345532.0,7090.28421548
26635000,26640000,7549,5000,2345835.0,7090.50194715
26640000,26645000,7550,5000,2346137.0,7090.71335389
26645000,26650000,7551,5000,2346440.0,7090.93783111
26650000,26655000,7552,5000,2346743.0,7091.25680722
26655000,26660000,7553,5000,2347046.0,7091.48592629
26660000,26665000,7554,5000,2347348.0,7091.70195764
26665000,26670000,7555,5000,2347651.0,7091.94853947
26670000,26675000,7556,5000,2347954.0,7092.14715107
26675000,26680000,7557,5000,2348257.0,7092.37870944
26680000,26685000,7558,5000,2348560.0,7092.57042594
26685000,26690000,7559,5000,2348862.0,7092.28085762
26690000,26695000,7560,5000,2349165.0,7091.23564505
26695000,26700000,7561,5000,2349468.0,7090.95233786
26700000,26705000,7562,5000,2349771.0,7090.58790798
26705000,26710000,7563,5000,2350074.0,7090.82664015
26710000,26715000,7564,5000,2350377.0,7090.93994487
26715000,26720000,7565,5000,2350679.0,7091.25876674
26720000,26725000,7566,5000,2350982.0,7091.4956977
26725000,26730000,7567,5000,2351285.0,7091.43106982
26730000,26735000,7568,5000,2351588.0,7091.36494044
26735000,26740000,7569,5000,2351891.0,7091.36147554
26740000,26745000,7570,5000,2352193.0,7091.81050544
26745000,26750000,7571,5000,2352496.0,7092.03444487
26750000,26755000,7572,5000,2352799.0,7092.48585775
26755000,26760000,7573,5000,2353102.0,7092.87315805
26760000,26765000,7574,5000,2353404.0,7093.33910165
26765000,26770000,7575,5000,2353707.0,7093.71824733
26770000,26775000,7576,5000,2354010.0,7094.0918871
26775000,26780000,7577,5000,2354313.0,7094.3119515
26780000,26785000,7578,5000,2354616.0,7094.4742816
26785000,26790000,7579,5000,2354918.0,7094.86214019
26790000,26795000,7580,5000,2355221.0,7095.03622574
26795000,26800000,7581,5000,2355524.0,7094.99745439
26800000,26805000,7582,5000,2355827.0,7094.96293202
26805000,26810000,7583,5000,2356130.0,7095.18391994
26810000,26815000,7584,5000,2356433.0,7095.66487054
26815000,26820000,7585,5000,2356735.0,7095.59097802
26820000,26825000,7586,5000,2357038.0,7095.81566405
26825000,26830000,7587,5000,2357341.0,7096.26428127
26830000,26835000,7588,5000,2357644.0,7095.87528282
26835000,26840000,7589,5000,2357946.0,7095.80778113
26840000,26845000,7590,5000,2358249.0,7095.80827544
26845000,26850000,7591,5000,2358552.0,7096.03774047
26850000,26855000,7592,5000,2358855.0,7096.2492454
26855000,26860000,7593,5000,2359158.0,7096.64405903
26860000,26865000,7594,5000,2359461.0,7096.8675296
26865000,26870000,7595,5000,2359763.0,7097.06272324
26870000,26875000,7596,5000,2360066.0,7097.51818353
26875000,26880000,7597,5000,2360369.0,7097.90342454
26880000,26885000,7598,5000,2360672.0,7098.35804014
26885000,26890000,7599,5000,2360974.0,7098.57417273
26890000,26895000,7600,5000,2361277.0,7098.75361758
26895000,26900000,7601,5000,2361580.0,7098.93887634
26900000,26905000,7602,5000,2361882.0,7099.26643991
26905000,26910000,7603,5000,2362185.0,7099.47930683
26910000,26915000,7604,5000,2362488.0,7099.66641793
26915000,26920000,7605,5000,2362791.0,7099.87777364
26920000,26925000,7606,5000,2363094.0,7100.08650397
26925000,26930000,7607,5000,2363397.0,7100.29544734
26930000,26935000,7608,5000,2363700.0,7100.48048368
26935000,26940000,7609,5000,2364002.0,7100.51105083
26940000,26945000,7610,5000,2364305.0,7100.72643325
26945000,26950000,7611,5000,2364608.0,7101.17536445
26950000,26955000,7612,5000,2364911.0,7101.47048809
26955000,26960000,7613,5000,2365214.0,7101.79265826
26960000,26965000,7614,5000,2365517.0,7102.24772943
26965000,26970000,7615,5000,2365819.0,7102.46494846
26970000,26975000,7616,5000,2366122.0,7102.84681113
26975000,26980000,7617,5000,2366425.0,7103.22595334
26980000,26985000,7618,5000,2366727.0,7103.61098926
26985000,26990000,7619,5000,2367030.0,7104.07399956
26990000,26995000,7620,5000,2367333.0,7104.46706101
26995000,27000000,7621,5000,2367636.0,7104.92767239
27000000,27005000,7622,5000,2367939.0,7105.39359865
27005000,27010000,7623,5000,2368249.0,7105.8890813
27010000,27015000,7624,5000,2368560.0,7106.37923296
27015000,27020000,7625,5000,2368871.0,7105.57944352
27020000,27025000,7626,5000,2369182.0,7104.79396255
27025000,27030000,7627,5000,2369492.0,7103.801206
27030000,27035000,7628,5000,2369803.0,7101.7841026
27035000,27040000,7629,5000,2370114.0,7100.97813599
27040000,27045000,7630,5000,2370424.0,7099.12134993
27045000,27050000,7631,5000,2370735.0,7098.13135142
27050000,27055000,7632,5000,2371046.0,7097.24181961
27055000,27060000,7633,5000,2371356.0,7097.72169161
27060000,27065000,7634,5000,2371667.0,7098.1463345
27065000,27070000,7635,5000,2371978.0,7098.39268224
27070000,27075000,7636,5000,2372288.0,7098.88174051
27075000,27080000,7637,5000,2372599.0,7099.30218194
27080000,27085000,7638,5000,2372910.0,7099.54439119
27085000,27090000,7639,5000,2373220.0,7099.78432652
27090000,27095000,7640,5000,2373531.0,7100.27220048
27095000,27100000,7641,5000,2373842.0,7100.51565634
27100000,27105000,7642,5000,2374152.0,7100.80158422
27105000,27110000,7643,5000,2374463.0,7100.79609915
27110000,27115000,7644,5000,2374774.0,7101.14759293
27115000,27120000,7645,5000,2375084.0,7101.4799409
27120000,27125000,7646,5000,2375395.0,7101.64782864
27125000,27130000,7647,5000,2375706.0,7101.40548317
27130000,27135000,7648,5000,2376016.0,7101.15211784
27135000,27140000,7649,5000,2376327.0,7101.61075656
27140000,27145000,7650,5000,2376638.0,7102.0056403
27145000,27150000,7651,5000,2376948.0,7102.4630568
27150000,27155000,7652,5000,2377259.0,7102.84116394
27155000,27160000,7653,5000,2377570.0,7102.90688616
27160000,27165000,7654,5000,2377880.0,7102.50754772
27165000,27170000,7655,5000,2378191.0,7102.75196153
27170000,27175000,7656,5000,2378501.0,7103.13644644
27175000,27180000,7657,5000,2378812.0,7103.21794465
27180000,27185000,7658,5000,2379123.0,7102.93746262
27185000,27190000,7659,5000,2379434.0,7102.64556619
27190000,27195000,7660,5000,2379744.0,7102.50802139
27195000,27200000,7661,5000,2380055.0,7101.48576348
27200000,27205000,7662,5000,2380366.0,7101.73684689
27205000,27210000,7663,5000,2380677.0,7101.61787694
27210000,27215000,7664,5000,2380987.0,7101.50254455
27215000,27220000,7665,5000,2381298.0,7101.39533272
27220000,27225000,7666,5000,2381609.0,7101.00314241
27225000,27230000,7667,5000,2381919.0,7100.89271952
27230000,27235000,7668,5000,2382230.0,7101.1238234
27235000,27240000,7669,5000,2382541.0,7101.3688555
27240000,27245000,7670,5000,2382851.0,7101.86391668
27245000,27250000,7671,5000,2383162.0,7102.09359498
27250000,27255000,7672,5000,2383473.0,7102.34069178
27255000,27260000,7673,5000,2383783.0,7102.1343512
27260000,27265000,7674,5000,2384094.0,7101.8655098
27265000,27270000,7675,5000,2384405.0,7102.33831003
27270000,27275000,7676,5000,2384715.0,7102.57103261
27275000,27280000,7677,5000,2385026.0,7102.45710998
27280000,27285000,7678,5000,2385337.0,7100.60331652
27285000,27290000,7679,5000,2385648.0,7099.82404455
27290000,27295000,7680,5000,2385958.0,7098.90422068
27295000,27300000,7681,5000,2386269.0,7099.38454452
27300000,27305000,7682,5000,2386580.0,7099.80158991
27305000,27310000,7683,5000,2386891.0,7100.0391165
27310000,27315000,7684,5000,2387201.0,7099.94146791
27315000,27320000,7685,5000,2387512.0,7099.00106398
27320000,27325000,7686,5000,2387823.0,7097.95871792
27325000,27330000,7687,5000,2388134.0,7096.9987606
27330000,27335000,7688,5000,2388444.0,7096.21497436
27335000,27340000,7689,5000,2388755.0,7095.44981566
27340000,27345000,7690,5000,2389066.0,7094.48072446
27345000,27350000,7691,5000,2389376.0,7093.61055891
27350000,27355000,7692,5000,2389687.0,7092.8079254
27355000,27360000,7693,5000,2389998.0,7091.80700798
27360000,27365000,7694,5000,2390308.0,7090.82457477
27365000,27370000,7695,5000,2390619.0,7091.18456561
27370000,27375000,7696,5000,2390930.0,7091.68528303
27375000,27380000,7697,5000,2391241.0,7092.09543007
27380000,27385000,7698,5000,2391551.0,7092.47699655
27385000,27390000,7699,5000,2391862.0,7092.72389432
27390000,27395000,7700,5000,2392173.0,7092.62343172
27395000,27400000,7701,5000,2392483.0,7093.01892622
27400000,27405000,7702,5000,2392794.0,7092.91675867
27405000,27410000,7703,5000,2393105.0,7093.14920589
27410000,27415000,7704,5000,2393416.0,7093.1471499
27415000,27420000,7705,5000,2393726.0,7093.46683769
27420000,27425000,7706,5000,2394037.0,7093.70354894
27425000,27430000,7707,5000,2394348.0,7093.7929481
27430000,27435000,7708,5000,2394659.0,7093.89312852
27435000,27440000,7709,5000,2394969.0,7094.30735374
27440000,27445000,7710,5000,2395280.0,7094.45416714
27445000,27450000,7711,5000,2395590.0,7094.58560883
27450000,27455000,7712,5000,2395901.0,7094.80341167
27455000,27460000,7713,5000,2396212.0,7095.18509882
27460000,27465000,7714,5000,2396523.0,7094.20398825
27465000,27470000,7715,5000,2396833.0,7093.42646382
27470000,27475000,7716,5000,2397144.0,7092.59201447
27475000,27480000,7717,5000,2397455.0,7091.56895741
27480000,27485000,7718,5000,2397765.0,7090.56780432
27485000,27490000,7719,5000,2398076.0,7089.59861248
27490000,27495000,7720,5000,2398387.0,7088.60693437
27495000,27500000,7721,5000,2398698.0,7086.77945071
27500000,27505000,7722,5000,2399008.0,7084.95346234
27505000,27510000,7723,5000,2399319.0,7083.76399759
27510000,27515000,7724,5000,2399630.0,7082.93815907
27515000,27520000,7725,5000,2399940.0,7082.14867127
27520000,27525000,7726,5000,2400251.0,7081.37590255
27525000,27530000,7727,5000,2400562.0,7080.338405
27530000,27535000,7728,5000,2400873.0,7078.5167329
27535000,27540000,7729,5000,2401183.0,7077.75693386
27540000,27545000,7730,5000,2401494.0,7076.8403167
27545000,27550000,7731,5000,2401805.0,7076.08181568
27550000,27555000,7732,5000,2402115.0,7075.31887482
27555000,27560000,7733,5000,2402426.0,7074.56242883
27560000,27565000,7734,5000,2402737.0,7073.79418047
27565000,27570000,7735,5000,2403047.0,7072.96447287
27570000,27575000,7736,5000,2403358.0,7072.05282236
27575000,27580000,7737,5000,2403669.0,7071.10457001
27580000,27585000,7738,5000,2403980.0,7070.18989908
27585000,27590000,7739,5000,2404290.0,7070.4022652
27590000,27595000,7740,5000,2404601.0,7070.53149854
27595000,27600000,7741,5000,2404912.0,7070.78510449
27600000,27605000,7742,5000,2405222.0,7071.03048445
27605000,27610000,7743,5000,2405533.0,7071.26208609
27610000,27615000,7744,5000,2405844.0,7071.62779326
27615000,27620000,7745,5000,2406154.0,7071.96119702
27620000,27625000,7746,5000,2406465.0,7072.28907087
27625000,27630000,7747,5000,2406776.0,7072.54160622
27630000,27635000,7748,5000,2407086.0,7072.74247004
27635000,27640000,7749,5000,2407397.0,7071.69497557
27640000,27645000,7750,5000,2407708.0,7069.87046316
27645000,27650000,7751,5000,2408018.0,7069.1010868
27650000,27655000,7752,5000,2408329.0,7069.53346393
27655000,27660000,7753,5000,2408640.0,7069.50714102
27660000,27665000,7754,5000,2408951.0,7069.41807098
27665000,27670000,7755,5000,2409261.0,7069.66355597
27670000,27675000,7756,5000,2409572.0,7069.584939
27675000,27680000,7757,5000,2409883.0,7069.90270745
27680000,27685000,7758,5000,2410193.0,7070.08394079
27685000,27690000,7759,5000,2410504.0,7070.33517941
27690000,27695000,7760,5000,2410815.0,7070.56121557
27695000,27700000,7761,5000,2411125.0,7070.51744211
27700000,27705000,7762,5000,2411436.0,7070.75941382
27705000,27710000,7763,5000,2411747.0,7070.84181546
27710000,27715000,7764,5000,2412058.0,7070.8011139
27715000,27720000,7765,5000,2412368.0,7070.52350175
27720000,27725000,7766,5000,2412679.0,7071.02144011
27725000,27730000,7767,5000,2412990.0,7071.26513256
27730000,27735000,7768,5000,2413300.0,7071.51003813
27735000,27740000,7769,5000,2413611.0,7071.66663635
27740000,27745000,7770,5000,2413922.0,7072.14738796
27745000,27750000,7771,5000,2414232.0,7072.63598483
27750000,27755000,7772,5000,2414543.0,7073.05379334
27755000,27760000,7773,5000,2414854.0,7073.18221313
27760000,27765000,7774,5000,2415165.0,7073.68412599
27765000,27770000,7775,5000,2415475.0,7073.88611672
27770000,27775000,7776,5000,2415786.0,7074.30293133
27775000,27780000,7777,5000,2416097.0,7074.54085389
27780000,27785000,7778,5000,2416407.0,7074.44735876
27785000,27790000,7779,5000,2416718.0,7074.34396069
27790000,27795000,7780,5000,2417029.0,7074.09930297
27795000,27800000,7781,5000,2417340.0,7074.01242666
27800000,27805000,7782,5000,2417650.0,7073.83366617
27805000,27810000,7783,5000,2417961.0,7073.73993555
27810000,27815000,7784,5000,2418272.0,7074.22875756
27815000,27820000,7785,5000,2418582.0,7074.63228859
27820000,27825000,7786,5000,2418893.0,7075.03258402
27825000,27830000,7787,5000,2419204.0,7075.44766245
27830000,27835000,7788,5000,2419514.0,7075.58369557
27835000,27840000,7789,5000,2419825.0,7075.77209501
27840000,27845000,7790,5000,2420136.0,7076.24948545
27845000,27850000,7791,5000,2420447.0,7076.74190269
27850000,27855000,7792,5000,2420757.0,7076.97749262
27855000,27860000,7793,5000,2421068.0,7077.20791634
27860000,27865000,7794,5000,2421379.0,7077.2721185
27865000,27870000,7795,5000,2421689.0,7077.31648828
27870000,27875000,7796,5000,2422000.0,7077.50303987
27875000,27880000,7797,5000,2422311.0,7077.20403347
27880000,27885000,7798,5000,2422621.0,7077.07873721
27885000,27890000,7799,5000,2422932.0,7076.82330871
27890000,27895000,7800,5000,2423243.0,7076.51307217
27895000,27900000,7801,5000,2423554.0,7076.26874852
27900000,27905000,7802,5000,2423864.0,7076.71596136
27905000,27910000,7803,5000,2424175.0,7076.94310654
27910000,27915000,7804,5000,2424486.0,7077.09635765
27915000,27920000,7805,5000,2424796.0,7077.50927032
27920000,27925000,7806,5000,2425107.0,7077.75236706
27925000,27930000,7807,5000,2425418.0,7078.23627056
27930000,27935000,7808,5000,2425728.0,7078.71810906
27935000,27940000,7809,5000,2426039.0,7079.12001389
27940000,27945000,7810,5000,2426350.0,7079.18243114
27945000,27950000,7811,5000,2426660.0,7079.65295832
27950000,27955000,7812,5000,2426971.0,7080.0669863
27955000,27960000,7813,5000,2427282.0,7079.97453247
27960000,27965000,7814,5000,2427592.0,7079.87103117
27965000,27970000,7815,5000,2427903.0,7079.77795196
27970000,27975000,7816,5000,2428214.0,7079.45727101
27975000,27980000,7817,5000,2428524.0,7079.92911158
27980000,27985000,7818,5000,2428835.0,7080.18416038
27985000,27990000,7819,5000,2429146.0,7080.43391701
27990000,27995000,7820,5000,2429457.0,7080.92888725
27995000,28000000,7821,5000,2429767.0,7081.17172597
28000000,28005000,7822,5000,2430078.0,7081.08117116
28005000,28010000,7823,5000,2430381.0,7080.84567647
28010000,28015000,7824,5000,2430684.0,7080.63630476
28015000,28020000,7825,5000,2430986.0,7080.87103891
28020000,28025000,7826,5000,2431289.0,7080.9435119
28025000,28030000,7827,5000,2431592.0,7081.09407975
28030000,28035000,7828,5000,2431895.0,7081.40054652
28035000,28040000,7829,5000,2432197.0,7081.54555186
28040000,28045000,7830,5000,2432500.0,7081.69224395
28045000,28050000,7831,5000,2432803.0,7082.14705139
28050000,28055000,7832,5000,2433106.0,7082.52927699
28055000,28060000,7833,5000,2433409.0,7082.75225109
28060000,28065000,7834,5000,2433711.0,7083.13112682
28065000,28070000,7835,5000,2434014.0,7083.33384851
28070000,28075000,7836,5000,2434317.0,7083.55376097
28075000,28080000,7837,5000,2434620.0,7083.5908841
28080000,28085000,7838,5000,2434922.0,7083.80173858
28085000,28090000,7839,5000,2435225.0,7084.23716529
28090000,28095000,7840,5000,2435528.0,7084.59717056
28095000,28100000,7841,5000,2435831.0,7084.70792259
28100000,28105000,7842,5000,2436134.0,7085.12513066
28105000,28110000,7843,5000,2436436.0,7085.31784903
28110000,28115000,7844,5000,2436739.0,7085.44339098
28115000,28120000,7845,5000,2437042.0,7085.55942671
28120000,28125000,7846,5000,2437344.0,7085.15477308
28125000,28130000,7847,5000,2437647.0,7085.59946324
28130000,28135000,7848,5000,2437950.0,7085.96976967
28135000,28140000,7849,5000,2438253.0,7086.4018485
28140000,28145000,7850,5000,2438555.0,7086.76852221
28145000,28150000,7851,5000,2438858.0,7087.1425614
28150000,28155000,7852,5000,2439161.0,7087.59265897
28155000,28160000,7853,5000,2439464.0,7086.80992824
28160000,28165000,7854,5000,2439767.0,7084.98413752
28165000,28170000,7855,5000,2440069.0,7083.17249035
28170000,28175000,7856,5000,2440372.0,7082.20411935
28175000,28180000,7857,5000,2440675.0,7082.65927488
28180000,28185000,7858,5000,2440978.0,7083.04245458
28185000,28190000,7859,5000,2441280.0,7083.41178609
28190000,28195000,7860,5000,2441583.0,7083.8007585
28195000,28200000,7861,5000,2441886.0,7084.24428299
28200000,28205000,7862,5000,2442189.0,7084.61046008
28205000,28210000,7863,5000,2442491.0,7085.06016212
28210000,28215000,7864,5000,2442794.0,7085.44604189
28215000,28220000,7865,5000,2443097.0,7085.82140684
28220000,28225000,7866,5000,2443400.0,7086.04347299
28225000,28230000,7867,5000,2443703.0,7085.70749682
28230000,28235000,7868,5000,2444005.0,7085.30452789
28235000,28240000,7869,5000,2444308.0,7084.2517065
28240000,28245000,7870,5000,2444611.0,7083.26685783
28245000,28250000,7871,5000,2444914.0,7082.28617584
28250000,28255000,7872,5000,2445216.0,7081.35680735
28255000,28260000,7873,5000,2445519.0,7080.58258282
28260000,28265000,7874,5000,2445822.0,7079.81100112
28265000,28270000,7875,5000,2446125.0,7078.86013054
28270000,28275000,7876,5000,2446427.0,7078.09182055
28275000,28280000,7877,5000,2446730.0,7076.06335126
28280000,28285000,7878,5000,2447033.0,7076.32703684
28285000,28290000,7879,5000,2447336.0,7076.43633608
28290000,28295000,7880,5000,2447638.0,7076.67943671
28295000,28300000,7881,5000,2447941.0,7076.8012996
28300000,28305000,7882,5000,2448244.0,7076.99354998
28305000,28310000,7883,5000,2448547.0,7077.12459639
28310000,28315000,7884,5000,2448850.0,7077.28278228
28315000,28320000,7885,5000,2449152.0,7077.50668362
28320000,28325000,7886,5000,2449455.0,7077.82129421
28325000,28330000,7887,5000,2449758.0,7078.0795095
28330000,28335000,7888,5000,2450060.0,7078.03597464
28335000,28340000,7889,5000,2450363.0,7078.44047782
28340000,28345000,7890,5000,2450666.0,7078.56446097
28345000,28350000,7891,5000,2450969.0,7078.4518247
28350000,28355000,7892,5000,2451272.0,7077.61103402
28355000,28360000,7893,5000,2451574.0,7076.81932754
28360000,28365000,7894,5000,2451877.0,7075.72416361
28365000,28370000,7895,5000,2452180.0,7074.68031102
28370000,28375000,7896,5000,2452483.0,7072.72570465
28375000,28380000,7897,5000,2452785.0,7071.94823535
28380000,28385000,7898,5000,2453088.0,7071.16151174
28385000,28390000,7899,5000,2453391.0,7069.36406389
28390000,28395000,7900,5000,2453694.0,7068.58394823
28395000,28400000,7901,5000,2453996.0,7068.79326683
28400000,28405000,7902,5000,2454299.0,7069.17807016
28405000,28410000,7903,5000,2454602.0,7069.06693443
28410000,28415000,7904,5000,2454905.0,7069.44925073
28415000,28420000,7905,5000,2455208.0,7069.42803232
28420000,28425000,7906,5000,2455510.0,7069.47655843
28425000,28430000,7907,5000,2455813.0,7069.69529841
28430000,28435000,7908,5000,2456116.0,7069.91284319
28435000,28440000,7909,5000,2456419.0,7069.81103398
28440000,28445000,7910,5000,2456722.0,7069.91492516
28445000,28450000,7911,5000,2457024.0,7070.04740481
28450000,28455000,7912,5000,2457327.0,7070.44617928
28455000,28460000,7913,5000,2457630.0,7070.63453091
28460000,28465000,7914,5000,2457933.0,7070.85405373
28465000,28470000,7915,5000,2458236.0,7070.824194
28470000,28475000,7916,5000,2458538.0,7071.04937668
28475000,28480000,7917,5000,2458841.0,7071.26345975
28480000,28485000,7918,5000,2459144.0,7070.97796022
28485000,28490000,7919,5000,2459447.0,7070.77546865
28490000,28495000,7920,5000,2459749.0,7069.79203216
28495000,28500000,7921,5000,2460052.0,7069.41866325
28500000,28505000,7922,5000,2460355.0,7068.65636228
28505000,28510000,7923,5000,2460658.0,7068.2823914
28510000,28515000,7924,5000,2460961.0,7068.16898044
28515000,28520000,7925,5000,2461263.0,7068.04672377
28520000,28525000,7926,5000,2461566.0,7068.4948656
28525000,28530000,7927,5000,2461869.0,7068.87674302
28530000,28535000,7928,5000,2462172.0,7068.97803371
28535000,28540000,7929,5000,2462475.0,7069.35781633
28540000,28545000,7930,5000,2462777.0,7069.5238247
28545000,28550000,7931,5000,2463080.0,7069.84070555
28550000,28555000,7932,5000,2463383.0,7069.99296625
28555000,28560000,7933,5000,2463686.0,7070.23687069
28560000,28565000,7934,5000,2463988.0,7070.33630782
28565000,28570000,7935,5000,2464291.0,7070.27490618
28570000,28575000,7936,5000,2464594.0,7070.33059023
28575000,28580000,7937,5000,2464896.0,7070.69157747
28580000,28585000,7938,5000,2465199.0,7071.01130946
28585000,28590000,7939,5000,2465502.0,7071.37856809
28590000,28595000,7940,5000,2465805.0,7071.75762142
28595000,28600000,7941,5000,2466108.0,7071.98632293
28600000,28605000,7942,5000,2466410.0,7072.37408769
28605000,28610000,7943,5000,2466713.0,7072.59626693
28610000,28615000,7944,5000,2467016.0,7072.97785637
28615000,28620000,7945,5000,2467319.0,7073.02915764
28620000,28625000,7946,5000,2467622.0,7072.96076696
28625000,28630000,7947,5000,2467925.0,7073.4175019
28630000,28635000,7948,5000,2468227.0,7073.54180827
28635000,28640000,7949,5000,2468530.0,7073.75866977
28640000,28645000,7950,5000,2468833.0,7073.95657683
28645000,28650000,7951,5000,2469136.0,7074.02153461
28650000,28655000,7952,5000,2469438.0,7074.06652884
28655000,28660000,7953,5000,2469741.0,7074.13036744
28660000,28665000,7954,5000,2470044.0,7074.11010854
28665000,28670000,7955,5000,2470347.0,7074.1694883
28670000,28675000,7956,5000,2470650.0,7073.78767421
28675000,28680000,7957,5000,2470952.0,7073.98123334
28680000,28685000,7958,5000,2471255.0,7074.35398284
28685000,28690000,7959,5000,2471558.0,7074.72819629
28690000,28695000,7960,5000,2471861.0,7075.09292336
28695000,28700000,7961,5000,2472164.0,7075.47543832
28700000,28705000,7962,5000,2472467.0,7075.8447832
28705000,28710000,7963,5000,2472769.0,7076.21315045
28710000,28715000,7964,5000,2473072.0,7076.58026251
28715000,28720000,7965,5000,2473375.0,7076.79092252
28720000,28725000,7966,5000,2473677.0,7076.98864197
28725000,28730000,7967,5000,2473980.0,7077.11789754
28730000,28735000,7968,5000,2474283.0,7076.77628363
28735000,28740000,7969,5000,2474586.0,7076.97120356
28740000,28745000,7970,5000,2474889.0,7077.21797562
28745000,28750000,7971,5000,2475191.0,7077.58264768
28750000,28755000,7972,5000,2475494.0,7078.00933504
28755000,28760000,7973,5000,2475797.0,7078.37479342
28760000,28765000,7974,5000,2476100.0,7078.5924952
28765000,28770000,7975,5000,2476403.0,7078.69180797
28770000,28775000,7976,5000,2476705.0,7078.66557074
28775000,28780000,7977,5000,2477008.0,7078.90239583
28780000,28785000,7978,5000,2477311.0,7079.13209379
28785000,28790000,7979,5000,2477613.0,7078.1359979
28790000,28795000,7980,5000,2477916.0,7077.93130774
28795000,28800000,7981,5000,2478219.0,7077.80500915
28800000,28805000,7982,5000,2478522.0,7078.22929521
28805000,28810000,7983,5000,2478825.0,7078.66062742
28810000,28815000,7984,5000,2479127.0,7079.08943201
28815000,28820000,7985,5000,2479430.0,7079.09548007
28820000,28825000,7986,5000,2479733.0,7079.38832673
28825000,28830000,7987,5000,2480036.0,7079.37034814
28830000,28835000,7988,5000,2480339.0,7079.52133525
28835000,28840000,7989,5000,2480641.0,7079.55158989
28840000,28845000,7990,5000,2480944.0,7079.85946825
28845000,28850000,7991,5000,2481247.0,7080.00292926
28850000,28855000,7992,5000,2481550.0,7080.22217315
28855000,28860000,7993,5000,2481853.0,7080.56132591
28860000,28865000,7994,5000,2482155.0,7080.70267206
28865000,28870000,7995,5000,2482458.0,7080.85151271
28870000,28875000,7996,5000,2482761.0,7081.07076232
28875000,28880000,7997,5000,2483063.0,7081.25155353
28880000,28885000,7998,5000,2483366.0,7081.65309676
28885000,28890000,7999,5000,2483669.0,7081.98631162
28890000,28895000,8000,5000,2483972.0,7082.09196374
28895000,28900000,8001,5000,2484274.0,7081.86758201
28900000,28905000,8002,5000,2484577.0,7081.5375883
28905000,28910000,8003,5000,2484880.0,7081.80462319
28910000,28915000,8004,5000,2485183.0,7081.94872815
28915000,28920000,8005,5000,2485486.0,7082.13790416
28920000,28925000,8006,5000,2485788.0,7082.58802096
28925000,28930000,8007,5000,2486091.0,7082.93965341
28930000,28935000,8008,5000,2486394.0,7082.88089507
28935000,28940000,8009,5000,2486697.0,7082.86903376
28940000,28945000,8010,5000,2486999.0,7082.46344498
28945000,28950000,8011,5000,2487302.0,7082.27139514
28950000,28955000,8012,5000,2487605.0,7081.97609529
28955000,28960000,8013,5000,2487908.0,7081.61910255
28960000,28965000,8014,5000,2488211.0,7081.81321662
28965000,28970000,8015,5000,2488513.0,7082.18713265
28970000,28975000,8016,5000,2488816.0,7082.27946222
28975000,28980000,8017,5000,2489119.0,7082.64993671
28980000,28985000,8018,5000,2489422.0,7082.57823196
28985000,28990000,8019,5000,2489725.0,7083.0046905
28990000,28995000,8020,5000,2490028.0,7083.00417577
28995000,29000000,8021,5000,2490330.0,7083.36859176
29000000,29005000,8022,5000,2490633.0,7083.44480916
29005000,29010000,8023,5000,2490945.0,7083.87980958
29010000,29015000,8024,5000,2491258.0,7084.34532146
29015000,29020000,8025,5000,2491570.0,7084.72622434
29020000,29025000,8026,5000,2491883.0,7085.08475365
29025000,29030000,8027,5000,2492196.0,7085.31588116
29030000,29035000,8028,5000,2492508.0,7085.78112476
29035000,29040000,8029,5000,2492821.0,7086.17726055
29040000,29045000,8030,5000,2493134.0,7086.65041245
29045000,29050000,8031,5000,2493446.0,7086.75950731
29050000,29055000,8032,5000,2493759.0,7086.99187748
29055000,29060000,8033,5000,2494071.0,7087.35305324
29060000,29065000,8034,5000,2494384.0,7087.33024198
29065000,29070000,8035,5000,2494696.0,7087.3954651
29070000,29075000,8036,5000,2495009.0,7087.6240565
29075000,29080000,8037,5000,2495321.0,7088.07441271
29080000,29085000,8038,5000,2495634.0,7088.46974877
29085000,29090000,8039,5000,2495947.0,7088.69492963
29090000,29095000,8040,5000,2496259.0,7089.00900394
29095000,29100000,8041,5000,2496572.0,7089.195565
29100000,29105000,8042,5000,2496884.0,7089.38257078
29105000,29110000,8043,5000,2497197.0,7089.77605275
29110000,29115000,8044,5000,2497509.0,7090.16164997
29115000,29120000,8045,5000,2497822.0,7090.6377462
29120000,29125000,8046,5000,2498134.0,7090.94552039
29125000,29130000,8047,5000,2498447.0,7091.3389606
29130000,29135000,8048,5000,2498759.0,7091.5495386
29135000,29140000,8049,5000,2499072.0,7091.54632003
29140000,29145000,8050,5000,2499384.0,7091.77564762
29145000,29150000,8051,5000,2499697.0,7091.6455683
29150000,29155000,8052,5000,2500009.0,7092.11810769
29155000,29160000,8053,5000,2500322.0,7092.50974908
29160000,29165000,8054,5000,2500635.0,7092.74354872
29165000,29170000,8055,5000,2500947.0,7092.96725094
29170000,29175000,8056,5000,2501260.0,7093.19684062
29175000,29180000,8057,5000,2501572.0,7093.42643426
29180000,29185000,8058,5000,2501885.0,7093.88583631
29185000,29190000,8059,5000,2502198.0,7094.28602966
29190000,29195000,8060,5000,2502510.0,7094.51731807
29195000,29200000,8061,5000,2502822.0,7094.98689533
29200000,29205000,8062,5000,2503135.0,7095.38105122
29205000,29210000,8063,5000,2503447.0,7095.60696147
29210000,29215000,8064,5000,2503760.0,7096.05139013
29215000,29220000,8065,5000,2504072.0,7096.28257312
29220000,29225000,8066,5000,2504385.0,7096.66209697
29225000,29230000,8067,5000,2504698.0,7097.03364132
29230000,29235000,8068,5000,2505010.0,7097.41068375
29235000,29240000,8069,5000,2505323.0,7097.62797369
29240000,29245000,8070,5000,2505635.0,7096.85399488
29245000,29250000,8071,5000,2505948.0,7097.25476055
29250000,29255000,8072,5000,2506261.0,7097.25053109
29255000,29260000,8073,5000,2506573.0,7096.95074925
29260000,29265000,8074,5000,2506886.0,7096.8550638
29265000,29270000,8075,5000,2507198.0,7096.11499172
29270000,29275000,8076,5000,2507511.0,7096.34860259
29275000,29280000,8077,5000,2507823.0,7096.34862612
29280000,29285000,8078,5000,2508136.0,7096.58288788
29285000,29290000,8079,5000,2508448.0,7096.80957666
29290000,29295000,8080,5000,2508761.0,7097.24366534
29295000,29300000,8081,5000,2509074.0,7097.53484464
29300000,29305000,8082,5000,2509386.0,7097.75201441
29305000,29310000,8083,5000,2509699.0,7097.94907
29310000,29315000,8084,5000,2510012.0,7098.0375759
29315000,29320000,8085,5000,2510324.0,7098.0114402
29320000,29325000,8086,5000,2510637.0,7097.98298078
29325000,29330000,8087,5000,2510949.0,7097.73519605
29330000,29335000,8088,5000,2511262.0,7097.49099558
29335000,29340000,8089,5000,2511575.0,7097.78726883
29340000,29345000,8090,5000,2511887.0,7097.97049327
29345000,29350000,8091,5000,2512200.0,7098.16520974
29350000,29355000,8092,5000,2512513.0,7098.44741151
29355000,29360000,8093,5000,2512825.0,7098.65185294
29360000,29365000,8094,5000,2513137.0,7098.61444113
29365000,29370000,8095,5000,2513450.0,7098.68976287
29370000,29375000,8096,5000,2513763.0,7098.34690124
29375000,29380000,8097,5000,2514075.0,7098.54049108
29380000,29385000,8098,5000,2514388.0,7098.90848211
29385000,29390000,8099,5000,2514700.0,7099.10496635
29390000,29395000,8100,5000,2515013.0,7099.26459875
29395000,29400000,8101,5000,2515326.0,7099.45265295
29400000,29405000,8102,5000,2515638.0,7099.69440942
29405000,29410000,8103,5000,2515951.0,7099.6766491
29410000,29415000,8104,5000,2516264.0,7099.72102881
29415000,29420000,8105,5000,2516576.0,7099.76233805
29420000,29425000,8106,5000,2516889.0,7099.7780189
29425000,29430000,8107,5000,2517201.0,7100.0791713
29430000,29435000,8108,5000,2517514.0,7100.24559559
29435000,29440000,8109,5000,2517826.0,7100.55245556
29440000,29445000,8110,5000,2518139.0,7100.86227207
29445000,29450000,8111,5000,2518451.0,7101.16851242
29450000,29455000,8112,5000,2518764.0,7101.36580689
29455000,29460000,8113,5000,2519077.0,7101.53416667
29460000,29465000,8114,5000,2519389.0,7101.77535144
29465000,29470000,8115,5000,2519702.0,7101.89179954
29470000,29475000,8116,5000,2520014.0,7100.95089955
29475000,29480000,8117,5000,2520327.0,7100.04214011
29480000,29485000,8118,5000,2520639.0,7099.08475957
29485000,29490000,8119,5000,2520952.0,7098.07239035
29490000,29495000,8120,5000,2521264.0,7098.49385034
29495000,29500000,8121,5000,2521577.0,7098.94845235
29500000,29505000,8122,5000,2521890.0,7099.18028379
29505000,29510000,8123,5000,2522202.0,7099.64640253
29510000,29515000,8124,5000,2522515.0,7100.10092102
29515000,29520000,8125,5000,2522827.0,7100.48901442
29520000,29525000,8126,5000,2523140.0,7100.95015608
29525000,29530000,8127,5000,2523452.0,7101.40532726
29530000,29535000,8128,5000,2523765.0,7101.64050107
29535000,29540000,8129,5000,2524077.0,7100.70442769
29540000,29545000,8130,5000,2524390.0,7099.8140583
29545000,29550000,8131,5000,2524702.0,7100.03644166
29550000,29555000,8132,5000,2525015.0,7100.31831414
29555000,29560000,8133,5000,2525327.0,7099.54534384
29560000,29565000,8134,5000,2525640.0,7099.39174594
29565000,29570000,8135,5000,2525952.0,7099.83455056
29570000,29575000,8136,5000,2526265.0,7100.06138023
29575000,29580000,8137,5000,2526578.0,7100.4513897
29580000,29585000,8138,5000,2526890.0,7100.83195099
29585000,29590000,8139,5000,2527203.0,7101.02230176
29590000,29595000,8140,5000,2527516.0,7101.2518781
29595000,29600000,8141,5000,2527828.0,7101.33095401
29600000,29605000,8142,5000,2528141.0,7101.24512897
29605000,29610000,8143,5000,2528453.0,7101.40063532
29610000,29615000,8144,5000,2528766.0,7101.24398867
29615000,29620000,8145,5000,2529079.0,7101.24396221
29620000,29625000,8146,5000,2529391.0,7101.33989787
29625000,29630000,8147,5000,2529704.0,7101.40995476
29630000,29635000,8148,5000,2530016.0,7101.60364328
29635000,29640000,8149,5000,2530329.0,7101.99453096
29640000,29645000,8150,5000,2530641.0,7102.26012787
29645000,29650000,8151,5000,2530954.0,7102.47467352
29650000,29655000,8152,5000,2531266.0,7102.54986931
29655000,29660000,8153,5000,2531579.0,7102.79415282
29660000,29665000,8154,5000,2531892.0,7103.01653829
29665000,29670000,8155,5000,2532204.0,7103.3867099
29670000,29675000,8156,5000,2532517.0,7103.7685701
29675000,29680000,8157,5000,2532830.0,7103.97905157
29680000,29685000,8158,5000,2533142.0,7103.6317413
29685000,29690000,8159,5000,2533455.0,7103.66356957
29690000,29695000,8160,5000,2533767.0,7103.64373133
29695000,29700000,8161,5000,2534080.0,7103.60085988
29700000,29705000,8162,5000,2534393.0,7103.83969688
29705000,29710000,8163,5000,2534705.0,7104.22243343
29710000,29715000,8164,5000,2535018.0,7104.69379782
29715000,29720000,8165,5000,2535330.0,7105.07406276
29720000,29725000,8166,5000,2535643.0,7105.30564987
29725000,29730000,8167,5000,2535956.0,7105.75184263
29730000,29735000,8168,5000,2536268.0,7106.14114476
29735000,29740000,8169,5000,2536581.0,7105.39296763
29740000,29745000,8170,5000,2536893.0,7104.65943809
29745000,29750000,8171,5000,2537206.0,7102.6753809
29750000,29755000,8172,5000,2537519.0,7101.69457288
29755000,29760000,8173,5000,2537831.0,7100.75240541
29760000,29765000,8174,5000,2538144.0,7101.19818457
29765000,29770000,8175,5000,2538456.0,7101.35038207
29770000,29775000,8176,5000,2538769.0,7101.4939841
29775000,29780000,8177,5000,2539081.0,7101.62695052
29780000,29785000,8178,5000,2539394.0,7101.75753867
29785000,29790000,8179,5000,2539706.0,7101.99805054
29790000,29795000,8180,5000,2540019.0,7102.22733416
29795000,29800000,8181,5000,2540332.0,7102.61627639
29800000,29805000,8182,5000,2540644.0,7103.00735039
29805000,29810000,8183,5000,2540957.0,7103.46646599
29810000,29815000,8184,5000,2541269.0,7103.92205062
29815000,29820000,8185,5000,2541582.0,7104.13627137
29820000,29825000,8186,5000,2541895.0,7104.35384184
29825000,29830000,8187,5000,2542207.0,7104.79290707
29830000,29835000,8188,5000,2542520.0,7105.17382931
29835000,29840000,8189,5000,2542833.0,7105.34017461
29840000,29845000,8190,5000,2543145.0,7105.51065539
29845000,29850000,8191,5000,2543458.0,7105.71353849
29850000,29855000,8192,5000,2543770.0,7106.16736221
29855000,29860000,8193,5000,2544083.0,7106.536575
29860000,29865000,8194,5000,2544396.0,7106.79702023
29865000,29870000,8195,5000,2544708.0,7107.2356749
29870000,29875000,8196,5000,2545021.0,7107.33694988
29875000,29880000,8197,5000,2545333.0,7107.71948743
29880000,29885000,8198,5000,2545646.0,7107.70973576
29885000,29890000,8199,5000,2545958.0,7107.93202233
29890000,29895000,8200,5000,2546271.0,7108.11360628
29895000,29900000,8201,5000,2546583.0,7108.56686035
29900000,29905000,8202,5000,2546896.0,7108.79531974
29905000,29910000,8203,5000,2547209.0,7108.04658154
29910000,29915000,8204,5000,2547521.0,7107.31395527
29915000,29920000,8205,5000,2547834.0,7106.58024255
29920000,29925000,8206,5000,2548146.0,7105.74226811
29925000,29930000,8207,5000,2548459.0,7105.00455825
29930000,29935000,8208,5000,2548771.0,7104.06302054
29935000,29940000,8209,5000,2549084.0,7103.11071012
29940000,29945000,8210,5000,2549397.0,7102.3759663
29945000,29950000,8211,5000,2549709.0,7101.43218986
29950000,29955000,8212,5000,2550022.0,7101.6235256
29955000,29960000,8213,5000,2550334.0,7102.01132966
29960000,29965000,8214,5000,2550647.0,7102.2395958
29965000,29970000,8215,5000,2550960.0,7102.68620325
29970000,29975000,8216,5000,2551272.0,7103.06510928
29975000,29980000,8217,5000,2551585.0,7103.0884314
29980000,29985000,8218,5000,2551897.0,7103.16525749
29985000,29990000,8219,5000,2552210.0,7103.51977121
29990000,29995000,8220,5000,2552522.0,7103.77991164
29995000,30000000,8221,5000,2552835.0,7103.90979189
30000000,30005000,8222,5000,2553148.0,7104.3542825
30005000,30010000,8223,5000,2553452.0,7104.56534321
30010000,30015000,8224,5000,2553757.0,7104.92136836
30015000,30020000,8225,5000,2554061.0,7105.26490115
30020000,30025000,8226,5000,2554366.0,7105.3710357
30025000,30030000,8227,5000,2554670.0,7105.47819744
30030000,30035000,8228,5000,2554975.0,7105.71752
30035000,30040000,8229,5000,2555279.0,7105.87070589
30040000,30045000,8230,5000,2555583.0,7105.87970676
30045000,30050000,8231,5000,2555888.0,7105.54297001
30050000,30055000,8232,5000,2556192.0,7105.66943141
30055000,30060000,8233,5000,2556497.0,7105.7009617
30060000,30065000,8234,5000,2556801.0,7106.06498256
30065000,30070000,8235,5000,2557106.0,7106.270617
30070000,30075000,8236,5000,2557410.0,7106.55568742
30075000,30080000,8237,5000,2557715.0,7106.92427794
30080000,30085000,8238,5000,2558019.0,7107.29219196
30085000,30090000,8239,5000,2558324.0,7107.66159195
30090000,30095000,8240,5000,2558628.0,7107.85723701
30095000,30100000,8241,5000,2558932.0,7108.04998895
30100000,30105000,8242,5000,2559237.0,7108.24806724
30105000,30110000,8243,5000,2559541.0,7108.42876457
30110000,30115000,8244,5000,2559846.0,7108.43308114
30115000,30120000,8245,5000,2560150.0,7108.63182193
30120000,30125000,8246,5000,2560455.0,7109.06478619
30125000,30130000,8247,5000,2560759.0,7109.26314357
30130000,30135000,8248,5000,2561063.0,7109.61108454
30135000,30140000,8249,5000,2561368.0,7109.80034958
30140000,30145000,8250,5000,2561672.0,7109.98787682
30145000,30150000,8251,5000,2561977.0,7109.85181806
30150000,30155000,8252,5000,2562281.0,7110.0433568
30155000,30160000,8253,5000,2562586.0,7110.24033961
30160000,30165000,8254,5000,2562890.0,7110.1884676
30165000,30170000,8255,5000,2563195.0,7110.0251644
30170000,30175000,8256,5000,2563499.0,7110.23188679
30175000,30180000,8257,5000,2563803.0,7110.43658339
30180000,30185000,8258,5000,2564108.0,7110.67374777
30185000,30190000,8259,5000,2564412.0,7110.86559126
30190000,30195000,8260,5000,2564717.0,7110.92483486
30195000,30200000,8261,5000,2565021.0,7111.35899536
30200000,30205000,8262,5000,2565326.0,7111.72515326
30205000,30210000,8263,5000,2565630.0,7111.9006126
30210000,30215000,8264,5000,2565935.0,7112.06966008
30215000,30220000,8265,5000,2566239.0,7112.26983009
30220000,30225000,8266,5000,2566544.0,7112.47413086
30225000,30230000,8267,5000,2566848.0,7112.90049715
30230000,30235000,8268,5000,2567152.0,7113.08991987
30235000,30240000,8269,5000,2567457.0,7113.30076043
30240000,30245000,8270,5000,2567761.0,7113.46471262
30245000,30250000,8271,5000,2568066.0,7113.76973535
30250000,30255000,8272,5000,2568370.0,7114.03463477
30255000,30260000,8273,5000,2568675.0,7114.42341006
30260000,30265000,8274,5000,2568979.0,7114.50773913
30265000,30270000,8275,5000,2569284.0,7114.86380803
30270000,30275000,8276,5000,2569588.0,7115.16955503
30275000,30280000,8277,5000,2569893.0,7115.45188528
30280000,30285000,8278,5000,2570197.0,7115.73314963
30285000,30290000,8279,5000,2570502.0,7116.00849602
30290000,30295000,8280,5000,2570806.0,7116.14971776
30295000,30300000,8281,5000,2571110.0,7116.59374057
30300000,30305000,8282,5000,2571415.0,7117.03602465
30305000,30310000,8283,5000,2571719.0,7117.40617714
30310000,30315000,8284,5000,2572024.0,7117.78139144
30315000,30320000,8285,5000,2572328.0,7117.99458141
30320000,30325000,8286,5000,2572632.0,7118.19801829
30325000,30330000,8287,5000,2572937.0,7118.08787707
30330000,30335000,8288,5000,2573241.0,7117.97233754
30335000,30340000,8289,5000,2573546.0,7118.40879426
30340000,30345000,8290,5000,2573850.0,7118.620404
30345000,30350000,8291,5000,2574154.0,7118.97901684
30350000,30355000,8292,5000,2574459.0,7119.18991962
30355000,30360000,8293,5000,2574763.0,7119.47688426
30360000,30365000,8294,5000,2575068.0,7119.69195976
30365000,30370000,8295,5000,2575372.0,7119.80909793
30370000,30375000,8296,5000,2575676.0,7118.97858044
30375000,30380000,8297,5000,2575981.0,7118.01743942
30380000,30385000,8298,5000,2576286.0,7117.02301167
30385000,30390000,8299,5000,2576590.0,7116.15378723
30390000,30395000,8300,5000,2576895.0,7116.20561525
30395000,30400000,8301,5000,2577199.0,7116.49139417
30400000,30405000,8302,5000,2577503.0,7116.63549517
30405000,30410000,8303,5000,2577808.0,7117.02176283
30410000,30415000,8304,5000,2578113.0,7117.21749213
30415000,30420000,8305,5000,2578417.0,7117.40687023
30420000,30425000,8306,5000,2578722.0,7117.39892776
30425000,30430000,8307,5000,2579026.0,7117.0719459
30430000,30435000,8308,5000,2579331.0,7117.14006401
30435000,30440000,8309,5000,2579635.0,7117.19327345
30440000,30445000,8310,5000,2579939.0,7117.39571474
30445000,30450000,8311,5000,2580244.0,7116.63321419
30450000,30455000,8312,5000,2580548.0,7115.76189436
30455000,30460000,8313,5000,2580853.0,7114.87491794
30460000,30465000,8314,5000,2581157.0,7115.25298319
30465000,30470000,8315,5000,2581462.0,7115.46065327
30470000,30475000,8316,5000,2581766.0,7115.56662951
30475000,30480000,8317,5000,2582071.0,7115.89418524
30480000,30485000,8318,5000,2582375.0,7116.2345072
30485000,30490000,8319,5000,2582680.0,7116.43272182
30490000,30495000,8320,5000,2582984.0,7116.76650478
30495000,30500000,8321,5000,2583289.0,7117.00930215
30500000,30505000,8322,5000,2583593.0,7117.07597566
30505000,30510000,8323,5000,2583898.0,7117.28300449
30510000,30515000,8324,5000,2584202.0,7117.54367845
30515000,30520000,8325,5000,2584506.0,7117.91481527
30520000,30525000,8326,5000,2584811.0,7118.28158138
30525000,30530000,8327,5000,2585115.0,7118.48731322
30530000,30535000,8328,5000,2585420.0,7118.48541562
30535000,30540000,8329,5000,2585724.0,7118.36457612
30540000,30545000,8330,5000,2586029.0,7118.05090497
30545000,30550000,8331,5000,2586333.0,7117.60473438
30550000,30555000,8332,5000,2586638.0,7116.86945069
30555000,30560000,8333,5000,2586942.0,7117.2260268
30560000,30565000,8334,5000,2587247.0,7117.22422385
30565000,30570000,8335,5000,2587551.0,7117.45854528
30570000,30575000,8336,5000,2587856.0,7117.8127882
30575000,30580000,8337,5000,2588160.0,7118.04561455
30580000,30585000,8338,5000,2588464.0,7118.03399335
30585000,30590000,8339,5000,2588769.0,7118.19784908
30590000,30595000,8340,5000,2589073.0,7118.40362603
30595000,30600000,8341,5000,2589378.0,7118.75108288
30600000,30605000,8342,5000,2589682.0,7118.97425661
30605000,30610000,8343,5000,2589987.0,7119.19387481
30610000,30615000,8344,5000,2590291.0,7119.28668615
30615000,30620000,8345,5000,2590596.0,7119.51212696
30620000,30625000,8346,5000,2590900.0,7119.69840639
30625000,30630000,8347,5000,2591205.0,7119.8873436
30630000,30635000,8348,5000,2591509.0,7120.08997211
30635000,30640000,8349,5000,2591814.0,7120.3743534
30640000,30645000,8350,5000,2592118.0,7120.40240883
30645000,30650000,8351,5000,2592423.0,7120.55665438
30650000,30655000,8352,5000,2592727.0,7120.66842195
30655000,30660000,8353,5000,2593031.0,7121.10236024
30660000,30665000,8354,5000,2593336.0,7121.45750828
30665000,30670000,8355,5000,2593640.0,7121.44330794
30670000,30675000,8356,5000,2593945.0,7121.49110296
30675000,30680000,8357,5000,2594249.0,7121.69273081
30680000,30685000,8358,5000,2594554.0,7122.06521796
30685000,30690000,8359,5000,2594858.0,7122.2168606
30690000,30695000,8360,5000,2595162.0,7122.42583966
30695000,30700000,8361,5000,2595467.0,7122.56988385
30700000,30705000,8362,5000,2595771.0,7122.85509923
30705000,30710000,8363,5000,2596076.0,7123.00425338
30710000,30715000,8364,5000,2596380.0,7123.05259197
30715000,30720000,8365,5000,2596684.0,7123.02381557
30720000,30725000,8366,5000,2596989.0,7123.30029426
30725000,30730000,8367,5000,2597293.0,7123.46260243
30730000,30735000,8368,5000,2597598.0,7123.45436521
30735000,30740000,8369,5000,2597902.0,7122.92803635
30740000,30745000,8370,5000,2598207.0,7123.0954022
30745000,30750000,8371,5000,2598511.0,7123.39599653
30750000,30755000,8372,5000,2598815.0,7123.39176619
30755000,30760000,8373,5000,2599120.0,7122.41377229
30760000,30765000,8374,5000,2599424.0,7122.07826285
30765000,30770000,8375,5000,2599728.0,7121.90949488
30770000,30775000,8376,5000,2600033.0,7121.64512575
30775000,30780000,8377,5000,2600337.0,7121.37829026
30780000,30785000,8378,5000,2600642.0,7121.26855896
30785000,30790000,8379,5000,2600946.0,7121.69127667
30790000,30795000,8380,5000,2601251.0,7122.03526827
30795000,30800000,8381,5000,2601555.0,7122.02880434
30800000,30805000,8382,5000,2601860.0,7122.23407195
30805000,30810000,8383,5000,2602164.0,7122.44024734
30810000,30815000,8384,5000,2602468.0,7122.64861274
30815000,30820000,8385,5000,2602773.0,7122.92542606
30820000,30825000,8386,5000,2603077.0,7123.12766837
30825000,30830000,8387,5000,2603382.0,7122.89666959
30830000,30835000,8388,5000,2603686.0,7121.94529875
30835000,30840000,8389,5000,2603991.0,7121.01152686
30840000,30845000,8390,5000,2604295.0,7120.26773712
30845000,30850000,8391,5000,2604600.0,7120.54686348
30850000,30855000,8392,5000,2604904.0,7120.90783255
30855000,30860000,8393,5000,2605209.0,7120.86895353
30860000,30865000,8394,5000,2605513.0,7121.05546467
30865000,30870000,8395,5000,2605818.0,7121.39612416
30870000,30875000,8396,5000,2606122.0,7121.76045184
30875000,30880000,8397,5000,2606426.0,7122.10642258
30880000,30885000,8398,5000,2606731.0,7122.0771045
30885000,30890000,8399,5000,2607035.0,7122.33606349
30890000,30895000,8400,5000,2607340.0,7122.58929299
30895000,30900000,8401,5000,2607644.0,7122.95379911
30900000,30905000,8402,5000,2607949.0,7123.36869473
30905000,30910000,8403,5000,2608254.0,7123.71844505
30910000,30915000,8404,5000,2608558.0,7123.90928198
30915000,30920000,8405,5000,2608862.0,7123.77838933
30920000,30925000,8406,5000,2609167.0,7123.97216344
30925000,30930000,8407,5000,2609471.0,7123.71256787
30930000,30935000,8408,5000,2609776.0,7123.6000342
30935000,30940000,8409,5000,2610080.0,7124.03638525
30940000,30945000,8410,5000,2610385.0,7124.24766837
30945000,30950000,8411,5000,2610689.0,7124.44955243
30950000,30955000,8412,5000,2610994.0,7124.86412104
30955000,30960000,8413,5000,2611298.0,7124.95596844
30960000,30965000,8414,5000,2611603.0,7125.04640028
30965000,30970000,8415,5000,2611907.0,7125.37134232
30970000,30975000,8416,5000,2612212.0,7125.62119842
30975000,30980000,8417,5000,2612516.0,7125.72791551
30980000,30985000,8418,5000,2612820.0,7125.76904399
30985000,30990000,8419,5000,2613125.0,7125.8151604
30990000,30995000,8420,5000,2613429.0,7125.80279907
30995000,31000000,8421,5000,2613734.0,7125.91350186
31000000,31005000,8422,5000,2614038.0,7126.11526399
31005000,31010000,8423,5000,2614352.0,7126.33636195
31010000,31015000,8424,5000,2614666.0,7126.77927066
31015000,31020000,8425,5000,2614980.0,7127.1603179
31020000,31025000,8426,5000,2615294.0,7127.40322218
31025000,31030000,8427,5000,2615608.0,7127.77729267
31030000,31035000,8428,5000,2615922.0,7127.05081005
31035000,31040000,8429,5000,2616236.0,7126.13847445
31040000,31045000,8430,5000,2616550.0,7125.40665941
31045000,31050000,8431,5000,2616863.0,7125.77339776
31050000,31055000,8432,5000,2617177.0,7126.1411158
31055000,31060000,8433,5000,2617491.0,7126.33158322
31060000,31065000,8434,5000,2617805.0,7126.49867497
31065000,31070000,8435,5000,2618119.0,7126.88883436
31070000,31075000,8436,5000,2618433.0,7127.35611333
31075000,31080000,8437,5000,2618747.0,7127.74694726
31080000,31085000,8438,5000,2619061.0,7127.6660985
31085000,31090000,8439,5000,2619375.0,7127.58523396
31090000,31095000,8440,5000,2619689.0,7127.24601899
31095000,31100000,8441,5000,2620003.0,7126.98153777
31100000,31105000,8442,5000,2620317.0,7126.86784835
31105000,31110000,8443,5000,2620631.0,7126.52693654
31110000,31115000,8444,5000,2620945.0,7126.44219416
31115000,31120000,8445,5000,2621259.0,7125.96760848
31120000,31125000,8446,5000,2621573.0,7125.81426048
31125000,31130000,8447,5000,2621887.0,7125.57433865
31130000,31135000,8448,5000,2622201.0,7125.49190633
31135000,31140000,8449,5000,2622515.0,7124.5442317
31140000,31145000,8450,5000,2622829.0,7124.46010682
31145000,31150000,8451,5000,2623143.0,7123.75917147
31150000,31155000,8452,5000,2623457.0,7123.66567883
31155000,31160000,8453,5000,2623771.0,7122.96663325
31160000,31165000,8454,5000,2624085.0,7122.86980289
31165000,31170000,8455,5000,2624399.0,7122.62847166
31170000,31175000,8456,5000,2624713.0,7122.32139032
31175000,31180000,8457,5000,2625027.0,7122.5169964
31180000,31185000,8458,5000,2625341.0,7122.64456353
31185000,31190000,8459,5000,2625655.0,7123.02842317
31190000,31195000,8460,5000,2625969.0,7123.4119237
31195000,31200000,8461,5000,2626283.0,7123.78704429
31200000,31205000,8462,5000,2626597.0,7124.24368182
31205000,31210000,8463,5000,2626911.0,7124.62782274
31210000,31215000,8464,5000,2627225.0,7124.93626325
31215000,31220000,8465,5000,2627539.0,7125.32662018
31220000,31225000,8466,5000,2627853.0,7125.7156367
31225000,31230000,8467,5000,2628167.0,7125.95134054
31230000,31235000,8468,5000,2628481.0,7125.87169519
31235000,31240000,8469,5000,2628795.0,7125.79101145
31240000,31245000,8470,5000,2629109.0,7125.08296412
31245000,31250000,8471,5000,2629423.0,7125.3949758
31250000,31255000,8472,5000,2629737.0,7125.84543785
31255000,31260000,8473,5000,2630051.0,7125.99690448
31260000,31265000,8474,5000,2630365.0,7126.38632971
31265000,31270000,8475,5000,2630679.0,7126.6339937
31270000,31275000,8476,5000,2630993.0,7126.99768577
31275000,31280000,8477,5000,2631306.0,7126.6710306
31280000,31285000,8478,5000,2631620.0,7127.11145527
31285000,31290000,8479,5000,2631934.0,7127.55061436
31290000,31295000,8480,5000,2632248.0,7127.92787691
31295000,31300000,8481,5000,2632562.0,7128.3092771
31300000,31305000,8482,5000,2632876.0,7128.69827074
31305000,31310000,8483,5000,2633190.0,7129.02004712
31310000,31315000,8484,5000,2633504.0,7129.1229738
31315000,31320000,8485,5000,2633818.0,7129.50197804
31320000,31325000,8486,5000,2634132.0,7129.72208999
31325000,31330000,8487,5000,2634446.0,7129.79284624
31330000,31335000,8488,5000,2634760.0,7130.05874901
31335000,31340000,8489,5000,2635074.0,7130.29771623
31340000,31345000,8490,5000,2635388.0,7130.06613594
31345000,31350000,8491,5000,2635702.0,7130.34138704
31350000,31355000,8492,5000,2636016.0,7130.75790449
31355000,31360000,8493,5000,2636329.0,7131.14381505
31360000,31365000,8494,5000,2636643.0,7131.53253228
31365000,31370000,8495,5000,2636957.0,7131.90748553
31370000,31375000,8496,5000,2637271.0,7132.29241886
31375000,31380000,8497,5000,2637585.0,7132.73252416
31380000,31385000,8498,5000,2637899.0,7132.95786606
31385000,31390000,8499,5000,2638213.0,7133.17909446
31390000,31395000,8500,5000,2638527.0,7133.38975905
31395000,31400000,8501,5000,2638841.0,7133.60934696
31400000,31405000,8502,5000,2639155.0,7133.61200704
31405000,31410000,8503,5000,2639469.0,7133.80174646
31410000,31415000,8504,5000,2639783.0,7134.20537857
31415000,31420000,8505,5000,2640097.0,7134.39277691
31420000,31425000,8506,5000,2640411.0,7134.63309453
31425000,31430000,8507,5000,2640725.0,7134.98933267
31430000,31435000,8508,5000,2641039.0,7134.98924499
31435000,31440000,8509,5000,2641353.0,7135.29120515
31440000,31445000,8510,5000,2641667.0,7135.51274665
31445000,31450000,8511,5000,2641981.0,7135.73224121
31450000,31455000,8512,5000,2642295.0,7135.7982447
31455000,31460000,8513,5000,2642609.0,7135.99751561
31460000,31465000,8514,5000,2642923.0,7136.08337724
31465000,31470000,8515,5000,2643237.0,7136.08246604
31470000,31475000,8516,5000,2643551.0,7135.18035712
31475000,31480000,8517,5000,2643865.0,7134.37733284
31480000,31485000,8518,5000,2644179.0,7134.43048723
31485000,31490000,8519,5000,2644493.0,7134.34433648
31490000,31495000,8520,5000,2644807.0,7134.5565419
31495000,31500000,8521,5000,2645121.0,7134.63582949
31500000,31505000,8522,5000,2645435.0,7134.53648187
31505000,31510000,8523,5000,2645749.0,7134.76127943
31510000,31515000,8524,5000,2646062.0,7135.13116413
31515000,31520000,8525,5000,2646376.0,7135.44884394
31520000,31525000,8526,5000,2646690.0,7135.82982675
31525000,31530000,8527,5000,2647004.0,7136.14238791
31530000,31535000,8528,5000,2647318.0,7136.50326465
31535000,31540000,8529,5000,2647632.0,7136.86951831
31540000,31545000,8530,5000,2647946.0,7137.3102741
31545000,31550000,8531,5000,2648260.0,7137.75595638
31550000,31555000,8532,5000,2648574.0,7138.1440666
31555000,31560000,8533,5000,2648888.0,7138.5141245
31560000,31565000,8534,5000,2649202.0,7138.89109541
31565000,31570000,8535,5000,2649516.0,7139.09894422
31570000,31575000,8536,5000,2649830.0,7139.24220391
31575000,31580000,8537,5000,2650144.0,7139.46606419
31580000,31585000,8538,5000,2650458.0,7139.62414509
31585000,31590000,8539,5000,2650772.0,7140.08167621
31590000,31595000,8540,5000,2651086.0,7140.27563454
31595000,31600000,8541,5000,2651400.0,7139.57924942
31600000,31605000,8542,5000,2651713.0,7138.66860747
31605000,31610000,8543,5000,2652027.0,7137.88461182
31610000,31615000,8544,5000,2652341.0,7138.18249234
31615000,31620000,8545,5000,2652655.0,7138.23255015
31620000,31625000,8546,5000,2652969.0,7138.4592599
31625000,31630000,8547,5000,2653283.0,7138.57224808
31630000,31635000,8548,5000,2653597.0,7138.4007502
31635000,31640000,8549,5000,2653911.0,7138.86189
31640000,31645000,8550,5000,2654225.0,7139.22683456
31645000,31650000,8551,5000,2654539.0,7139.6106428
31650000,31655000,8552,5000,2654853.0,7139.9766198
31655000,31660000,8553,5000,2655167.0,7140.19415594
31660000,31665000,8554,5000,2655481.0,7140.4709442
31665000,31670000,8555,5000,2655795.0,7140.83963886
31670000,31675000,8556,5000,2656109.0,7141.003928
31675000,31680000,8557,5000,2656423.0,7141.139717
31680000,31685000,8558,5000,2656737.0,7141.27902593
31685000,31690000,8559,5000,2657051.0,7141.4899446
31690000,31695000,8560,5000,2657365.0,7141.89957908
31695000,31700000,8561,5000,2657679.0,7142.03931387
31700000,31705000,8562,5000,2657993.0,7142.30675117
31705000,31710000,8563,5000,2658306.0,7142.53153231
31710000,31715000,8564,5000,2658620.0,7142.76311107
31715000,31720000,8565,5000,2658934.0,7143.18932721
31720000,31725000,8566,5000,2659248.0,7143.41565561
31725000,31730000,8567,5000,2659562.0,7143.79978714
31730000,31735000,8568,5000,2659876.0,7144.15523951
31735000,31740000,8569,5000,2660190.0,7144.36646674
31740000,31745000,8570,5000,2660505.0,7144.50987027
31745000,31750000,8571,5000,2660819.0,7144.50702976
31750000,31755000,8572,5000,2661133.0,7144.72184305
31755000,31760000,8573,5000,2661447.0,7145.01509533
31760000,31765000,8574,5000,2661761.0,7145.23245803
31765000,31770000,8575,5000,2662075.0,7145.4954283
31770000,31775000,8576,5000,2662388.0,7145.76054636
31775000,31780000,8577,5000,2662702.0,7146.09080658
31780000,31785000,8578,5000,2663016.0,7146.11423878
31785000,31790000,8579,5000,2663330.0,7146.38132524
31790000,31795000,8580,5000,2663644.0,7146.75919984
31795000,31800000,8581,5000,2663958.0,7147.1216096
31800000,31805000,8582,5000,2664272.0,7147.24772295
31805000,31810000,8583,5000,2664586.0,7146.53372949
31810000,31815000,8584,5000,2664900.0,7145.57217911
31815000,31820000,8585,5000,2665214.0,7144.86352095
31820000,31825000,8586,5000,2665528.0,7144.12355647
31825000,31830000,8587,5000,2665842.0,7143.16702882
31830000,31835000,8588,5000,2666156.0,7143.60497335
31835000,31840000,8589,5000,2666470.0,7144.06522474
31840000,31845000,8590,5000,2666784.0,7144.29075167
31845000,31850000,8591,5000,2667098.0,7144.67589219
31850000,31855000,8592,5000,2667412.0,7145.13465131
31855000,31860000,8593,5000,2667726.0,7145.36935778
31860000,31865000,8594,5000,2668040.0,7145.21052353
31865000,31870000,8595,5000,2668354.0,7145.13350405
31870000,31875000,8596,5000,2668668.0,7145.35957519
31875000,31880000,8597,5000,2668982.0,7145.10257342
31880000,31885000,8598,5000,2669295.0,7145.24902683
31885000,31890000,8599,5000,2669609.0,7145.46870111
31890000,31895000,8600,5000,2669923.0,7145.82081514
31895000,31900000,8601,5000,2670237.0,7146.1912613
31900000,31905000,8602,5000,2670551.0,7146.40212396
31905000,31910000,8603,5000,2670865.0,7146.31529625
31910000,31915000,8604,5000,2671179.0,7146.2054359
31915000,31920000,8605,5000,2671493.0,7145.49612002
31920000,31925000,8606,5000,2671807.0,7145.40224827
31925000,31930000,8607,5000,2672121.0,7145.15031416
31930000,31935000,8608,5000,2672435.0,7145.04835701
31935000,31940000,8609,5000,2672749.0,7144.18870801
31940000,31945000,8610,5000,2673063.0,7144.62342233
31945000,31950000,8611,5000,2673377.0,7144.82534898
31950000,31955000,8612,5000,2673691.0,7144.73899121
31955000,31960000,8613,5000,2674005.0,7145.17359567
31960000,31965000,8614,5000,2674319.0,7145.29056068
31965000,31970000,8615,5000,2674633.0,7145.59148619
31970000,31975000,8616,5000,2674947.0,7144.67879785
31975000,31980000,8617,5000,2675261.0,7142.81974854
31980000,31985000,8618,5000,2675574.0,7140.96537701
31985000,31990000,8619,5000,2675888.0,7140.16231869
31990000,31995000,8620,5000,2676202.0,7140.43128727
31995000,32000000,8621,5000,2676516.0,7140.65059145
32000000,32005000,8622,5000,2676830.0,7141.03747422
32005000,32010000,8623,5000,2677139.0,7141.24272433
32010000,32015000,8624,5000,2677448.0,7141.60480292
32015000,32020000,8625,5000,2677757.0,7142.03272415
32020000,32025000,8626,5000,2678066.0,7142.38495283
32025000,32030000,8627,5000,2678374.0,7142.5700293
32030000,32035000,8628,5000,2678683.0,7142.9306281
32035000,32040000,8629,5000,2678992.0,7142.96977686
32040000,32045000,8630,5000,2679301.0,7143.05206794
32045000,32050000,8631,5000,2679610.0,7143.25935477
32050000,32055000,8632,5000,2679919.0,7142.38562124
32055000,32060000,8633,5000,2680228.0,7142.05093306
32060000,32065000,8634,5000,2680537.0,7141.94945229
32065000,32070000,8635,5000,2680846.0,7141.67879809
32070000,32075000,8636,5000,2681154.0,7140.95634112
32075000,32080000,8637,5000,2681464.0,7141.00166886
32080000,32085000,8638,5000,2681772.0,7141.18355592
32085000,32090000,8639,5000,2682081.0,7141.30064738
32090000,32095000,8640,5000,2682390.0,7141.6541474
32095000,32100000,8641,5000,2682699.0,7142.07167891
32100000,32105000,8642,5000,2683008.0,7142.25636149
32105000,32110000,8643,5000,2683317.0,7142.4761627
32110000,32115000,8644,5000,2683626.0,7142.70897152
32115000,32120000,8645,5000,2683934.0,7143.04372919
32120000,32125000,8646,5000,2684243.0,7143.12247651
32125000,32130000,8647,5000,2684552.0,7143.32352264
32130000,32135000,8648,5000,2684861.0,7143.60322442
32135000,32140000,8649,5000,2685170.0,7143.70002638
32140000,32145000,8650,5000,2685479.0,7143.92225107
32145000,32150000,8651,5000,2685788.0,7144.34489294
32150000,32155000,8652,5000,2686096.0,7144.69941867
32155000,32160000,8653,5000,2686405.0,7144.87923388
32160000,32165000,8654,5000,2686714.0,7144.89351842
32165000,32170000,8655,5000,2687023.0,7145.12300403
32170000,32175000,8656,5000,2687332.0,7145.31485105
32175000,32180000,8657,5000,2687641.0,7145.37005746
32180000,32185000,8658,5000,2687950.0,7145.47231928
32185000,32190000,8659,5000,2688259.0,7145.57596884
32190000,32195000,8660,5000,2688568.0,7145.92419931
32195000,32200000,8661,5000,2688876.0,7146.26883389
32200000,32205000,8662,5000,2689185.0,7146.61526524
32205000,32210000,8663,5000,2689494.0,7146.97002749
32210000,32215000,8664,5000,2689803.0,7147.39797104
32215000,32220000,8665,5000,2690112.0,7147.72939276
32220000,32225000,8666,5000,2690421.0,7148.01824786
32225000,32230000,8667,5000,2690730.0,7148.28122961
32230000,32235000,8668,5000,2691039.0,7148.6170361
32235000,32240000,8669,5000,2691348.0,7148.80583853
32240000,32245000,8670,5000,2691656.0,7149.10371584
32245000,32250000,8671,5000,2691965.0,7149.2449403
32250000,32255000,8672,5000,2692274.0,7149.52226464
32255000,32260000,8673,5000,2692583.0,7149.66410866
32260000,32265000,8674,5000,2692892.0,7150.02391568
32265000,32270000,8675,5000,2693200.0,7150.44909998
32270000,32275000,8676,5000,2693509.0,7150.6518037
32275000,32280000,8677,5000,2693818.0,7150.85264402
32280000,32285000,8678,5000,2694127.0,7151.23506965
32285000,32290000,8679,5000,2694436.0,7151.62898435
32290000,32295000,8680,5000,2694745.0,7151.80141928
32295000,32300000,8681,5000,2695053.0,7152.13610694
32300000,32305000,8682,5000,2695362.0,7152.48947651
32305000,32310000,8683,5000,2695671.0,7152.84289501
32310000,32315000,8684,5000,2695980.0,7153.19497776
32315000,32320000,8685,5000,2696289.0,7153.54943986
32320000,32325000,8686,5000,2696598.0,7153.89945763
32325000,32330000,8687,5000,2696907.0,7154.25291809
32330000,32335000,8688,5000,2697216.0,7154.60965365
32335000,32340000,8689,5000,2697525.0,7154.79615502
32340000,32345000,8690,5000,2697833.0,7155.14730275
32345000,32350000,8691,5000,2698142.0,7155.26164116
32350000,32355000,8692,5000,2698451.0,7155.16624605
32355000,32360000,8693,5000,2698760.0,7155.14281058
32360000,32365000,8694,5000,2699069.0,7155.4925174
32365000,32370000,8695,5000,2699378.0,7155.84559298
32370000,32375000,8696,5000,2699686.0,7155.7795611
32375000,32380000,8697,5000,2699995.0,7155.97351956
32380000,32385000,8698,5000,2700304.0,7156.19598434
32385000,32390000,8699,5000,2700613.0,7156.52965734
32390000,32395000,8700,5000,2700922.0,7156.87244548
32395000,32400000,8701,5000,2701231.0,7157.07840222
32400000,32405000,8702,5000,2701540.0,7157.27848721
32405000,32410000,8703,5000,2701849.0,7157.47005693
32410000,32415000,8704,5000,2702158.0,7156.55042499
32415000,32420000,8705,5000,2702466.0,7156.42687223
32420000,32425000,8706,5000,2702775.0,7156.08448137
32425000,32430000,8707,5000,2703084.0,7155.22803121
32430000,32435000,8708,5000,2703393.0,7155.10980641
32435000,32440000,8709,5000,2703702.0,7154.99633008
32440000,32445000,8710,5000,2704011.0,7154.63364766
32445000,32450000,8711,5000,2704320.0,7154.27292145
32450000,32455000,8712,5000,2704629.0,7154.15837442
32455000,32460000,8713,5000,2704937.0,7154.56997908
32460000,32465000,8714,5000,2705246.0,7154.71106577
32465000,32470000,8715,5000,2705555.0,7155.06722732
32470000,32475000,8716,5000,2705864.0,7155.41870532
32475000,32480000,8717,5000,2706173.0,7155.77626838
32480000,32485000,8718,5000,2706482.0,7156.20088119
32485000,32490000,8719,5000,2706791.0,7156.40492372
32490000,32495000,8720,5000,2707100.0,7156.82770115
32495000,32500000,8721,5000,2707409.0,7157.17295539
32500000,32505000,8722,5000,2707717.0,7157.4678591
32505000,32510000,8723,5000,2708026.0,7157.80700604
32510000,32515000,8724,5000,2708335.0,7158.01104346
32515000,32520000,8725,5000,2708644.0,7158.20142964
32520000,32525000,8726,5000,2708953.0,7158.48558571
32525000,32530000,8727,5000,2709262.0,7158.69282928
32530000,32535000,8728,5000,2709571.0,7158.96744681
32535000,32540000,8729,5000,2709879.0,7158.95975153
32540000,32545000,8730,5000,2710188.0,7158.92640376
32545000,32550000,8731,5000,2710497.0,7159.0223058
32550000,32555000,8732,5000,2710806.0,7159.1208346
32555000,32560000,8733,5000,2711115.0,7159.22692506
32560000,32565000,8734,5000,2711424.0,7159.42749405
32565000,32570000,8735,5000,2711733.0,7159.8237939
32570000,32575000,8736,5000,2712042.0,7160.03250761
32575000,32580000,8737,5000,2712350.0,7160.37540071
32580000,32585000,8738,5000,2712659.0,7160.73598598
32585000,32590000,8739,5000,2712968.0,7160.71466972
32590000,32595000,8740,5000,2713277.0,7160.96869043
32595000,32600000,8741,5000,2713586.0,7161.0225748
32600000,32605000,8742,5000,2713895.0,7161.21044517
32605000,32610000,8743,5000,2714203.0,7161.40533436
32610000,32615000,8744,5000,2714512.0,7161.57830453
32615000,32620000,8745,5000,2714821.0,7161.9994855
32620000,32625000,8746,5000,2715130.0,7162.41006104
32625000,32630000,8747,5000,2715439.0,7162.74363233
32630000,32635000,8748,5000,2715747.0,7162.0216874
32635000,32640000,8749,5000,2716056.0,7161.17163906
32640000,32645000,8750,5000,2716365.0,7160.46175099
32645000,32650000,8751,5000,2716674.0,7160.64800559
32650000,32655000,8752,5000,2716983.0,7160.83998709
32655000,32660000,8753,5000,2717291.0,7160.70879476
32660000,32665000,8754,5000,2717600.0,7160.97833744
32665000,32670000,8755,5000,2717909.0,7161.11485238
32670000,32675000,8756,5000,2718218.0,7161.27577999
32675000,32680000,8757,5000,2718527.0,7160.45934836
32680000,32685000,8758,5000,2718836.0,7160.62701545
32685000,32690000,8759,5000,2719144.0,7160.97818662
32690000,32695000,8760,5000,2719453.0,7161.32124959
32695000,32700000,8761,5000,2719762.0,7161.41476892
32700000,32705000,8762,5000,2720071.0,7161.58204881
32705000,32710000,8763,5000,2720380.0,7161.24602013
32710000,32715000,8764,5000,2720688.0,7160.89826882
32715000,32720000,8765,5000,2720997.0,7161.06530164
32720000,32725000,8766,5000,2721306.0,7160.21226927
32725000,32730000,8767,5000,2721615.0,7158.40584888
32730000,32735000,8768,5000,2721924.0,7157.52717803
32735000,32740000,8769,5000,2722233.0,7156.80838494
32740000,32745000,8770,5000,2722542.0,7156.09454081
32745000,32750000,8771,5000,2722850.0,7155.26258467
32750000,32755000,8772,5000,2723159.0,7155.66385631
32755000,32760000,8773,5000,2723468.0,7155.99976104
32760000,32765000,8774,5000,2723777.0,7156.34960747
32765000,32770000,8775,5000,2724086.0,7156.5373026
32770000,32775000,8776,5000,2724395.0,7156.72708959
32775000,32780000,8777,5000,2724704.0,7156.92453474
32780000,32785000,8778,5000,2725013.0,7156.87675296
32785000,32790000,8779,5000,2725322.0,7157.07577577
32790000,32795000,8780,5000,2725631.0,7157.23217799
32795000,32800000,8781,5000,2725939.0,7157.12840125
32800000,32805000,8782,5000,2726248.0,7157.28497048
32805000,32810000,8783,5000,2726557.0,7157.48613732
32810000,32815000,8784,5000,2726866.0,7157.14033423
32815000,32820000,8785,5000,2727175.0,7157.0911703
32820000,32825000,8786,5000,2727484.0,7157.27973275
32825000,32830000,8787,5000,2727793.0,7157.53863343
32830000,32835000,8788,5000,2728102.0,7157.74769099
32835000,32840000,8789,5000,2728410.0,7157.92139294
32840000,32845000,8790,5000,2728719.0,7158.12388621
32845000,32850000,8791,5000,2729028.0,7157.81854765
32850000,32855000,8792,5000,2729337.0,7156.96336444
32855000,32860000,8793,5000,2729646.0,7156.68489843
32860000,32865000,8794,5000,2729955.0,7155.76807115
32865000,32870000,8795,5000,2730264.0,7155.03874187
32870000,32875000,8796,5000,2730573.0,7154.78666205
32875000,32880000,8797,5000,2730881.0,7154.968965
32880000,32885000,8798,5000,2731190.0,7154.9164038
32885000,32890000,8799,5000,2731499.0,7154.91674238
32890000,32895000,8800,5000,2731808.0,7154.95302496
32895000,32900000,8801,5000,2732117.0,7155.13395389
32900000,32905000,8802,5000,2732426.0,7155.12934055
32905000,32910000,8803,5000,2732735.0,7155.01614688
32910000,32915000,8804,5000,2733043.0,7155.1562202
32915000,32920000,8805,5000,2733352.0,7155.11718054
32920000,32925000,8806,5000,2733661.0,7154.99291823
32925000,32930000,8807,5000,2733970.0,7155.41693278
32930000,32935000,8808,5000,2734278.0,7155.60868992
32935000,32940000,8809,5000,2734587.0,7155.79690573
32940000,32945000,8810,5000,2734896.0,7154.88481552
32945000,32950000,8811,5000,2735205.0,7154.77273216
32950000,32955000,8812,5000,2735514.0,7154.98792453
32955000,32960000,8813,5000,2735823.0,7155.25330643
32960000,32965000,8814,5000,2736131.0,7155.4054597
32965000,32970000,8815,5000,2736440.0,7155.75343763
32970000,32975000,8816,5000,2736749.0,7155.95012373
32975000,32980000,8817,5000,2737058.0,7156.14898433
32980000,32985000,8818,5000,2737367.0,7156.27001966
32985000,32990000,8819,5000,2737676.0,7156.66798002
32990000,32995000,8820,5000,2737985.0,7157.07246505
32995000,33000000,8821,5000,2738293.0,7157.46319751
33000000,33005000,8822,5000,2738602.0,7157.81086401
33005000,33010000,8823,5000,2738900.0,7158.1224447
33010000,33015000,8824,5000,2739198.0,7158.44395771
33015000,33020000,8825,5000,2739496.0,7158.60540888
33020000,33025000,8826,5000,2739794.0,7158.75924194
33025000,33030000,8827,5000,2740092.0,7159.15305706
33030000,33035000,8828,5000,2740390.0,7159.55917858
33035000,33040000,8829,5000,2740688.0,7159.97569795
33040000,33045000,8830,5000,2740986.0,7160.16004575
33045000,33050000,8831,5000,2741284.0,7160.32345398
33050000,33055000,8832,5000,2741582.0,7160.4766412
33055000,33060000,8833,5000,2741880.0,7160.63157618
33060000,33065000,8834,5000,2742178.0,7160.72328438
33065000,33070000,8835,5000,2742476.0,7160.82549992
33070000,33075000,8836,5000,2742774.0,7160.93571962
33075000,33080000,8837,5000,2743072.0,7160.85747605
33080000,33085000,8838,5000,2743370.0,7161.12506042
33085000,33090000,8839,5000,2743668.0,7161.25054649
33090000,33095000,8840,5000,2743966.0,7161.27829781
33095000,33100000,8841,5000,2744264.0,7161.42865249
33100000,33105000,8842,5000,2744562.0,7161.81888428
33105000,33110000,8843,5000,2744860.0,7160.8651146
33110000,33115000,8844,5000,2745158.0,7160.01222089
33115000,33120000,8845,5000,2745456.0,7160.42419115
33120000,33125000,8846,5000,2745754.0,7160.76630898
33125000,33130000,8847,5000,2746052.0,7161.09790883
33130000,33135000,8848,5000,2746350.0,7161.12765034
33135000,33140000,8849,5000,2746648.0,7161.46122923
33140000,33145000,8850,5000,2746946.0,7161.54945987
33145000,33150000,8851,5000,2747244.0,7161.88162894
33150000,33155000,8852,5000,2747542.0,7161.81594077
33155000,33160000,8853,5000,2747840.0,7162.08523824
33160000,33165000,8854,5000,2748138.0,7162.28367672
33165000,33170000,8855,5000,2748436.0,7162.48120647
33170000,33175000,8856,5000,2748734.0,7162.56890265
33175000,33180000,8857,5000,2749032.0,7162.60518647
33180000,33185000,8858,5000,2749330.0,7162.84982754
33185000,33190000,8859,5000,2749628.0,7163.07652046
33190000,33195000,8860,5000,2749926.0,7163.39800664
33195000,33200000,8861,5000,2750224.0,7163.66737398
33200000,33205000,8862,5000,2750522.0,7163.8180685
33205000,33210000,8863,5000,2750820.0,7163.86668734
33210000,33215000,8864,5000,2751117.0,7164.18998796
33215000,33220000,8865,5000,2751415.0,7164.44850201
33220000,33225000,8866,5000,2751713.0,7164.60661816
33225000,33230000,8867,5000,2752011.0,7164.93510837
33230000,33235000,8868,5000,2752309.0,7165.10052808
33235000,33240000,8869,5000,2752607.0,7165.4127114
33240000,33245000,8870,5000,2752905.0,7165.64075327
33245000,33250000,8871,5000,2753203.0,7165.85973345
33250000,33255000,8872,5000,2753501.0,7166.25382252
33255000,33260000,8873,5000,2753799.0,7166.5736057
33260000,33265000,8874,5000,2754097.0,7166.91203709
33265000,33270000,8875,5000,2754395.0,7167.21989316
33270000,33275000,8876,5000,2754693.0,7167.53537462
33275000,33280000,8877,5000,2754991.0,7167.85762287
33280000,33285000,8878,5000,2755289.0,7168.16763888
33285000,33290000,8879,5000,2755587.0,7168.15345925
33290000,33295000,8880,5000,2755885.0,7168.4747559
33295000,33300000,8881,5000,2756183.0,7168.87269824
33300000,33305000,8882,5000,2756481.0,7169.04741193
33305000,33310000,8883,5000,2756779.0,7169.27041943
33310000,33315000,8884,5000,2757077.0,7169.46725632
33315000,33320000,8885,5000,2757375.0,7169.52238519
33320000,33325000,8886,5000,2757673.0,7169.28939426
33325000,33330000,8887,5000,2757971.0,7168.99279259
33330000,33335000,8888,5000,2758269.0,7169.19263349
33335000,33340000,8889,5000,2758567.0,7169.29868151
33340000,33345000,8890,5000,2758865.0,7169.1770659
33345000,33350000,8891,5000,2759163.0,7169.50857736
33350000,33355000,8892,5000,2759461.0,7169.68144355
33355000,33360000,8893,5000,2759759.0,7170.01611772
33360000,33365000,8894,5000,2760057.0,7170.42930812
33365000,33370000,8895,5000,2760354.0,7170.84248396
33370000,33375000,8896,5000,2760652.0,7171.12316041
33375000,33380000,8897,5000,2760950.0,7171.36868268
33380000,33385000,8898,5000,2761248.0,7171.57127905
33385000,33390000,8899,5000,2761546.0,7171.75160029
33390000,33395000,8900,5000,2761844.0,7171.94131846
33395000,33400000,8901,5000,2762142.0,7171.96077277
33400000,33405000,8902,5000,2762440.0,7172.00512374
33405000,33410000,8903,5000,2762738.0,7172.18027706
33410000,33415000,8904,5000,2763036.0,7172.3463369
33415000,33420000,8905,5000,2763334.0,7172.12764846
33420000,33425000,8906,5000,2763632.0,7172.14240474
33425000,33430000,8907,5000,2763930.0,7172.16607232
33430000,33435000,8908,5000,2764228.0,7171.28214282
33435000,33440000,8909,5000,2764526.0,7170.45865995
33440000,33445000,8910,5000,2764824.0,7170.72424756
33445000,33450000,8911,5000,2765122.0,7170.92404373
33450000,33455000,8912,5000,2765420.0,7171.14312953
33455000,33460000,8913,5000,2765718.0,7171.2899003
33460000,33465000,8914,5000,2766016.0,7171.12819728
33465000,33470000,8915,5000,2766314.0,7171.10119459
33470000,33475000,8916,5000,2766612.0,7171.10170938
33475000,33480000,8917,5000,2766910.0,7171.14238826
33480000,33485000,8918,5000,2767208.0,7171.1215469
33485000,33490000,8919,5000,2767506.0,7171.05559329
33490000,33495000,8920,5000,2767804.0,7171.06190677
33495000,33500000,8921,5000,2768102.0,7171.38988658
33500000,33505000,8922,5000,2768400.0,7171.78543432
33505000,33510000,8923,5000,2768698.0,7172.10567314
33510000,33515000,8924,5000,2768996.0,7172.42602665
33515000,33520000,8925,5000,2769294.0,7172.59206375
33520000,33525000,8926,5000,2769592.0,7172.37613525
33525000,33530000,8927,5000,2769890.0,7171.5504033
33530000,33535000,8928,5000,2770187.0,7170.66942082
33535000,33540000,8929,5000,2770485.0,7169.84770733
33540000,33545000,8930,5000,2770783.0,7169.12699195
33545000,33550000,8931,5000,2771081.0,7168.27232158
33550000,33555000,8932,5000,2771379.0,7167.48814094
33555000,33560000,8933,5000,2771677.0,7166.59747213
33560000,33565000,8934,5000,2771975.0,7165.86602912
33565000,33570000,8935,5000,2772273.0,7166.26917566
33570000,33575000,8936,5000,2772571.0,7166.3745672
33575000,33580000,8937,5000,2772869.0,7166.47419407
33580000,33585000,8938,5000,2773167.0,7166.69987358
33585000,33590000,8939,5000,2773465.0,7166.72669285
33590000,33595000,8940,5000,2773763.0,7166.85451968
33595000,33600000,8941,5000,2774061.0,7166.84867684
33600000,33605000,8942,5000,2774359.0,7167.06998295
33605000,33610000,8943,5000,2774657.0,7167.25108279
33610000,33615000,8944,5000,2774955.0,7167.35671325
33615000,33620000,8945,5000,2775253.0,7167.47202028
33620000,33625000,8946,5000,2775551.0,7167.35363511
33625000,33630000,8947,5000,2775849.0,7167.28648232
33630000,33635000,8948,5000,2776147.0,7167.34637592
33635000,33640000,8949,5000,2776445.0,7167.32148065
33640000,33645000,8950,5000,2776743.0,7167.52975659
33645000,33650000,8951,5000,2777041.0,7167.65387724
33650000,33655000,8952,5000,2777339.0,7167.74031515
33655000,33660000,8953,5000,2777637.0,7167.91652111
33660000,33665000,8954,5000,2777935.0,7167.56816089
33665000,33670000,8955,5000,2778233.0,7167.52172862
33670000,33675000,8956,5000,2778531.0,7167.69692955
33675000,33680000,8957,5000,2778829.0,7167.70958458
33680000,33685000,8958,5000,2779126.0,7167.72969373
33685000,33690000,8959,5000,2779424.0,7168.13795201
33690000,33695000,8960,5000,2779722.0,7168.51954752
33695000,33700000,8961,5000,2780020.0,7168.85484929
33700000,33705000,8962,5000,2780318.0,7169.1846233
33705000,33710000,8963,5000,2780616.0,7169.34909357
33710000,33715000,8964,5000,2780914.0,7169.63434856
33715000,33720000,8965,5000,2781212.0,7169.75953602
33720000,33725000,8966,5000,2781510.0,7170.09127896
33725000,33730000,8967,5000,2781808.0,7170.4198925
33730000,33735000,8968,5000,2782106.0,7170.52775895
33735000,33740000,8969,5000,2782404.0,7170.73081403
33740000,33745000,8970,5000,2782702.0,7170.91731539
33745000,33750000,8971,5000,2783000.0,7171.30991873
33750000,33755000,8972,5000,2783298.0,7171.63632407
33755000,33760000,8973,5000,2783596.0,7172.03274415
33760000,33765000,8974,5000,2783894.0,7171.91869158
33765000,33770000,8975,5000,2784192.0,7171.19480409
33770000,33775000,8976,5000,2784490.0,7170.47529864
33775000,33780000,8977,5000,2784788.0,7168.69225491
33780000,33785000,8978,5000,2785086.0,7167.98418957
33785000,33790000,8979,5000,2785384.0,7166.2552977
33790000,33795000,8980,5000,2785682.0,7166.52752074
33795000,33800000,8981,5000,2785980.0,7166.67556063
33800000,33805000,8982,5000,2786278.0,7166.7481426
33805000,33810000,8983,5000,2786576.0,7166.73416812
33810000,33815000,8984,5000,2786874.0,7166.71262577
33815000,33820000,8985,5000,2787171.0,7166.89601606
33820000,33825000,8986,5000,2787469.0,7167.22637086
33825000,33830000,8987,5000,2787767.0,7167.55042014
33830000,33835000,8988,5000,2788065.0,7167.94274139
33835000,33840000,8989,5000,2788363.0,7168.3351711
33840000,33845000,8990,5000,2788661.0,7168.72675146
33845000,33850000,8991,5000,2788959.0,7168.82653977
33850000,33855000,8992,5000,2789257.0,7169.21364868
33855000,33860000,8993,5000,2789555.0,7169.61790786
33860000,33865000,8994,5000,2789853.0,7169.92946208
33865000,33870000,8995,5000,2790151.0,7170.25906801
33870000,33875000,8996,5000,2790449.0,7170.43930953
33875000,33880000,8997,5000,2790747.0,7170.76417663
33880000,33885000,8998,5000,2791045.0,7170.93094039
33885000,33890000,8999,5000,2791343.0,7171.09970119
33890000,33895000,9000,5000,2791641.0,7171.4873869
33895000,33900000,9001,5000,2791939.0,7171.80618191
33900000,33905000,9002,5000,2792237.0,7172.12630318
33905000,33910000,9003,5000,2792535.0,7172.28366843
33910000,33915000,9004,5000,2792833.0,7172.5859524
33915000,33920000,9005,5000,2793131.0,7172.74870952
33920000,33925000,9006,5000,2793429.0,7172.90898455
33925000,33930000,9007,5000,2793727.0,7173.27864239
33930000,33935000,9008,5000,2794025.0,7173.25091123
33935000,33940000,9009,5000,2794323.0,7173.39219398
33940000,33945000,9010,5000,2794621.0,7173.57005777
33945000,33950000,9011,5000,2794919.0,7173.72329106
33950000,33955000,9012,5000,2795217.0,7174.01186518
33955000,33960000,9013,5000,2795515.0,7174.23058307
33960000,33965000,9014,5000,2795813.0,7174.16704218
33965000,33970000,9015,5000,2796111.0,7174.34022455
33970000,33975000,9016,5000,2796409.0,7174.48835475
33975000,33980000,9017,5000,2796707.0,7174.37303281
33980000,33985000,9018,5000,2797005.0,7174.25209264
33985000,33990000,9019,5000,2797303.0,7174.63626891
33990000,33995000,9020,5000,2797601.0,7174.96051348
33995000,34000000,9021,5000,2797899.0,7175.27844022
34000000,34005000,9022,5000,2798197.0,7175.48630934
34005000,34010000,9023,5000,2798497.0,7175.82222426
34010000,34015000,9024,5000,2798796.0,7176.2025663
34015000,34020000,9025,5000,2799096.0,7176.18164397
34020000,34025000,9026,5000,2799396.0,7176.17264719
34025000,34030000,9027,5000,2799696.0,7176.30151592
34030000,34035000,9028,5000,2799996.0,7176.37796206
34035000,34040000,9029,5000,2800295.0,7176.56451464
34040000,34045000,9030,5000,2800595.0,7176.76489482
34045000,34050000,9031,5000,2800895.0,7177.15963313
34050000,34055000,9032,5000,2801194.0,7177.27511544
34055000,34060000,9033,5000,2801494.0,7177.30395785
34060000,34065000,9034,5000,2801794.0,7177.55284858
34065000,34070000,9035,5000,2802094.0,7177.6893071
34070000,34075000,9036,5000,2802393.0,7177.94847338
34075000,34080000,9037,5000,2802693.0,7178.14261889
34080000,34085000,9038,5000,2802993.0,7178.33561132
34085000,34090000,9039,5000,2803293.0,7178.52280079
34090000,34095000,9040,5000,2803592.0,7178.70940658
34095000,34100000,9041,5000,2803892.0,7178.94860548
34100000,34105000,9042,5000,2804192.0,7179.04943306
34105000,34110000,9043,5000,2804492.0,7179.15126719
34110000,34115000,9044,5000,2804791.0,7179.48171991
34115000,34120000,9045,5000,2805091.0,7179.64970741
34120000,34125000,9046,5000,2805391.0,7179.81724626
34125000,34130000,9047,5000,2805690.0,7179.9782466
34130000,34135000,9048,5000,2805990.0,7180.14062226
34135000,34140000,9049,5000,2806290.0,7180.52637603
34140000,34145000,9050,5000,2806590.0,7180.91337662
34145000,34150000,9051,5000,2806889.0,7180.78472992
34150000,34155000,9052,5000,2807189.0,7181.16115843
34155000,34160000,9053,5000,2807489.0,7180.96570442
34160000,34165000,9054,5000,2807789.0,7181.30287673
34165000,34170000,9055,5000,2808088.0,7181.70641692
34170000,34175000,9056,5000,2808388.0,7181.6882668
34175000,34180000,9057,5000,2808688.0,7182.02190656
34180000,34185000,9058,5000,2808988.0,7182.34821149
34185000,34190000,9059,5000,2809287.0,7182.48589471
34190000,34195000,9060,5000,2809587.0,7182.6860441
34195000,34200000,9061,5000,2809887.0,7182.87230202
34200000,34205000,9062,5000,2810187.0,7182.96108855
34205000,34210000,9063,5000,2810486.0,7183.05336467
34210000,34215000,9064,5000,2810786.0,7183.14711119
34215000,34220000,9065,5000,2811086.0,7183.23676581
34220000,34225000,9066,5000,2811386.0,7183.33147087
34225000,34230000,9067,5000,2811685.0,7183.65846635
34230000,34235000,9068,5000,2811985.0,7183.84441817
34235000,34240000,9069,5000,2812285.0,7184.01335033
34240000,34245000,9070,5000,2812585.0,7184.17140413
34245000,34250000,9071,5000,2812884.0,7184.54344609
34250000,34255000,9072,5000,2813184.0,7184.80576944
34255000,34260000,9073,5000,2813484.0,7184.78314583
34260000,34265000,9074,5000,2813784.0,7185.04168265
34265000,34270000,9075,5000,2814084.0,7185.0256373
34270000,34275000,9076,5000,2814383.0,7184.98858712
34275000,34280000,9077,5000,2814683.0,7185.02609219
34280000,34285000,9078,5000,2814983.0,7185.00788936
34285000,34290000,9079,5000,2815283.0,7185.04312865
34290000,34295000,9080,5000,2815582.0,7185.21273692
34295000,34300000,9081,5000,2815882.0,7185.60037046
34300000,34305000,9082,5000,2816182.0,7185.73093715
34305000,34310000,9083,5000,2816482.0,7185.87436679
34310000,34315000,9084,5000,2816781.0,7186.01287333
34315000,34320000,9085,5000,2817081.0,7186.14807644
34320000,34325000,9086,5000,2817381.0,7186.43512853
34325000,34330000,9087,5000,2817681.0,7186.50025669
34330000,34335000,9088,5000,2817980.0,7186.68329024
34335000,34340000,9089,5000,2818280.0,7186.9883794
34340000,34345000,9090,5000,2818580.0,7187.0409199
34345000,34350000,9091,5000,2818880.0,7187.06369367
34350000,34355000,9092,5000,2819180.0,7187.2283339
34355000,34360000,9093,5000,2819479.0,7187.39307521
34360000,34365000,9094,5000,2819779.0,7187.27780164
34365000,34370000,9095,5000,2820079.0,7187.65068343
34370000,34375000,9096,5000,2820378.0,7188.03237129
34375000,34380000,9097,5000,2820678.0,7188.35207867
34380000,34385000,9098,5000,2820978.0,7188.59825887
34385000,34390000,9099,5000,2821278.0,7188.99171104
34390000,34395000,9100,5000,2821578.0,7189.31104643
34395000,34400000,9101,5000,2821877.0,7189.61455278
34400000,34405000,9102,5000,2822177.0,7189.78214331
34405000,34410000,9103,5000,2822477.0,7189.64762046
34410000,34415000,9104,5000,2822777.0,7189.77842367
34415000,34420000,9105,5000,2823077.0,7189.95570868
34420000,34425000,9106,5000,2823376.0,7190.27029934
34425000,34430000,9107,5000,2823676.0,7190.42274879
34430000,34435000,9108,5000,2823976.0,7190.75482316
34435000,34440000,9109,5000,2824276.0,7191.03502786
34440000,34445000,9110,5000,2824575.0,7191.1309873
34445000,34450000,9111,5000,2824875.0,7191.46181127
34450000,34455000,9112,5000,2825175.0,7191.44279612
34455000,34460000,9113,5000,2825475.0,7191.60354885
34460000,34465000,9114,5000,2825775.0,7191.64383776
34465000,34470000,9115,5000,2826074.0,7191.60322682
34470000,34475000,9116,5000,2826374.0,7191.95157004
34475000,34480000,9117,5000,2826674.0,7192.06396538
34480000,34485000,9118,5000,2826974.0,7192.14042381
34485000,34490000,9119,5000,2827273.0,7192.21463348
34490000,34495000,9120,5000,2827573.0,7192.5709804
34495000,34500000,9121,5000,2827873.0,7192.29516682
34500000,34505000,9122,5000,2828173.0,7192.50850443
34505000,34510000,9123,5000,2828473.0,7192.48584536
34510000,34515000,9124,5000,2828772.0,7192.1148826
34515000,34520000,9125,5000,2829072.0,7191.75246296
34520000,34525000,9126,5000,2829372.0,7191.87343501
34525000,34530000,9127,5000,2829671.0,7192.00390287
34530000,34535000,9128,5000,2829971.0,7192.30756051
34535000,34540000,9129,5000,2830271.0,7192.44618136
34540000,34545000,9130,5000,2830571.0,7192.69120699
34545000,34550000,9131,5000,2830870.0,7192.79221212
34550000,34555000,9132,5000,2831170.0,7192.78028664
34555000,34560000,9133,5000,2831470.0,7192.76465649
34560000,34565000,9134,5000,2831770.0,7191.88535727
34565000,34570000,9135,5000,2832070.0,7190.9732483
34570000,34575000,9136,5000,2832369.0,7191.18707473
34575000,34580000,9137,5000,2832669.0,7191.38095564
34580000,34585000,9138,5000,2832969.0,7191.75985174
34585000,34590000,9139,5000,2833269.0,7191.8887786
34590000,34595000,9140,5000,2833568.0,7192.03122601
34595000,34600000,9141,5000,2833868.0,7192.20128456
34600000,34605000,9142,5000,2834168.0,7192.37675912
34605000,34610000,9143,5000,2834468.0,7192.74840889
34610000,34615000,9144,5000,2834767.0,7193.06639257
34615000,34620000,9145,5000,2835067.0,7193.23023972
34620000,34625000,9146,5000,2835367.0,7193.61003708
34625000,34630000,9147,5000,2835667.0,7193.99049038
34630000,34635000,9148,5000,2835966.0,7194.16267962
34635000,34640000,9149,5000,2836266.0,7194.53250549
34640000,34645000,9150,5000,2836566.0,7194.83760859
34645000,34650000,9151,5000,2836866.0,7195.16378805
34650000,34655000,9152,5000,2837166.0,7195.24013158
34655000,34660000,9153,5000,2837465.0,7195.35324207
34660000,34665000,9154,5000,2837765.0,7195.53546153
34665000,34670000,9155,5000,2838065.0,7195.71902186
34670000,34675000,9156,5000,2838365.0,7195.81066575
34675000,34680000,9157,5000,2838664.0,7195.93368053
34680000,34685000,9158,5000,2838964.0,7196.06165673
34685000,34690000,9159,5000,2839264.0,7196.2302822
34690000,34695000,9160,5000,2839564.0,7196.40535455
34695000,34700000,9161,5000,2839863.0,7196.78219812
34700000,34705000,9162,5000,2840163.0,7197.10096893
34705000,34710000,9163,5000,2840463.0,7197.41118263
34710000,34715000,9164,5000,2840763.0,7197.57792236
34715000,34720000,9165,5000,2841062.0,7197.54560696
34720000,34725000,9166,5000,2841362.0,7197.57337203
34725000,34730000,9167,5000,2841662.0,7197.34452549
34730000,34735000,9168,5000,2841962.0,7197.66303277
34735000,34740000,9169,5000,2842261.0,7197.82826715
34740000,34745000,9170,5000,2842561.0,7198.01155964
34745000,34750000,9171,5000,2842861.0,7198.26287703
34750000,34755000,9172,5000,2843161.0,7198.52946762
34755000,34760000,9173,5000,2843460.0,7198.70728608
34760000,34765000,9174,5000,2843760.0,7199.04133259
34765000,34770000,9175,5000,2844060.0,7199.42466888
34770000,34775000,9176,5000,2844360.0,7199.73111024
34775000,34780000,9177,5000,2844660.0,7199.68288283
34780000,34785000,9178,5000,2844959.0,7199.99986529
34785000,34790000,9179,5000,2845259.0,7200.17907298
34790000,34795000,9180,5000,2845559.0,7200.49474002
34795000,34800000,9181,5000,2845859.0,7200.81010754
34800000,34805000,9182,5000,2846158.0,7201.12043438
34805000,34810000,9183,5000,2846458.0,7201.43797013
34810000,34815000,9184,5000,2846758.0,7201.73786607
34815000,34820000,9185,5000,2847058.0,7202.04741446
34820000,34825000,9186,5000,2847358.0,7202.21134792
34825000,34830000,9187,5000,2847657.0,7202.51208169
34830000,34835000,9188,5000,2847957.0,7202.90304053
34835000,34840000,9189,5000,2848257.0,7203.21204075
34840000,34845000,9190,5000,2848557.0,7203.14138765
34845000,34850000,9191,5000,2848856.0,7203.10531758
34850000,34855000,9192,5000,2849156.0,7203.08134835
34855000,34860000,9193,5000,2849456.0,7202.72941133
34860000,34865000,9194,5000,2849756.0,7202.8759601
34865000,34870000,9195,5000,2850055.0,7203.02117626
34870000,34875000,9196,5000,2850355.0,7203.20229995
34875000,34880000,9197,5000,2850655.0,7203.38557754
34880000,34885000,9198,5000,2850955.0,7203.36537595
34885000,34890000,9199,5000,2851254.0,7203.04624891
34890000,34895000,9200,5000,2851554.0,7203.28980084
34895000,34900000,9201,5000,2851854.0,7203.58668191
34900000,34905000,9202,5000,2852153.0,7203.89786582
34905000,34910000,9203,5000,2852453.0,7204.27139823
34910000,34915000,9204,5000,2852753.0,7204.58850877
34915000,34920000,9205,5000,2853053.0,7204.63401196
34920000,34925000,9206,5000,2853352.0,7204.50672671
34925000,34930000,9207,5000,2853652.0,7204.24406666
34930000,34935000,9208,5000,2853952.0,7204.12177163
34935000,34940000,9209,5000,2854252.0,7203.87061008
34940000,34945000,9210,5000,2854551.0,7203.5842943
34945000,34950000,9211,5000,2854851.0,7203.23804663
34950000,34955000,9212,5000,2855151.0,7203.4271952
34955000,34960000,9213,5000,2855451.0,7203.64726313
34960000,34965000,9214,5000,2855750.0,7203.63393652
34965000,34970000,9215,5000,2856050.0,7203.3040673
34970000,34975000,9216,5000,2856350.0,7203.31639131
34975000,34980000,9217,5000,2856650.0,7203.48948611
34980000,34985000,9218,5000,2856949.0,7203.87372056
34985000,34990000,9219,5000,2857249.0,7204.08530692
34990000,34995000,9220,5000,2857549.0,7204.37772837
34995000,35000000,9221,5000,2857849.0,7204.38238523
35000000,35005000,9222,5000,2858148.0,7204.61466411
35005000,35010000,9223,5000,2858462.0,7204.74706912
35010000,35015000,9224,5000,2858776.0,7204.72065625
35015000,35020000,9225,5000,2859089.0,7204.72246667
35020000,35025000,9226,5000,2859403.0,7204.93776398
35025000,35030000,9227,5000,2859717.0,7205.14474711
35030000,35035000,9228,5000,2860031.0,7205.43239175
35035000,35040000,9229,5000,2860344.0,7205.43620972
35040000,35045000,9230,5000,2860658.0,7205.14456892
35045000,35050000,9231,5000,2860972.0,7205.13208619
35050000,35055000,9232,5000,2861286.0,7205.33878127
35055000,35060000,9233,5000,2861600.0,7205.45714168
35060000,35065000,9234,5000,2861913.0,7205.5739095
35065000,35070000,9235,5000,2862227.0,7205.54263978
35070000,35075000,9236,5000,2862541.0,7205.64899271
35075000,35080000,9237,5000,2862854.0,7206.05157127
35080000,35085000,9238,5000,2863168.0,7205.82011655
35085000,35090000,9239,5000,2863482.0,7205.69660936
35090000,35095000,9240,5000,2863795.0,7205.40187098
35095000,35100000,9241,5000,2864109.0,7205.67600653
35100000,35105000,9242,5000,2864423.0,7205.88172501
35105000,35110000,9243,5000,2864737.0,7205.47801154
35110000,35115000,9244,5000,2865050.0,7205.66758728
35115000,35120000,9245,5000,2865364.0,7205.73098915
35120000,35125000,9246,5000,2865678.0,7205.38990887
35125000,35130000,9247,5000,2865992.0,7205.79145901
35130000,35135000,9248,5000,2866305.0,7205.97568185
35135000,35140000,9249,5000,2866619.0,7205.31177151
35140000,35145000,9250,5000,2866933.0,7204.48328363
35145000,35150000,9251,5000,2867247.0,7204.2591975
35150000,35155000,9252,5000,2867560.0,7204.59774032
35155000,35160000,9253,5000,2867874.0,7204.95198066
35160000,35165000,9254,5000,2868188.0,7205.36839195
35165000,35170000,9255,5000,2868502.0,7205.79542421
35170000,35175000,9256,5000,2868815.0,7206.14485221
35175000,35180000,9257,5000,2869129.0,7206.55467366
35180000,35185000,9258,5000,2869443.0,7206.89059888
35185000,35190000,9259,5000,2869756.0,7207.28958393
35190000,35195000,9260,5000,2870070.0,7207.68139212
35195000,35200000,9261,5000,2870384.0,7207.83381913
35200000,35205000,9262,5000,2870697.0,7207.86539744
35205000,35210000,9263,5000,2871011.0,7208.14626451
35210000,35215000,9264,5000,2871325.0,7208.36444484
35215000,35220000,9265,5000,2871639.0,7208.58133952
35220000,35225000,9266,5000,2871952.0,7208.73407657
35225000,35230000,9267,5000,2872266.0,7208.73422596
35230000,35235000,9268,5000,2872580.0,7208.47113702
35235000,35240000,9269,5000,2872893.0,7208.69057598
35240000,35245000,9270,5000,2873207.0,7208.91417562
35245000,35250000,9271,5000,2873521.0,7209.25050867
35250000,35255000,9272,5000,2873834.0,7209.54737435
35255000,35260000,9273,5000,2874148.0,7209.70978202
35260000,35265000,9274,5000,2874462.0,7210.04917869
35265000,35270000,9275,5000,2874775.0,7210.18463324
35270000,35275000,9276,5000,2875089.0,7210.29253955
35275000,35280000,9277,5000,2875403.0,7210.32327124
35280000,35285000,9278,5000,2875716.0,7210.53806941
35285000,35290000,9279,5000,2876030.0,7209.66855727
35290000,35295000,9280,5000,2876344.0,7208.83447334
35295000,35300000,9281,5000,2876658.0,7208.01304965
35300000,35305000,9282,5000,2876971.0,7206.36915995
35305000,35310000,9283,5000,2877285.0,7205.68085171
35310000,35315000,9284,5000,2877599.0,7205.89223175
35315000,35320000,9285,5000,2877913.0,7205.65973218
35320000,35325000,9286,5000,2878226.0,7205.82894991
35325000,35330000,9287,5000,2878540.0,7206.23497412
35330000,35335000,9288,5000,2878854.0,7206.57944075
35335000,35340000,9289,5000,2879168.0,7206.92716406
35340000,35345000,9290,5000,2879481.0,7207.09238487
35345000,35350000,9291,5000,2879795.0,7207.51014555
35350000,35355000,9292,5000,2880108.0,7207.71405891
35355000,35360000,9293,5000,2880422.0,7207.709576
35360000,35365000,9294,5000,2880736.0,7207.95424021
35365000,35370000,9295,5000,2881050.0,7208.20186032
35370000,35375000,9296,5000,2881364.0,7208.31533356
35375000,35380000,9297,5000,2881677.0,7208.50599864
35380000,35385000,9298,5000,2881991.0,7208.91782304
35385000,35390000,9299,5000,2882304.0,7209.18160361
35390000,35395000,9300,5000,2882618.0,7209.36368439
35395000,35400000,9301,5000,2882932.0,7209.70150875
35400000,35405000,9302,5000,2883246.0,7209.80579093
35405000,35410000,9303,5000,2883559.0,7209.91137832
35410000,35415000,9304,5000,2883873.0,7210.11750812
35415000,35420000,9305,5000,2884187.0,7210.53155029
35420000,35425000,9306,5000,2884500.0,7210.94694384
35425000,35430000,9307,5000,2884814.0,7211.29486856
35430000,35435000,9308,5000,2885128.0,7211.69732035
35435000,35440000,9309,5000,2885441.0,7212.04006906
35440000,35445000,9310,5000,2885755.0,7212.38613483
35445000,35450000,9311,5000,2886069.0,7212.52858795
35450000,35455000,9312,5000,2886383.0,7211.6542349
35455000,35460000,9313,5000,2886696.0,7209.83685381
35460000,35465000,9314,5000,2887010.0,7209.03668666
35465000,35470000,9315,5000,2887324.0,7207.37189609
35470000,35475000,9316,5000,2887638.0,7207.79557582
35475000,35480000,9317,5000,2887951.0,7208.14273713
35480000,35485000,9318,5000,2888265.0,7208.41372941
35485000,35490000,9319,5000,2888579.0,7208.59790677
35490000,35495000,9320,5000,2888892.0,7208.81330232
35495000,35500000,9321,5000,2889206.0,7208.7748431
35500000,35505000,9322,5000,2889520.0,7209.18814735
35505000,35510000,9323,5000,2889834.0,7209.607207
35510000,35515000,9324,5000,2890147.0,7209.94255145
35515000,35520000,9325,5000,2890461.0,7210.28409258
35520000,35525000,9326,5000,2890775.0,7210.62745721
35525000,35530000,9327,5000,2891089.0,7210.95749541
35530000,35535000,9328,5000,2891403.0,7207.55772746
35535000,35540000,9329,5000,2891716.0,7207.96377994
35540000,35545000,9330,5000,2892030.0,7208.30866717
35545000,35550000,9331,5000,2892344.0,7208.26155958
35550000,35555000,9332,5000,2892658.0,7208.16582671
35555000,35560000,9333,5000,2892971.0,7208.13712531
35560000,35565000,9334,5000,2893285.0,7208.34172112
35565000,35570000,9335,5000,2893599.0,7208.32386648
35570000,35575000,9336,5000,2893913.0,7208.38837431
35575000,35580000,9337,5000,2894226.0,7208.42167394
35580000,35585000,9338,5000,2894540.0,7208.35672832
35585000,35590000,9339,5000,2894854.0,7208.75661277
35590000,35595000,9340,5000,2895167.0,7209.09876715
35595000,35600000,9341,5000,2895481.0,7209.43881193
35600000,35605000,9342,5000,2895795.0,7209.44489618
35605000,35610000,9343,5000,2896109.0,7209.41340223
35610000,35615000,9344,5000,2896422.0,7209.42575663
35615000,35620000,9345,5000,2896736.0,7209.4262576
35620000,35625000,9346,5000,2897050.0,7209.64828617
35625000,35630000,9347,5000,2897363.0,7209.88124897
35630000,35635000,9348,5000,2897677.0,7210.11251569
35635000,35640000,9349,5000,2897990.0,7210.44567448
35640000,35645000,9350,5000,2898304.0,7210.71376912
35645000,35650000,9351,5000,2898618.0,7211.01022492
35650000,35655000,9352,5000,2898932.0,7211.35272486
35655000,35660000,9353,5000,2899245.0,7211.5500509
35660000,35665000,9354,5000,2899559.0,7211.96224854
35665000,35670000,9355,5000,2899873.0,7212.29804279
35670000,35675000,9356,5000,2900186.0,7212.6450452
35675000,35680000,9357,5000,2900500.0,7212.67086733
35680000,35685000,9358,5000,2900814.0,7213.05091577
35685000,35690000,9359,5000,2901128.0,7213.3810021
35690000,35695000,9360,5000,2901441.0,7213.79930001
35695000,35700000,9361,5000,2901755.0,7214.14004834
35700000,35705000,9362,5000,2902069.0,7214.48965357
35705000,35710000,9363,5000,2902383.0,7213.81968673
35710000,35715000,9364,5000,2902696.0,7212.95394354
35715000,35720000,9365,5000,2903010.0,7213.18538894
35720000,35725000,9366,5000,2903324.0,7213.5373792
35725000,35730000,9367,5000,2903638.0,7213.73947967
35730000,35735000,9368,5000,2903951.0,7213.64534046
35735000,35740000,9369,5000,2904265.0,7214.03313727
35740000,35745000,9370,5000,2904579.0,7214.44438526
35745000,35750000,9371,5000,2904892.0,7214.8544704
35750000,35755000,9372,5000,2905206.0,7215.19899483
35755000,35760000,9373,5000,2905520.0,7215.53605682
35760000,35765000,9374,5000,2905834.0,7215.85942368
35765000,35770000,9375,5000,2906147.0,7216.18474795
35770000,35775000,9376,5000,2906461.0,7216.23884394
35775000,35780000,9377,5000,2906775.0,7216.44232407
35780000,35785000,9378,5000,2907089.0,7216.2572563
35785000,35790000,9379,5000,2907402.0,7216.42641537
35790000,35795000,9380,5000,2907716.0,7216.61934498
35795000,35800000,9381,5000,2908030.0,7217.01581036
35800000,35805000,9382,5000,2908343.0,7217.03029284
35805000,35810000,9383,5000,2908657.0,7217.15804608
35810000,35815000,9384,5000,2908971.0,7217.34080693
35815000,35820000,9385,5000,2909285.0,7217.48912073
35820000,35825000,9386,5000,2909598.0,7217.71639303
35825000,35830000,9387,5000,2909912.0,7218.05348141
35830000,35835000,9388,5000,2910226.0,7218.24867864
35835000,35840000,9389,5000,2910539.0,7218.26006902
35840000,35845000,9390,5000,2910853.0,7218.46405607
35845000,35850000,9391,5000,2911167.0,7218.86416067
35850000,35855000,9392,5000,2911481.0,7219.20676105
35855000,35860000,9393,5000,2911795.0,7219.54130522
35860000,35865000,9394,5000,2912108.0,7219.73231055
35865000,35870000,9395,5000,2912422.0,7219.67976355
35870000,35875000,9396,5000,2912736.0,7219.88240234
35875000,35880000,9397,5000,2913050.0,7220.2023451
35880000,35885000,9398,5000,2913363.0,7220.43399828
35885000,35890000,9399,5000,2913677.0,7220.40381015
35890000,35895000,9400,5000,2913991.0,7220.54621982
35895000,35900000,9401,5000,2914305.0,7218.94161472
35900000,35905000,9402,5000,2914618.0,7219.34633313
35905000,35910000,9403,5000,2914932.0,7219.67985006
35910000,35915000,9404,5000,2915246.0,7220.01411466
35915000,35920000,9405,5000,2915559.0,7220.34780998
35920000,35925000,9406,5000,2915873.0,7220.73715357
35925000,35930000,9407,5000,2916187.0,7220.97761337
35930000,35935000,9408,5000,2916501.0,7221.27169841
35935000,35940000,9409,5000,2916814.0,7221.46713085
35940000,35945000,9410,5000,2917128.0,7221.65976899
35945000,35950000,9411,5000,2917442.0,7221.54790911
35950000,35955000,9412,5000,2917755.0,7221.41157964
35955000,35960000,9413,5000,2918069.0,7221.26435962
35960000,35965000,9414,5000,2918383.0,7220.4384659
35965000,35970000,9415,5000,2918697.0,7220.31083663
35970000,35975000,9416,5000,2919010.0,7220.52167772
35975000,35980000,9417,5000,2919324.0,7220.89550355
35980000,35985000,9418,5000,2919638.0,7220.0960858
35985000,35990000,9419,5000,2919951.0,7219.92242228
35990000,35995000,9420,5000,2920265.0,7219.67789355
35995000,36000000,9421,5000,2920579.0,7219.58480954
36000000,36005000,9422,5000,2920893.0,7218.91886694
36005000,36010000,9423,5000,2921200.0,7218.22148609
36010000,36015000,9424,5000,2921507.0,7218.6088346
36015000,36020000,9425,5000,2921814.0,7218.92110499
36020000,36025000,9426,5000,2922121.0,7219.28971848
36025000,36030000,9427,5000,2922429.0,7219.67089172
36030000,36035000,9428,5000,2922736.0,7219.85154846
36035000,36040000,9429,5000,2923043.0,7220.01493063
36040000,36045000,9430,5000,2923350.0,7219.90593693
36045000,36050000,9431,5000,2923657.0,7219.79433397
36050000,36055000,9432,5000,2923965.0,7220.17826557
36055000,36060000,9433,5000,2924272.0,7220.36693074
36060000,36065000,9434,5000,2924579.0,7220.55048282
36065000,36070000,9435,5000,2924886.0,7220.43755576
36070000,36075000,9436,5000,2925193.0,7220.32413755
36075000,36080000,9437,5000,2925500.0,7220.70466905
36080000,36085000,9438,5000,2925807.0,7221.02581377
36085000,36090000,9439,5000,2926114.0,7221.3419526
36090000,36095000,9440,5000,2926421.0,7221.50913594
36095000,36100000,9441,5000,2926729.0,7221.54168047
36100000,36105000,9442,5000,2927036.0,7221.66475623
36105000,36110000,9443,5000,2927343.0,7221.85166267
36110000,36115000,9444,5000,2927650.0,7221.97934168
36115000,36120000,9445,5000,2927957.0,7222.23178773
36120000,36125000,9446,5000,2928264.0,7222.48225326
36125000,36130000,9447,5000,2928572.0,7222.63408427
36130000,36135000,9448,5000,2928879.0,7222.94564986
36135000,36140000,9449,5000,2929186.0,7223.03195205
36140000,36145000,9450,5000,2929493.0,7223.22502665
36145000,36150000,9451,5000,2929800.0,7223.21564093
36150000,36155000,9452,5000,2930107.0,7223.22113729
36155000,36160000,9453,5000,2930414.0,7223.30328456
36160000,36165000,9454,5000,2930721.0,7223.48716767
36165000,36170000,9455,5000,2931028.0,7223.51820252
36170000,36175000,9456,5000,2931336.0,7223.47173496
36175000,36180000,9457,5000,2931643.0,7223.45730441
36180000,36185000,9458,5000,2931950.0,7223.52232356
36185000,36190000,9459,5000,2932257.0,7223.46112865
36190000,36195000,9460,5000,2932564.0,7223.64458225
36195000,36200000,9461,5000,2932871.0,7224.03848518
36200000,36205000,9462,5000,2933178.0,7224.36235008
36205000,36210000,9463,5000,2933486.0,7224.65255058
36210000,36215000,9464,5000,2933792.0,7225.00027877
36215000,36220000,9465,5000,2934100.0,7225.31442138
36220000,36225000,9466,5000,2934407.0,7225.48481559
36225000,36230000,9467,5000,2934714.0,7224.80537762
36230000,36235000,9468,5000,2935021.0,7224.50183568
36235000,36240000,9469,5000,2935328.0,7224.70021271
36240000,36245000,9470,5000,2935635.0,7225.01625452
36245000,36250000,9471,5000,2935943.0,7225.14927783
36250000,36255000,9472,5000,2936250.0,7225.03721456
36255000,36260000,9473,5000,2936557.0,7225.35179926
36260000,36265000,9474,5000,2936864.0,7225.48763371
36265000,36270000,9475,5000,2937171.0,7225.81236737
36270000,36275000,9476,5000,2937479.0,7225.79615391
36275000,36280000,9477,5000,2937786.0,7225.97949472
36280000,36285000,9478,5000,2938093.0,7226.16476416
36285000,36290000,9479,5000,2938400.0,7226.35188565
36290000,36295000,9480,5000,2938707.0,7226.4855428
36295000,36300000,9481,5000,2939014.0,7226.68879629
36300000,36305000,9482,5000,2939322.0,7226.82798362
36305000,36310000,9483,5000,2939629.0,7226.95906324
36310000,36315000,9484,5000,2939936.0,7227.33342925
36315000,36320000,9485,5000,2940243.0,7227.65353097
36320000,36325000,9486,5000,2940550.0,7227.82152049
36325000,36330000,9487,5000,2940857.0,7227.70468428
36330000,36335000,9488,5000,2941164.0,7227.0058414
36335000,36340000,9489,5000,2941471.0,7226.89075394
36340000,36345000,9490,5000,2941779.0,7226.90235783
36345000,36350000,9491,5000,2942086.0,7227.21085424
36350000,36355000,9492,5000,2942393.0,7227.37638124
36355000,36360000,9493,5000,2942700.0,7227.54953327
36360000,36365000,9494,5000,2943007.0,7227.71931837
36365000,36370000,9495,5000,2943314.0,7227.89152625
36370000,36375000,9496,5000,2943621.0,7228.2061229
36375000,36380000,9497,5000,2943928.0,7228.09347297
36380000,36385000,9498,5000,2944236.0,7227.25527127
36385000,36390000,9499,5000,2944543.0,7226.94971701
36390000,36395000,9500,5000,2944850.0,7226.61060484
36395000,36400000,9501,5000,2945157.0,7226.45410381
36400000,36405000,9502,5000,2945464.0,7225.77146999
36405000,36410000,9503,5000,2945771.0,7225.52523478
36410000,36415000,9504,5000,2946079.0,7225.29810252
36415000,36420000,9505,5000,2946386.0,7225.44186191
36420000,36425000,9506,5000,2946693.0,7225.61719049
36425000,36430000,9507,5000,2947000.0,7225.36819562
36430000,36435000,9508,5000,2947307.0,7225.30161668
36435000,36440000,9509,5000,2947614.0,7225.13254376
36440000,36445000,9510,5000,2947922.0,7224.21553252
36445000,36450000,9511,5000,2948229.0,7223.85673061
36450000,36455000,9512,5000,2948536.0,7223.55748366
36455000,36460000,9513,5000,2948843.0,7222.87413041
36460000,36465000,9514,5000,2949150.0,7222.62872238
36465000,36470000,9515,5000,2949457.0,7221.72822905
36470000,36475000,9516,5000,2949764.0,7222.0052708
36475000,36480000,9517,5000,2950071.0,7222.21190206
36480000,36485000,9518,5000,2950378.0,7222.36807916
36485000,36490000,9519,5000,2950686.0,7222.52862136
36490000,36495000,9520,5000,2950993.0,7222.71142596
36495000,36500000,9521,5000,2951300.0,7222.03330524
36500000,36505000,9522,5000,2951607.0,7222.38843483
36505000,36510000,9523,5000,2951914.0,7222.69644436
36510000,36515000,9524,5000,2952221.0,7222.85468958
36515000,36520000,9525,5000,2952528.0,7223.17607454
36520000,36525000,9526,5000,2952835.0,7223.48729734
36525000,36530000,9527,5000,2953143.0,7223.65956534
36530000,36535000,9528,5000,2953450.0,7223.8380376
36535000,36540000,9529,5000,2953757.0,7224.01759363
36540000,36545000,9530,5000,2954064.0,7224.08796195
36545000,36550000,9531,5000,2954371.0,7224.1577316
36550000,36555000,9532,5000,2954678.0,7224.23192257
36555000,36560000,9533,5000,2954986.0,7224.45016053
36560000,36565000,9534,5000,2955293.0,7224.75592647
36565000,36570000,9535,5000,2955600.0,7224.93604503
36570000,36575000,9536,5000,2955907.0,7224.59438023
36575000,36580000,9537,5000,2956214.0,7224.42986234
36580000,36585000,9538,5000,2956522.0,7224.13626844
36585000,36590000,9539,5000,2956828.0,7224.4361725
36590000,36595000,9540,5000,2957136.0,7224.50895967
36595000,36600000,9541,5000,2957443.0,7224.80836269
36600000,36605000,9542,5000,2957750.0,7224.89560502
36605000,36610000,9543,5000,2958057.0,7225.11806187
36610000,36615000,9544,5000,2958364.0,7225.20969157
36615000,36620000,9545,5000,2958671.0,7225.1979063
36620000,36625000,9546,5000,2958978.0,7225.1742871
36625000,36630000,9547,5000,2959285.0,7225.22125094
36630000,36635000,9548,5000,2959592.0,7225.2172313
36635000,36640000,9549,5000,2959900.0,7225.48150261
36640000,36645000,9550,5000,2960207.0,7225.72104364
36645000,36650000,9551,5000,2960514.0,7225.98277005
36650000,36655000,9552,5000,2960821.0,7226.29287221
36655000,36660000,9553,5000,2961128.0,7226.46428416
36660000,36665000,9554,5000,2961435.0,7226.84536801
36665000,36670000,9555,5000,2961743.0,7227.21857273
36670000,36675000,9556,5000,2962050.0,7227.41407604
36675000,36680000,9557,5000,2962357.0,7227.54151211
36680000,36685000,9558,5000,2962664.0,7227.71366463
36685000,36690000,9559,5000,2962972.0,7228.03293297
36690000,36695000,9560,5000,2963279.0,7228.35621456
36695000,36700000,9561,5000,2963586.0,7228.48254975
36700000,36705000,9562,5000,2963893.0,7228.67093757
36705000,36710000,9563,5000,2964200.0,7228.85125982
36710000,36715000,9564,5000,2964507.0,7229.02518635
36715000,36720000,9565,5000,2964814.0,7229.38419559
36720000,36725000,9566,5000,2965122.0,7229.31685961
36725000,36730000,9567,5000,2965429.0,7229.62686576
36730000,36735000,9568,5000,2965736.0,7228.7381037
36735000,36740000,9569,5000,2966043.0,7229.00037376
36740000,36745000,9570,5000,2966350.0,7229.23708194
36745000,36750000,9571,5000,2966657.0,7229.42148777
36750000,36755000,9572,5000,2966964.0,7229.61107715
36755000,36760000,9573,5000,2967272.0,7229.97653667
36760000,36765000,9574,5000,2967579.0,7230.16751997
36765000,36770000,9575,5000,2967886.0,7230.28291044
36770000,36775000,9576,5000,2968193.0,7230.46730456
36775000,36780000,9577,5000,2968500.0,7230.55002756
36780000,36785000,9578,5000,2968807.0,7230.91423708
36785000,36790000,9579,5000,2969115.0,7231.23112372
36790000,36795000,9580,5000,2969422.0,7231.39552782
36795000,36800000,9581,5000,2969729.0,7231.68487813
36800000,36805000,9582,5000,2970036.0,7231.9012943
36805000,36810000,9583,5000,2970343.0,7232.21387361
36810000,36815000,9584,5000,2970651.0,7232.38803486
36815000,36820000,9585,5000,2970958.0,7231.88588538
36820000,36825000,9586,5000,2971265.0,7231.76900637
36825000,36830000,9587,5000,2971572.0,7231.49433279
36830000,36835000,9588,5000,2971880.0,7231.3051691
36835000,36840000,9589,5000,2972187.0,7230.99354925
36840000,36845000,9590,5000,2972494.0,7231.37463247
36845000,36850000,9591,5000,2972801.0,7231.55180529
36850000,36855000,9592,5000,2973108.0,7231.69876295
36855000,36860000,9593,5000,2973415.0,7231.63764711
36860000,36865000,9594,5000,2973722.0,7231.79695116
36865000,36870000,9595,5000,2974030.0,7231.50025932
36870000,36875000,9596,5000,2974337.0,7231.51044319
36875000,36880000,9597,5000,2974644.0,7231.71652613
36880000,36885000,9598,5000,2974951.0,7231.87941882
36885000,36890000,9599,5000,2975259.0,7231.94182366
36890000,36895000,9600,5000,2975566.0,7232.10609447
36895000,36900000,9601,5000,2975873.0,7232.28713895
36900000,36905000,9602,5000,2976180.0,7232.55083658
36905000,36910000,9603,5000,2976487.0,7232.19729155
36910000,36915000,9604,5000,2976794.0,7232.02297562
36915000,36920000,9605,5000,2977101.0,7232.25660741
36920000,36925000,9606,5000,2977408.0,7232.59238627
36925000,36930000,9607,5000,2977715.0,7232.88156514
36930000,36935000,9608,5000,2978022.0,7233.09146411
36935000,36940000,9609,5000,2978330.0,7233.45661271
36940000,36945000,9610,5000,2978637.0,7233.63142828
36945000,36950000,9611,5000,2978944.0,7233.79964523
36950000,36955000,9612,5000,2979251.0,7233.96528915
36955000,36960000,9613,5000,2979558.0,7234.13856557
36960000,36965000,9614,5000,2979865.0,7234.3069866
36965000,36970000,9615,5000,2980173.0,7234.47913979
36970000,36975000,9616,5000,2980480.0,7234.64943698
36975000,36980000,9617,5000,2980787.0,7234.8506841
36980000,36985000,9618,5000,2981094.0,7235.1677382
36985000,36990000,9619,5000,2981401.0,7235.21647467
36990000,36995000,9620,5000,2981708.0,7235.25528131
36995000,37000000,9621,5000,2982015.0,7235.42576136
37000000,37005000,9622,5000,2982323.0,7235.80674332
37005000,37010000,9623,5000,2982618.0,7235.96398287
37010000,37015000,9624,5000,2982914.0,7236.26616893
37015000,37020000,9625,5000,2983209.0,7236.43609965
37020000,37025000,9626,5000,2983505.0,7236.60188094
37025000,37030000,9627,5000,2983800.0,7236.54452395
37030000,37035000,9628,5000,2984096.0,7236.57017483
37035000,37040000,9629,5000,2984391.0,7236.59546271
37040000,37045000,9630,5000,2984687.0,7236.50724615
37045000,37050000,9631,5000,2984982.0,7236.53417024
37050000,37055000,9632,5000,2985278.0,7236.57168144
37055000,37060000,9633,5000,2985573.0,7236.51567926
37060000,37065000,9634,5000,2985869.0,7236.87557652
37065000,37070000,9635,5000,2986164.0,7237.05053454
37070000,37075000,9636,5000,2986460.0,7237.35527185
37075000,37080000,9637,5000,2986755.0,7237.72035847
37080000,37085000,9638,5000,2987051.0,7238.01876571
37085000,37090000,9639,5000,2987346.0,7238.36629429
37090000,37095000,9640,5000,2987642.0,7238.66867941
37095000,37100000,9641,5000,2987937.0,7238.78746493
37100000,37105000,9642,5000,2988233.0,7238.93004301
37105000,37110000,9643,5000,2988528.0,7239.21910809
37110000,37115000,9644,5000,2988824.0,7239.51347121
37115000,37120000,9645,5000,2989119.0,7239.79873477
37120000,37125000,9646,5000,2989415.0,7240.09849769
37125000,37130000,9647,5000,2989710.0,7240.45595487
37130000,37135000,9648,5000,2990006.0,7240.75420977
37135000,37140000,9649,5000,2990301.0,7241.0471534
37140000,37145000,9650,5000,2990597.0,7241.12086588
37145000,37150000,9651,5000,2990892.0,7241.09548672
37150000,37155000,9652,5000,2991188.0,7241.34058621
37155000,37160000,9653,5000,2991483.0,7241.51513349
37160000,37165000,9654,5000,2991779.0,7241.62667178
37165000,37170000,9655,5000,2992074.0,7241.80228594
37170000,37175000,9656,5000,2992370.0,7241.97959629
37175000,37180000,9657,5000,2992665.0,7241.9512209
37180000,37185000,9658,5000,2992961.0,7241.60193244
37185000,37190000,9659,5000,2993257.0,7241.26572348
37190000,37195000,9660,5000,2993552.0,7240.89934913
37195000,37200000,9661,5000,2993848.0,7240.44001839
37200000,37205000,9662,5000,2994143.0,7240.69942745
37205000,37210000,9663,5000,2994439.0,7240.81088878
37210000,37215000,9664,5000,2994734.0,7240.94086798
37215000,37220000,9665,5000,2995029.0,7241.0729132
37220000,37225000,9666,5000,2995325.0,7241.01339279
37225000,37230000,9667,5000,2995621.0,7241.202978
37230000,37235000,9668,5000,2995916.0,7241.27230674
37235000,37240000,9669,5000,2996212.0,7241.56179325
37240000,37245000,9670,5000,2996507.0,7241.85812587
37245000,37250000,9671,5000,2996803.0,7242.15906091
37250000,37255000,9672,5000,2997098.0,7242.52403667
37255000,37260000,9673,5000,2997394.0,7242.80687611
37260000,37265000,9674,5000,2997689.0,7243.08929343
37265000,37270000,9675,5000,2997985.0,7243.37204875
37270000,37275000,9676,5000,2998280.0,7243.65519159
37275000,37280000,9677,5000,2998576.0,7243.94111719
37280000,37285000,9678,5000,2998871.0,7244.22907004
37285000,37290000,9679,5000,2999167.0,7244.5301354
37290000,37295000,9680,5000,2999462.0,7244.70560986
37295000,37300000,9681,5000,2999758.0,7245.01259512
37300000,37305000,9682,5000,3000053.0,7245.31381833
37305000,37310000,9683,5000,3000349.0,7245.46506035
37310000,37315000,9684,5000,3000644.0,7245.33726039
37315000,37320000,9685,5000,3000940.0,7245.20900173
37320000,37325000,9686,5000,3001235.0,7245.08950089
37325000,37330000,9687,5000,3001531.0,7244.8767679
37330000,37335000,9688,5000,3001826.0,7245.25157747
37335000,37340000,9689,5000,3002122.0,7245.37194125
37340000,37345000,9690,5000,3002417.0,7245.50578002
37345000,37350000,9691,5000,3002713.0,7245.54072563
37350000,37355000,9692,5000,3003008.0,7245.18334273
37355000,37360000,9693,5000,3003304.0,7245.34543678
37360000,37365000,9694,5000,3003599.0,7245.62604222
37365000,37370000,9695,5000,3003895.0,7245.6689013
37370000,37375000,9696,5000,3004190.0,7245.85706375
37375000,37380000,9697,5000,3004486.0,7246.16106239
37380000,37385000,9698,5000,3004781.0,7246.32354983
37385000,37390000,9699,5000,3005077.0,7245.90213359
37390000,37395000,9700,5000,3005372.0,7245.93319006
37395000,37400000,9701,5000,3005668.0,7246.08502053
37400000,37405000,9702,5000,3005963.0,7245.96147009
37405000,37410000,9703,5000,3006259.0,7245.82544361
37410000,37415000,9704,5000,3006554.0,7246.19215713
37415000,37420000,9705,5000,3006849.0,7246.49268577
37420000,37425000,9706,5000,3007145.0,7246.79406632
37425000,37430000,9707,5000,3007441.0,7246.95686253
37430000,37435000,9708,5000,3007736.0,7247.14100915
37435000,37440000,9709,5000,3008031.0,7247.419228
37440000,37445000,9710,5000,3008327.0,7247.46352544
37445000,37450000,9711,5000,3008622.0,7247.10367206
37450000,37455000,9712,5000,3008918.0,7247.0247932
37455000,37460000,9713,5000,3009213.0,7246.77109589
37460000,37465000,9714,5000,3009509.0,7246.99039064
37465000,37470000,9715,5000,3009804.0,7246.94862492
37470000,37475000,9716,5000,3010100.0,7247.1183909
37475000,37480000,9717,5000,3010396.0,7247.09336875
37480000,37485000,9718,5000,3010691.0,7246.9325858
37485000,37490000,9719,5000,3010987.0,7246.80792687
37490000,37495000,9720,5000,3011282.0,7246.99070769
37495000,37500000,9721,5000,3011578.0,7247.26804389
37500000,37505000,9722,5000,3011873.0,7247.32532948
37505000,37510000,9723,5000,3012169.0,7247.47995909
37510000,37515000,9724,5000,3012464.0,7247.63440813
37515000,37520000,9725,5000,3012760.0,7247.76946455
37520000,37525000,9726,5000,3013056.0,7248.12024316
37525000,37530000,9727,5000,3013351.0,7248.40891602
37530000,37535000,9728,5000,3013647.0,7248.58173247
37535000,37540000,9729,5000,3013942.0,7248.71803885
37540000,37545000,9730,5000,3014237.0,7248.87672176
37545000,37550000,9731,5000,3014533.0,7248.99627902
37550000,37555000,9732,5000,3014829.0,7249.30670699
37555000,37560000,9733,5000,3015124.0,7249.54146586
37560000,37565000,9734,5000,3015420.0,7249.46573912
37565000,37570000,9735,5000,3015715.0,7249.47936045
37570000,37575000,9736,5000,3016011.0,7249.59884061
37575000,37580000,9737,5000,3016306.0,7249.76555545
37580000,37585000,9738,5000,3016602.0,7249.68979849
37585000,37590000,9739,5000,3016897.0,7250.05305663
37590000,37595000,9740,5000,3017193.0,7250.12748508
37595000,37600000,9741,5000,3017488.0,7250.42635451
37600000,37605000,9742,5000,3017784.0,7250.5616764
37605000,37610000,9743,5000,3018079.0,7250.8627068
37610000,37615000,9744,5000,3018375.0,7250.92283199
37615000,37620000,9745,5000,3018670.0,7250.98421522
37620000,37625000,9746,5000,3018966.0,7251.12006064
37625000,37630000,9747,5000,3019261.0,7251.27171466
37630000,37635000,9748,5000,3019557.0,7251.43158027
37635000,37640000,9749,5000,3019852.0,7251.45537695
37640000,37645000,9750,5000,3020148.0,7251.6146451
37645000,37650000,9751,5000,3020443.0,7251.39050842
37650000,37655000,9752,5000,3020739.0,7251.55184071
37655000,37660000,9753,5000,3021034.0,7251.42648125
37660000,37665000,9754,5000,3021330.0,7251.36695239
37665000,37670000,9755,5000,3021625.0,7251.32809183
37670000,37675000,9756,5000,3021921.0,7250.91343859
37675000,37680000,9757,5000,3022216.0,7250.84201827
37680000,37685000,9758,5000,3022512.0,7251.11657954
37685000,37690000,9759,5000,3022807.0,7251.41408674
37690000,37695000,9760,5000,3023103.0,7251.71650135
37695000,37700000,9761,5000,3023399.0,7252.00595495
37700000,37705000,9762,5000,3023694.0,7252.23903866
37705000,37710000,9763,5000,3023990.0,7252.53441043
37710000,37715000,9764,5000,3024285.0,7252.68356067
37715000,37720000,9765,5000,3024581.0,7251.86943358
37720000,37725000,9766,5000,3024876.0,7252.22737351
37725000,37730000,9767,5000,3025172.0,7252.60209028
37730000,37735000,9768,5000,3025467.0,7252.96672664
37735000,37740000,9769,5000,3025763.0,7253.12186197
37740000,37745000,9770,5000,3026058.0,7252.99657381
37745000,37750000,9771,5000,3026353.0,7253.34545819
37750000,37755000,9772,5000,3026649.0,7253.64875873
37755000,37760000,9773,5000,3026944.0,7253.8606408
37760000,37765000,9774,5000,3027240.0,7253.96152307
37765000,37770000,9775,5000,3027535.0,7253.76400714
37770000,37775000,9776,5000,3027831.0,7254.0026027
37775000,37780000,9777,5000,3028126.0,7254.17446772
37780000,37785000,9778,5000,3028422.0,7254.37873595
37785000,37790000,9779,5000,3028717.0,7254.73467948
37790000,37795000,9780,5000,3029013.0,7254.79973493
37795000,37800000,9781,5000,3029308.0,7254.92030799
37800000,37805000,9782,5000,3029604.0,7255.06744286
37805000,37810000,9783,5000,3029899.0,7255.34793007
37810000,37815000,9784,5000,3030195.0,7255.58300835
37815000,37820000,9785,5000,3030490.0,7255.69804601
37820000,37825000,9786,5000,3030786.0,7256.02718257
37825000,37830000,9787,5000,3031081.0,7255.96855839
37830000,37835000,9788,5000,3031377.0,7256.10461916
37835000,37840000,9789,5000,3031672.0,7256.30043087
37840000,37845000,9790,5000,3031968.0,7256.53927817
37845000,37850000,9791,5000,3032263.0,7256.64524249
37850000,37855000,9792,5000,3032559.0,7256.66717843
37855000,37860000,9793,5000,3032854.0,7256.75802813
37860000,37865000,9794,5000,3033150.0,7256.76864487
37865000,37870000,9795,5000,3033445.0,7256.91295896
37870000,37875000,9796,5000,3033741.0,7257.05439474
37875000,37880000,9797,5000,3034036.0,7257.20164826
37880000,37885000,9798,5000,3034332.0,7257.3118693
37885000,37890000,9799,5000,3034627.0,7257.28048232
37890000,37895000,9800,5000,3034923.0,7257.43197883
37895000,37900000,9801,5000,3035218.0,7257.57505753
37900000,37905000,9802,5000,3035514.0,7257.44366953
37905000,37910000,9803,5000,3035809.0,7257.59515437
37910000,37915000,9804,5000,3036104.0,7257.73868241
37915000,37920000,9805,5000,3036400.0,7258.04169537
37920000,37925000,9806,5000,3036696.0,7258.19522831
37925000,37930000,9807,5000,3036991.0,7258.15328004
37930000,37935000,9808,5000,3037287.0,7258.3020253
37935000,37940000,9809,5000,3037582.0,7258.44272181
37940000,37945000,9810,5000,3037878.0,7258.35627253
37945000,37950000,9811,5000,3038173.0,7258.69012726
37950000,37955000,9812,5000,3038469.0,7258.79294993
37955000,37960000,9813,5000,3038764.0,7258.77764605
37960000,37965000,9814,5000,3039060.0,7259.07529864
37965000,37970000,9815,5000,3039355.0,7259.42228147
37970000,37975000,9816,5000,3039651.0,7259.70921745
37975000,37980000,9817,5000,3039946.0,7259.98045024
37980000,37985000,9818,5000,3040242.0,7260.25263326
37985000,37990000,9819,5000,3040537.0,7260.52588452
37990000,37995000,9820,5000,3040833.0,7260.80412413
37995000,38000000,9821,5000,3041128.0,7261.0342777
38000000,38005000,9822,5000,3041424.0,7261.15969041
38005000,38010000,9823,5000,3041735.0,7261.42125921
38010000,38015000,9824,5000,3042045.0,7261.51048021
38015000,38020000,9825,5000,3042357.0,7261.5055281
38020000,38025000,9826,5000,3042668.0,7261.70105864
38025000,38030000,9827,5000,3042979.0,7261.99546856
38030000,38035000,9828,5000,3043290.0,7262.18746891
38035000,38040000,9829,5000,3043601.0,7262.28744471
38040000,38045000,9830,5000,3043912.0,7262.49469349
38045000,38050000,9831,5000,3044223.0,7262.77874176
38050000,38055000,9832,5000,3044534.0,7262.7267679
38055000,38060000,9833,5000,3044845.0,7262.9844865
38060000,38065000,9834,5000,3045156.0,7263.23006456
38065000,38070000,9835,5000,3045467.0,7263.40975715
38070000,38075000,9836,5000,3045778.0,7263.57329865
38075000,38080000,9837,5000,3046089.0,7263.69661178
38080000,38085000,9838,5000,3046400.0,7263.87763291
38085000,38090000,9839,5000,3046711.0,7263.91444503
38090000,38095000,9840,5000,3047022.0,7263.85664686
38095000,38100000,9841,5000,3047333.0,7263.88815694
38100000,38105000,9842,5000,3047644.0,7263.89619856
38105000,38110000,9843,5000,3047955.0,7263.8506081
38110000,38115000,9844,5000,3048266.0,7263.87800696
38115000,38120000,9845,5000,3048577.0,7263.56313462
38120000,38125000,9846,5000,3048888.0,7263.71007543
38125000,38130000,9847,5000,3049199.0,7263.43602627
38130000,38135000,9848,5000,3049510.0,7263.67127216
38135000,38140000,9849,5000,3049821.0,7263.97315969
38140000,38145000,9850,5000,3050132.0,7264.3419326
38145000,38150000,9851,5000,3050443.0,7264.50456453
38150000,38155000,9852,5000,3050754.0,7264.81293513
38155000,38160000,9853,5000,3051065.0,7265.11539158
38160000,38165000,9854,5000,3051376.0,7265.41325817
38165000,38170000,9855,5000,3051688.0,7265.65275104
38170000,38175000,9856,5000,3051998.0,7265.63338658
38175000,38180000,9857,5000,3052310.0,7264.77342922
38180000,38185000,9858,5000,3052621.0,7265.15450343
38185000,38190000,9859,5000,3052932.0,7265.5241331
38190000,38195000,9860,5000,3053243.0,7265.77823608
38195000,38200000,9861,5000,3053554.0,7264.93241286
38200000,38205000,9862,5000,3053865.0,7264.82184567
38205000,38210000,9863,5000,3054176.0,7264.14378815
38210000,38215000,9864,5000,3054487.0,7264.02301814
38215000,38220000,9865,5000,3054798.0,7264.19233067
38220000,38225000,9866,5000,3055109.0,7264.57535792
38225000,38230000,9867,5000,3055420.0,7264.89793842
38230000,38235000,9868,5000,3055731.0,7265.27007534
38235000,38240000,9869,5000,3056042.0,7265.43826589
38240000,38245000,9870,5000,3056353.0,7265.62853518
38245000,38250000,9871,5000,3056664.0,7265.78991854
38250000,38255000,9872,5000,3056975.0,7264.91547842
38255000,38260000,9873,5000,3057286.0,7264.03418023
38260000,38265000,9874,5000,3057597.0,7263.36313073
38265000,38270000,9875,5000,3057908.0,7260.80398473
38270000,38275000,9876,5000,3058219.0,7260.95578411
38275000,38280000,9877,5000,3058530.0,7261.26443379
38280000,38285000,9878,5000,3058841.0,7261.62972464
38285000,38290000,9879,5000,3059152.0,7261.52778576
38290000,38295000,9880,5000,3059463.0,7260.86978538
38295000,38300000,9881,5000,3059774.0,7260.76103583
38300000,38305000,9882,5000,3060085.0,7260.54411017
38305000,38310000,9883,5000,3060396.0,7260.20893029
38310000,38315000,9884,5000,3060707.0,7260.46020914
38315000,38320000,9885,5000,3061018.0,7260.71308856
38320000,38325000,9886,5000,3061329.0,7260.91108258
38325000,38330000,9887,5000,3061640.0,7261.0733479
38330000,38335000,9888,5000,3061951.0,7261.18911799
38335000,38340000,9889,5000,3062262.0,7261.36734889
38340000,38345000,9890,5000,3062573.0,7261.50879237
38345000,38350000,9891,5000,3062884.0,7261.66018294
38350000,38355000,9892,5000,3063195.0,7261.81537033
38355000,38360000,9893,5000,3063506.0,7261.96941238
38360000,38365000,9894,5000,3063817.0,7262.08862818
38365000,38370000,9895,5000,3064128.0,7262.2563579
38370000,38375000,9896,5000,3064439.0,7262.22827316
38375000,38380000,9897,5000,3064750.0,7262.18539552
38380000,38385000,9898,5000,3065061.0,7262.14440186
38385000,38390000,9899,5000,3065372.0,7262.29972542
38390000,38395000,9900,5000,3065683.0,7262.47947532
38395000,38400000,9901,5000,3065993.0,7262.36996579
38400000,38405000,9902,5000,3066304.0,7262.54820743
38405000,38410000,9903,5000,3066615.0,7262.60031679
38410000,38415000,9904,5000,3066926.0,7262.50457493
38415000,38420000,9905,5000,3067238.0,7262.66483625
38420000,38425000,9906,5000,3067549.0,7262.83099005
38425000,38430000,9907,5000,3067860.0,7262.99435056
38430000,38435000,9908,5000,3068170.0,7263.02089578
38435000,38440000,9909,5000,3068482.0,7262.82843237
38440000,38445000,9910,5000,3068793.0,7263.00298502
38445000,38450000,9911,5000,3069103.0,7263.38127579
38450000,38455000,9912,5000,3069414.0,7263.70137228
38455000,38460000,9913,5000,3069725.0,7264.06952501
38460000,38465000,9914,5000,3070036.0,7264.36455673
38465000,38470000,9915,5000,3070347.0,7264.57094039
38470000,38475000,9916,5000,3070658.0,7264.89598116
38475000,38480000,9917,5000,3070969.0,7265.16178727
38480000,38485000,9918,5000,3071280.0,7265.39722364
38485000,38490000,9919,5000,3071591.0,7265.57529522
38490000,38495000,9920,5000,3071902.0,7265.75368363
38495000,38500000,9921,5000,3072213.0,7266.00952896
38500000,38505000,9922,5000,3072524.0,7266.13998227
38505000,38510000,9923,5000,3072835.0,7266.28985229
38510000,38515000,9924,5000,3073146.0,7266.44594924
38515000,38520000,9925,5000,3073457.0,7266.62423479
38520000,38525000,9926,5000,3073768.0,7266.80419693
38525000,38530000,9927,5000,3074079.0,7266.84565278
38530000,38535000,9928,5000,3074391.0,7266.8959062
38535000,38540000,9929,5000,3074702.0,7266.96853617
38540000,38545000,9930,5000,3075013.0,7267.3381033
38545000,38550000,9931,5000,3075323.0,7267.63924436
38550000,38555000,9932,5000,3075635.0,7267.95862949
38555000,38560000,9933,5000,3075945.0,7268.27495542
38560000,38565000,9934,5000,3076256.0,7268.58154506
38565000,38570000,9935,5000,3076567.0,7268.65663917
38570000,38575000,9936,5000,3076879.0,7268.83708019
38575000,38580000,9937,5000,3077190.0,7269.2125649
38580000,38585000,9938,5000,3077500.0,7269.53168195
38585000,38590000,9939,5000,3077812.0,7269.89927663
38590000,38595000,9940,5000,3078123.0,7270.08805086
38595000,38600000,9941,5000,3078434.0,7269.36907471
38600000,38605000,9942,5000,3078745.0,7269.6661326
38605000,38610000,9943,5000,3079056.0,7269.91591552
38610000,38615000,9944,5000,3079366.0,7270.09219308
38615000,38620000,9945,5000,3079677.0,7270.269229
38620000,38625000,9946,5000,3079988.0,7270.2319694
38625000,38630000,9947,5000,3080299.0,7270.52218759
38630000,38635000,9948,5000,3080610.0,7270.74705214
38635000,38640000,9949,5000,3080922.0,7270.900274
38640000,38645000,9950,5000,3081233.0,7271.0464807
38645000,38650000,9951,5000,3081543.0,7271.35244128
38650000,38655000,9952,5000,3081854.0,7271.72719557
38655000,38660000,9953,5000,3082166.0,7272.10073377
38660000,38665000,9954,5000,3082477.0,7272.42006218
38665000,38670000,9955,5000,3082788.0,7272.7332264
38670000,38675000,9956,5000,3083099.0,7273.10773006
38675000,38680000,9957,5000,3083410.0,7273.21044785
38680000,38685000,9958,5000,3083721.0,7273.32038724
38685000,38690000,9959,5000,3084031.0,7273.49822877
38690000,38695000,9960,5000,3084342.0,7273.66091831
38695000,38700000,9961,5000,3084653.0,7273.83814878
38700000,38705000,9962,5000,3084965.0,7274.21589861
38705000,38710000,9963,5000,3085276.0,7274.30948595
38710000,38715000,9964,5000,3085587.0,7274.39633483
38715000,38720000,9965,5000,3085898.0,7274.35143955
38720000,38725000,9966,5000,3086209.0,7274.4857259
38725000,38730000,9967,5000,3086520.0,7274.79728317
38730000,38735000,9968,5000,3086831.0,7275.11267972
38735000,38740000,9969,5000,3087142.0,7274.46665554
38740000,38745000,9970,5000,3087452.0,7272.91829395
38745000,38750000,9971,5000,3087763.0,7272.2451973
38750000,38755000,9972,5000,3088074.0,7270.66696582
38755000,38760000,9973,5000,3088385.0,7270.02045493
38760000,38765000,9974,5000,3088696.0,7269.35779959
38765000,38770000,9975,5000,3089007.0,7268.70095658
38770000,38775000,9976,5000,3089318.0,7267.89738072
38775000,38780000,9977,5000,3089629.0,7268.06893457
38780000,38785000,9978,5000,3089940.0,7268.24580987
38785000,38790000,9979,5000,3090251.0,7268.2270881
38790000,38795000,9980,5000,3090562.0,7268.16505839
38795000,38800000,9981,5000,3090873.0,7268.45810078
38800000,38805000,9982,5000,3091184.0,7267.62223267
38805000,38810000,9983,5000,3091495.0,7266.97663663
38810000,38815000,9984,5000,3091807.0,7266.19664696
38815000,38820000,9985,5000,3092117.0,7265.53004068
38820000,38825000,9986,5000,3092428.0,7265.65447997
38825000,38830000,9987,5000,3092739.0,7265.78530418
38830000,38835000,9988,5000,3093050.0,7265.91642421
38835000,38840000,9989,5000,3093361.0,7266.22255815
38840000,38845000,9990,5000,3093672.0,7266.42496795
38845000,38850000,9991,5000,3093983.0,7266.50994731
38850000,38855000,9992,5000,3094294.0,7266.8792945
38855000,38860000,9993,5000,3094605.0,7267.03346931
38860000,38865000,9994,5000,3094916.0,7267.34753586
38865000,38870000,9995,5000,3095227.0,7267.66327114
38870000,38875000,9996,5000,3095538.0,7267.96965362
38875000,38880000,9997,5000,3095849.0,7268.34490743
38880000,38885000,9998,5000,3096160.0,7268.64478519
38885000,38890000,9999,5000,3096471.0,7268.99846402
38890000,38895000,10000,5000,3096782.0,7269.3762521
38895000,38900000,10001,5000,3097093.0,7269.73579339
38900000,38905000,10002,5000,3097404.0,7270.08751928
38905000,38910000,10003,5000,3097715.0,7270.25959875
38910000,38915000,10004,5000,3098026.0,7270.57594481
38915000,38920000,10005,5000,3098337.0,7270.88618536
38920000,38925000,10006,5000,3098648.0,7270.90514607
38925000,38930000,10007,5000,3098959.0,7270.63787582
38930000,38935000,10008,5000,3099270.0,7269.75594271
38935000,38940000,10009,5000,3099581.0,7269.57461395
38940000,38945000,10010,5000,3099892.0,7268.72416232
38945000,38950000,10011,5000,3100203.0,7268.61385145
38950000,38955000,10012,5000,3100514.0,7268.5026276
38955000,38960000,10013,5000,3100825.0,7268.39216063
38960000,38965000,10014,5000,3101136.0,7268.12474692
38965000,38970000,10015,5000,3101447.0,7267.44547546
38970000,38975000,10016,5000,3101758.0,7267.12158245
38975000,38980000,10017,5000,3102069.0,7266.92021257
38980000,38985000,10018,5000,3102380.0,7266.64313856
38985000,38990000,10019,5000,3102691.0,7266.62311069
38990000,38995000,10020,5000,3103002.0,7266.79353044
38995000,39000000,10021,5000,3103314.0,7267.12416921
39000000,39005000,10022,5000,3103625.0,7267.00285814
39005000,39010000,10023,5000,3103927.0,7266.87737873
39010000,39015000,10024,5000,3104229.0,7266.7605343
39015000,39020000,10025,5000,3104532.0,7266.63825077
39020000,39025000,10026,5000,3104834.0,7266.51994766
39025000,39030000,10027,5000,3105136.0,7266.2092267
39030000,39035000,10028,5000,3105438.0,7266.370223
39035000,39040000,10029,5000,3105741.0,7266.56663581
39040000,39045000,10030,5000,3106043.0,7266.65240577
39045000,39050000,10031,5000,3106345.0,7266.93962581
39050000,39055000,10032,5000,3106648.0,7267.2330105
39055000,39060000,10033,5000,3106950.0,7267.39416203
39060000,39065000,10034,5000,3107252.0,7267.55185677
39065000,39070000,10035,5000,3107555.0,7266.90048008
39070000,39075000,10036,5000,3107857.0,7266.14572586
39075000,39080000,10037,5000,3108159.0,7265.28163202
39080000,39085000,10038,5000,3108462.0,7264.60764052
39085000,39090000,10039,5000,3108764.0,7263.94070212
39090000,39095000,10040,5000,3109067.0,7263.1167229
39095000,39100000,10041,5000,3109369.0,7262.09603227
39100000,39105000,10042,5000,3109672.0,7261.22421261
39105000,39110000,10043,5000,3109974.0,7260.32343911
39110000,39115000,10044,5000,3110276.0,7260.47536343
39115000,39120000,10045,5000,3110579.0,7260.5715154
39120000,39125000,10046,5000,3110881.0,7260.65090161
39125000,39130000,10047,5000,3111184.0,7260.66687456
39130000,39135000,10048,5000,3111486.0,7260.95835391
39135000,39140000,10049,5000,3111789.0,7261.30023501
39140000,39145000,10050,5000,3112091.0,7261.45230358
39145000,39150000,10051,5000,3112393.0,7261.51340432
39150000,39155000,10052,5000,3112696.0,7261.67225189
39155000,39160000,10053,5000,3112998.0,7261.81776529
39160000,39165000,10054,5000,3113300.0,7261.60080093
39165000,39170000,10055,5000,3113603.0,7261.82949509
39170000,39175000,10056,5000,3113905.0,7262.06116105
39175000,39180000,10057,5000,3114207.0,7262.34770672
39180000,39185000,10058,5000,3114510.0,7262.52280978
39185000,39190000,10059,5000,3114812.0,7262.59789975
39190000,39195000,10060,5000,3115115.0,7262.59938095
39195000,39200000,10061,5000,3115417.0,7262.86094678
39200000,39205000,10062,5000,3115719.0,7263.1281039
39205000,39210000,10063,5000,3116022.0,7263.22703229
39210000,39215000,10064,5000,3116324.0,7263.29588914
39215000,39220000,10065,5000,3116627.0,7263.64705185
39220000,39225000,10066,5000,3116929.0,7263.93042075
39225000,39230000,10067,5000,3117231.0,7264.11271361
39230000,39235000,10068,5000,3117534.0,7264.24353547
39235000,39240000,10069,5000,3117836.0,7264.35850033
39240000,39245000,10070,5000,3118139.0,7264.20010542
39245000,39250000,10071,5000,3118441.0,7264.46268094
39250000,39255000,10072,5000,3118743.0,7264.73784883
39255000,39260000,10073,5000,3119046.0,7265.08931131
39260000,39265000,10074,5000,3119348.0,7265.37517671
39265000,39270000,10075,5000,3119650.0,7265.72338241
39270000,39275000,10076,5000,3119953.0,7266.00269056
39275000,39280000,10077,5000,3120255.0,7266.35649652
39280000,39285000,10078,5000,3120558.0,7266.50742716
39285000,39290000,10079,5000,3120860.0,7266.52367769
39290000,39295000,10080,5000,3121162.0,7266.50105075
39295000,39300000,10081,5000,3121465.0,7266.49071779
39300000,39305000,10082,5000,3121767.0,7266.6441788
39305000,39310000,10083,5000,3122069.0,7266.78408326
39310000,39315000,10084,5000,3122372.0,7266.75373359
39315000,39320000,10085,5000,3122674.0,7266.83451738
39320000,39325000,10086,5000,3122976.0,7266.81773732
39325000,39330000,10087,5000,3123279.0,7267.11329883
39330000,39335000,10088,5000,3123581.0,7267.38847647
39335000,39340000,10089,5000,3123884.0,7267.74997971
39340000,39345000,10090,5000,3124186.0,7268.03396746
39345000,39350000,10091,5000,3124488.0,7268.12123588
39350000,39355000,10092,5000,3124791.0,7268.27145701
39355000,39360000,10093,5000,3125093.0,7268.22147836
39360000,39365000,10094,5000,3125395.0,7268.17757897
39365000,39370000,10095,5000,3125698.0,7268.41880336
39370000,39375000,10096,5000,3126000.0,7268.70854554
39375000,39380000,10097,5000,3126302.0,7268.99957251
39380000,39385000,10098,5000,3126605.0,7269.13838355
39385000,39390000,10099,5000,3126907.0,7269.40903564
39390000,39395000,10100,5000,3127210.0,7269.56375068
39395000,39400000,10101,5000,3127512.0,7269.92510193
39400000,39405000,10102,5000,3127815.0,7270.21915467
39405000,39410000,10103,5000,3128117.0,7270.35535371
39410000,39415000,10104,5000,3128419.0,7270.48970666
39415000,39420000,10105,5000,3128722.0,7270.81356827
39420000,39425000,10106,5000,3129024.0,7270.77467871
39425000,39430000,10107,5000,3129326.0,7271.09856876
39430000,39435000,10108,5000,3129629.0,7271.24487997
39435000,39440000,10109,5000,3129931.0,7271.47077474
39440000,39445000,10110,5000,3130233.0,7271.57700923
39445000,39450000,10111,5000,3130536.0,7271.74598826
39450000,39455000,10112,5000,3130838.0,7271.71683043
39455000,39460000,10113,5000,3131141.0,7271.87315063
39460000,39465000,10114,5000,3131443.0,7272.0127874
39465000,39470000,10115,5000,3131746.0,7272.16321966
39470000,39475000,10116,5000,3132048.0,7272.19067883
39475000,39480000,10117,5000,3132350.0,7272.0704539
39480000,39485000,10118,5000,3132653.0,7272.22312156
39485000,39490000,10119,5000,3132955.0,7272.08276127
39490000,39495000,10120,5000,3133258.0,7272.22685542
39495000,39500000,10121,5000,3133560.0,7272.15428062
39500000,39505000,10122,5000,3133862.0,7272.12104075
39505000,39510000,10123,5000,3134165.0,7272.20394085
39510000,39515000,10124,5000,3134467.0,7272.41420504
39515000,39520000,10125,5000,3134769.0,7272.62979105
39520000,39525000,10126,5000,3135072.0,7272.7451066
39525000,39530000,10127,5000,3135374.0,7273.01955369
39530000,39535000,10128,5000,3135676.0,7273.17286814
39535000,39540000,10129,5000,3135979.0,7273.43913157
39540000,39545000,10130,5000,3136281.0,7273.55322539
39545000,39550000,10131,5000,3136584.0,7273.66383685
39550000,39555000,10132,5000,3136886.0,7273.68869172
39555000,39560000,10133,5000,3137188.0,7273.34728206
39560000,39565000,10134,5000,3137491.0,7273.5326382
39565000,39570000,10135,5000,3137793.0,7273.70314361
39570000,39575000,10136,5000,3138096.0,7273.65639069
39575000,39580000,10137,5000,3138398.0,7273.75181626
39580000,39585000,10138,5000,3138700.0,7273.90696898
39585000,39590000,10139,5000,3139002.0,7273.85297122
39590000,39595000,10140,5000,3139305.0,7273.77427949
39595000,39600000,10141,5000,3139607.0,7273.7994766
39600000,39605000,10142,5000,3139910.0,7273.90083484
39605000,39610000,10143,5000,3140212.0,7273.83533361
39610000,39615000,10144,5000,3140514.0,7273.51312225
39615000,39620000,10145,5000,3140817.0,7273.67112558
39620000,39625000,10146,5000,3141119.0,7273.82425961
39625000,39630000,10147,5000,3141422.0,7273.97833688
39630000,39635000,10148,5000,3141724.0,7274.09336255
39635000,39640000,10149,5000,3142027.0,7274.29888277
39640000,39645000,10150,5000,3142329.0,7274.46846186
39645000,39650000,10151,5000,3142631.0,7274.58882664
39650000,39655000,10152,5000,3142934.0,7274.61349316
39655000,39660000,10153,5000,3143236.0,7274.73495362
39660000,39665000,10154,5000,3143539.0,7275.03063797
39665000,39670000,10155,5000,3143841.0,7275.1897474
39670000,39675000,10156,5000,3144144.0,7275.39654648
39675000,39680000,10157,5000,3144446.0,7275.58970942
39680000,39685000,10158,5000,3144748.0,7275.8559385
39685000,39690000,10159,5000,3145051.0,7276.05965767
39690000,39695000,10160,5000,3145353.0,7275.99655749
39695000,39700000,10161,5000,3145656.0,7275.92623799
39700000,39705000,10162,5000,3145958.0,7275.9508715
39705000,39710000,10163,5000,3146260.0,7276.10291012
39710000,39715000,10164,5000,3146563.0,7276.23336126
39715000,39720000,10165,5000,3146865.0,7276.08598262
39720000,39725000,10166,5000,3147168.0,7275.96714281
39725000,39730000,10167,5000,3147470.0,7275.79581312
39730000,39735000,10168,5000,3147772.0,7276.13574842
39735000,39740000,10169,5000,3148075.0,7276.29146431
39740000,39745000,10170,5000,3148377.0,7276.47746727
39745000,39750000,10171,5000,3148679.0,7276.41241796
39750000,39755000,10172,5000,3148982.0,7276.75922667
39755000,39760000,10173,5000,3149284.0,7277.1078083
39760000,39765000,10174,5000,3149586.0,7277.13121373
39765000,39770000,10175,5000,3149889.0,7276.95797087
39770000,39775000,10176,5000,3150191.0,7277.29382645
39775000,39780000,10177,5000,3150493.0,7277.58508655
39780000,39785000,10178,5000,3150796.0,7277.85948977
39785000,39790000,10179,5000,3151098.0,7278.13173555
39790000,39795000,10180,5000,3151401.0,7278.40563788
39795000,39800000,10181,5000,3151703.0,7278.67842509
39800000,39805000,10182,5000,3152005.0,7279.01999663
39805000,39810000,10183,5000,3152308.0,7279.3145132
39810000,39815000,10184,5000,3152610.0,7279.60900431
39815000,39820000,10185,5000,3152912.0,7279.75467337
39820000,39825000,10186,5000,3153215.0,7280.11042274
39825000,39830000,10187,5000,3153517.0,7280.07159835
39830000,39835000,10188,5000,3153819.0,7280.13070308
39835000,39840000,10189,5000,3154122.0,7279.91591131
39840000,39845000,10190,5000,3154424.0,7279.84639191
39845000,39850000,10191,5000,3154726.0,7279.96085057
39850000,39855000,10192,5000,3155029.0,7280.25590388
39855000,39860000,10193,5000,3155331.0,7280.11426784
39860000,39865000,10194,5000,3155633.0,7280.34042247
39865000,39870000,10195,5000,3155936.0,7280.50664225
39870000,39875000,10196,5000,3156238.0,7280.64708658
39875000,39880000,10197,5000,3156540.0,7280.92300467
39880000,39885000,10198,5000,3156843.0,7281.14839709
39885000,39890000,10199,5000,3157145.0,7281.44253798
39890000,39895000,10200,5000,3157448.0,7281.71604681
39895000,39900000,10201,5000,3157750.0,7282.05543341
39900000,39905000,10202,5000,3158052.0,7282.40848765
39905000,39910000,10203,5000,3158355.0,7282.55513477
39910000,39915000,10204,5000,3158657.0,7282.66030958
39915000,39920000,10205,5000,3158960.0,7283.02507261
39920000,39925000,10206,5000,3159262.0,7283.31131826
39925000,39930000,10207,5000,3159564.0,7283.17933175
39930000,39935000,10208,5000,3159866.0,7283.06235148
39935000,39940000,10209,5000,3160169.0,7283.21443279
39940000,39945000,10210,5000,3160471.0,7283.49591548
39945000,39950000,10211,5000,3160774.0,7283.77928239
39950000,39955000,10212,5000,3161076.0,7283.73369882
39955000,39960000,10213,5000,3161378.0,7283.67881026
39960000,39965000,10214,5000,3161681.0,7283.7349207
39965000,39970000,10215,5000,3161983.0,7283.76725603
39970000,39975000,10216,5000,3162286.0,7283.47364721
39975000,39980000,10217,5000,3162588.0,7283.63779262
39980000,39985000,10218,5000,3162890.0,7283.92589514
39985000,39990000,10219,5000,3163193.0,7284.15299643
39990000,39995000,10220,5000,3163495.0,7284.28623642
39995000,40000000,10221,5000,3163798.0,7284.48726997
40000000,40005000,10222,5000,3164100.0,7284.45857465
40005000,40010000,10223,5000,3164416.0,7284.62155219
40010000,40015000,10224,5000,3164733.0,7284.93343788
40015000,40020000,10225,5000,3165049.0,7285.3086705
40020000,40025000,10226,5000,3165365.0,7285.608235
40025000,40030000,10227,5000,3165682.0,7285.97690867
40030000,40035000,10228,5000,3165998.0,7286.29164585
40035000,40040000,10229,5000,3166315.0,7286.46356613
40040000,40045000,10230,5000,3166631.0,7286.35559409
40045000,40050000,10231,5000,3166947.0,7286.57561102
40050000,40055000,10232,5000,3167264.0,7286.8997898
40055000,40060000,10233,5000,3167580.0,7287.26287346
40060000,40065000,10234,5000,3167896.0,7287.57799236
40065000,40070000,10235,5000,3168213.0,7287.89170275
40070000,40075000,10236,5000,3168529.0,7288.04216154
40075000,40080000,10237,5000,3168845.0,7288.16582813
40080000,40085000,10238,5000,3169162.0,7288.34738554
40085000,40090000,10239,5000,3169478.0,7288.4408377
40090000,40095000,10240,5000,3169794.0,7288.76017574
40095000,40100000,10241,5000,3170111.0,7288.87783395
40100000,40105000,10242,5000,3170427.0,7289.18924363
40105000,40110000,10243,5000,3170743.0,7289.47891417
40110000,40115000,10244,5000,3171060.0,7289.65051251
40115000,40120000,10245,5000,3171376.0,7289.94527775
40120000,40125000,10246,5000,3171693.0,7290.25903034
40125000,40130000,10247,5000,3172009.0,7290.56782003
40130000,40135000,10248,5000,3172325.0,7290.86147311
40135000,40140000,10249,5000,3172642.0,7291.15275134
40140000,40145000,10250,5000,3172958.0,7291.34365986
40145000,40150000,10251,5000,3173274.0,7291.64929028
40150000,40155000,10252,5000,3173590.0,7291.95993068
40155000,40160000,10253,5000,3173907.0,7292.08915885
40160000,40165000,10254,5000,3174223.0,7292.17589577
40165000,40170000,10255,5000,3174540.0,7292.54883949
40170000,40175000,10256,5000,3174856.0,7292.86596121
40175000,40180000,10257,5000,3175173.0,7293.00301913
40180000,40185000,10258,5000,3175489.0,7293.00714369
40185000,40190000,10259,5000,3175805.0,7293.21186164
40190000,40195000,10260,5000,3176122.0,7293.51337149
40195000,40200000,10261,5000,3176438.0,7293.69411278
40200000,40205000,10262,5000,3176755.0,7293.7854824
40205000,40210000,10263,5000,3177071.0,7293.9019719
40210000,40215000,10264,5000,3177387.0,7294.01693293
40215000,40220000,10265,5000,3177704.0,7294.40489942
40220000,40225000,10266,5000,3178020.0,7294.72250045
40225000,40230000,10267,5000,3178336.0,7295.01893613
40230000,40235000,10268,5000,3178653.0,7295.3392166
40235000,40240000,10269,5000,3178969.0,7295.38732202
40240000,40245000,10270,5000,3179285.0,7295.6938516
40245000,40250000,10271,5000,3179602.0,7296.0008684
40250000,40255000,10272,5000,3179918.0,7296.37277188
40255000,40260000,10273,5000,3180235.0,7296.67794082
40260000,40265000,10274,5000,3180551.0,7296.98205345
40265000,40270000,10275,5000,3180867.0,7297.27938566
40270000,40275000,10276,5000,3181184.0,7297.45747341
40275000,40280000,10277,5000,3181500.0,7297.77522806
40280000,40285000,10278,5000,3181816.0,7297.94985606
40285000,40290000,10279,5000,3182133.0,7298.0848615
40290000,40295000,10280,5000,3182449.0,7298.20332217
40295000,40300000,10281,5000,3182765.0,7297.93038928
40300000,40305000,10282,5000,3183081.0,7298.22481675
40305000,40310000,10283,5000,3183398.0,7298.33227294
40310000,40315000,10284,5000,3183714.0,7298.55201275
40315000,40320000,10285,5000,3184030.0,7298.82867735
40320000,40325000,10286,5000,3184347.0,7298.85573823
40325000,40330000,10287,5000,3184663.0,7299.03104398
40330000,40335000,10288,5000,3184979.0,7298.80082634
40335000,40340000,10289,5000,3185296.0,7298.98653432
40340000,40345000,10290,5000,3185612.0,7299.15112675
40345000,40350000,10291,5000,3185928.0,7299.52038279
40350000,40355000,10292,5000,3186245.0,7299.66226875
40355000,40360000,10293,5000,3186561.0,7299.6189049
40360000,40365000,10294,5000,3186878.0,7299.93821614
40365000,40370000,10295,5000,3187194.0,7299.89596635
40370000,40375000,10296,5000,3187510.0,7299.94732944
40375000,40380000,10297,5000,3187827.0,7299.96525048
40380000,40385000,10298,5000,3188143.0,7299.69514557
40385000,40390000,10299,5000,3188460.0,7299.89195817
40390000,40395000,10300,5000,3188776.0,7300.02843135
40395000,40400000,10301,5000,3189092.0,7300.33127349
40400000,40405000,10302,5000,3189409.0,7300.45067852
40405000,40410000,10303,5000,3189725.0,7300.7709357
40410000,40415000,10304,5000,3190041.0,7300.75566433
40415000,40420000,10305,5000,3190358.0,7300.98098461
40420000,40425000,10306,5000,3190674.0,7301.28855685
40425000,40430000,10307,5000,3190991.0,7301.53185666
40430000,40435000,10308,5000,3191307.0,7301.84347044
40435000,40440000,10309,5000,3191623.0,7302.15969351
40440000,40445000,10310,5000,3191940.0,7302.47606604
40445000,40450000,10311,5000,3192256.0,7302.77616275
40450000,40455000,10312,5000,3192572.0,7303.09071094
40455000,40460000,10313,5000,3192889.0,7303.1793499
40460000,40465000,10314,5000,3193205.0,7303.36652664
40465000,40470000,10315,5000,3193522.0,7303.55609433
40470000,40475000,10316,5000,3193838.0,7303.68160461
40475000,40480000,10317,5000,3194154.0,7303.75974274
40480000,40485000,10318,5000,3194471.0,7303.71933771
40485000,40490000,10319,5000,3194787.0,7303.83778153
40490000,40495000,10320,5000,3195104.0,7303.63264097
40495000,40500000,10321,5000,3195420.0,7303.66841534
40500000,40505000,10322,5000,3195736.0,7304.01247125
40505000,40510000,10323,5000,3196053.0,7304.01188686
40510000,40515000,10324,5000,3196369.0,7304.39175788
40515000,40520000,10325,5000,3196685.0,7304.57879244
40520000,40525000,10326,5000,3197001.0,7304.83547833
40525000,40530000,10327,5000,3197318.0,7305.16116554
40530000,40535000,10328,5000,3197634.0,7305.47848797
40535000,40540000,10329,5000,3197950.0,7305.56779404
40540000,40545000,10330,5000,3198267.0,7305.69189513
40545000,40550000,10331,5000,3198583.0,7305.7724588
40550000,40555000,10332,5000,3198899.0,7305.97182574
40555000,40560000,10333,5000,3199216.0,7306.20578609
40560000,40565000,10334,5000,3199532.0,7306.42715232
40565000,40570000,10335,5000,3199848.0,7306.56304924
40570000,40575000,10336,5000,3200165.0,7306.72658415
40575000,40580000,10337,5000,3200481.0,7306.88791036
40580000,40585000,10338,5000,3200797.0,7307.19864233
40585000,40590000,10339,5000,3201114.0,7307.35485604
40590000,40595000,10340,5000,3201430.0,7307.44542483
40595000,40600000,10341,5000,3201746.0,7307.57600909
40600000,40605000,10342,5000,3202063.0,7307.7531699
40605000,40610000,10343,5000,3202379.0,7307.45590826
40610000,40615000,10344,5000,3202696.0,7307.61907864
40615000,40620000,10345,5000,3203012.0,7307.59911385
40620000,40625000,10346,5000,3203328.0,7307.78245595
40625000,40630000,10347,5000,3203645.0,7307.96716589
40630000,40635000,10348,5000,3203961.0,7308.15240535
40635000,40640000,10349,5000,3204277.0,7308.29024179
40640000,40645000,10350,5000,3204594.0,7308.49737692
40645000,40650000,10351,5000,3204910.0,7308.66430053
40650000,40655000,10352,5000,3205226.0,7308.83187833
40655000,40660000,10353,5000,3205543.0,7308.80460329
40660000,40665000,10354,5000,3205859.0,7308.85393267
40665000,40670000,10355,5000,3206175.0,7309.07685669
40670000,40675000,10356,5000,3206491.0,7309.26602816
40675000,40680000,10357,5000,3206808.0,7309.31699912
40680000,40685000,10358,5000,3207124.0,7309.39560503
40685000,40690000,10359,5000,3207440.0,7309.0903407
40690000,40695000,10360,5000,3207757.0,7309.24462365
40695000,40700000,10361,5000,3208073.0,7309.23732601
40700000,40705000,10362,5000,3208389.0,7309.38441258
40705000,40710000,10363,5000,3208706.0,7309.65566268
40710000,40715000,10364,5000,3209022.0,7309.78742373
40715000,40720000,10365,5000,3209338.0,7309.98906542
40720000,40725000,10366,5000,3209655.0,7310.07923868
40725000,40730000,10367,5000,3209971.0,7310.38249745
40730000,40735000,10368,5000,3210288.0,7310.74966631
40735000,40740000,10369,5000,3210604.0,7311.06142859
40740000,40745000,10370,5000,3210920.0,7311.37140962
40745000,40750000,10371,5000,3211236.0,7311.46683518
40750000,40755000,10372,5000,3211553.0,7311.63921235
40755000,40760000,10373,5000,3211869.0,7311.75222376
40760000,40765000,10374,5000,3212186.0,7311.72675845
40765000,40770000,10375,5000,3212502.0,7311.90277078
40770000,40775000,10376,5000,3212818.0,7312.06941706
40775000,40780000,10377,5000,3213135.0,7312.24137677
40780000,40785000,10378,5000,3213451.0,7312.13690439
40785000,40790000,10379,5000,3213767.0,7312.31413984
40790000,40795000,10380,5000,3214084.0,7312.49911388
40795000,40800000,10381,5000,3214400.0,7312.63535576
40800000,40805000,10382,5000,3214716.0,7312.77773129
40805000,40810000,10383,5000,3215033.0,7312.82694577
40810000,40815000,10384,5000,3215349.0,7313.00049855
40815000,40820000,10385,5000,3215665.0,7313.34509054
40820000,40825000,10386,5000,3215982.0,7313.57781944
40825000,40830000,10387,5000,3216298.0,7313.61506124
40830000,40835000,10388,5000,3216615.0,7313.71920682
40835000,40840000,10389,5000,3216931.0,7313.82325763
40840000,40845000,10390,5000,3217247.0,7314.1668443
40845000,40850000,10391,5000,3217564.0,7314.48162354
40850000,40855000,10392,5000,3217880.0,7314.85711684
40855000,40860000,10393,5000,3218196.0,7315.09103462
40860000,40865000,10394,5000,3218513.0,7315.29441077
40865000,40870000,10395,5000,3218829.0,7315.58880628
40870000,40875000,10396,5000,3219146.0,7315.7920537
40875000,40880000,10397,5000,3219462.0,7315.88457391
40880000,40885000,10398,5000,3219778.0,7315.92763626
40885000,40890000,10399,5000,3220094.0,7316.10869011
40890000,40895000,10400,5000,3220411.0,7316.23554241
40895000,40900000,10401,5000,3220727.0,7316.42372599
40900000,40905000,10402,5000,3221043.0,7316.39341925
40905000,40910000,10403,5000,3221360.0,7316.43216256
40910000,40915000,10404,5000,3221676.0,7316.44512801
40915000,40920000,10405,5000,3221992.0,7316.63967297
40920000,40925000,10406,5000,3222309.0,7316.82918419
40925000,40930000,10407,5000,3222625.0,7317.06663836
40930000,40935000,10408,5000,3222941.0,7317.25335474
40935000,40940000,10409,5000,3223258.0,7317.38276277
40940000,40945000,10410,5000,3223574.0,7317.52797067
40945000,40950000,10411,5000,3223890.0,7317.71345008
40950000,40955000,10412,5000,3224207.0,7317.98910406
40955000,40960000,10413,5000,3224523.0,7318.13964693
40960000,40965000,10414,5000,3224840.0,7318.30319409
40965000,40970000,10415,5000,3225156.0,7318.21029033
40970000,40975000,10416,5000,3225472.0,7318.11241134
40975000,40980000,10417,5000,3225789.0,7318.28665501
40980000,40985000,10418,5000,3226105.0,7318.45794319
40985000,40990000,10419,5000,3226421.0,7318.56570779
40990000,40995000,10420,5000,3226738.0,7318.67641914
40995000,41000000,10421,5000,3227054.0,7318.8456939
41000000,41005000,10422,5000,3227370.0,7319.02093466
41005000,41010000,10423,5000,3227677.0,7319.37585959
41010000,41015000,10424,5000,3227983.0,7319.72772007
41015000,41020000,10425,5000,3228290.0,7319.07489498
41020000,41025000,10426,5000,3228596.0,7319.4204493
41025000,41030000,10427,5000,3228903.0,7319.71553339
41030000,41035000,10428,5000,3229209.0,7319.80833117
41035000,41040000,10429,5000,3229516.0,7320.08731281
41040000,41045000,10430,5000,3229822.0,7320.42404074
41045000,41050000,10431,5000,3230129.0,7320.69965876
41050000,41055000,10432,5000,3230435.0,7320.05548048
41055000,41060000,10433,5000,3230741.0,7319.37645368
41060000,41065000,10434,5000,3231048.0,7319.72815844
41065000,41070000,10435,5000,3231354.0,7320.01930979
41070000,41075000,10436,5000,3231661.0,7320.27448864
41075000,41080000,10437,5000,3231967.0,7320.25884694
41080000,41085000,10438,5000,3232273.0,7320.14795181
41085000,41090000,10439,5000,3232580.0,7319.50685136
41090000,41095000,10440,5000,3232886.0,7319.27332947
41095000,41100000,10441,5000,3233193.0,7318.93832903
41100000,41105000,10442,5000,3233499.0,7319.26085989
41105000,41110000,10443,5000,3233806.0,7319.55629677
41110000,41115000,10444,5000,3234112.0,7318.91061288
41115000,41120000,10445,5000,3234419.0,7319.0712977
41120000,41125000,10446,5000,3234725.0,7319.34054068
41125000,41130000,10447,5000,3235031.0,7319.50964239
41130000,41135000,10448,5000,3235338.0,7319.79768266
41135000,41140000,10449,5000,3235644.0,7320.08331411
41140000,41145000,10450,5000,3235951.0,7320.37549541
41145000,41150000,10451,5000,3236257.0,7320.66167516
41150000,41155000,10452,5000,3236564.0,7320.94384315
41155000,41160000,10453,5000,3236870.0,7320.30477123
41160000,41165000,10454,5000,3237177.0,7319.66407318
41165000,41170000,10455,5000,3237483.0,7319.02394774
41170000,41175000,10456,5000,3237789.0,7318.38461524
41175000,41180000,10457,5000,3238096.0,7317.69016332
41180000,41185000,10458,5000,3238402.0,7317.02330522
41185000,41190000,10459,5000,3238709.0,7316.22878346
41190000,41195000,10460,5000,3239015.0,7315.57891045
41195000,41200000,10461,5000,3239321.0,7314.90004191
41200000,41205000,10462,5000,3239628.0,7315.04796834
41205000,41210000,10463,5000,3239934.0,7315.20334525
41210000,41215000,10464,5000,3240241.0,7315.35808261
41215000,41220000,10465,5000,3240547.0,7315.55276871
41220000,41225000,10466,5000,3240853.0,7315.82474986
41225000,41230000,10467,5000,3241160.0,7316.074416
41230000,41235000,10468,5000,3241466.0,7316.29849467
41235000,41240000,10469,5000,3241773.0,7316.54217188
41240000,41245000,10470,5000,3242079.0,7316.63057672
41245000,41250000,10471,5000,3242386.0,7316.78513689
41250000,41255000,10472,5000,3242692.0,7317.12966612
41255000,41260000,10473,5000,3242998.0,7317.28107613
41260000,41265000,10474,5000,3243305.0,7317.4355584
41265000,41270000,10475,5000,3243611.0,7315.96712057
41270000,41275000,10476,5000,3243918.0,7315.32331282
41275000,41280000,10477,5000,3244224.0,7315.47546523
41280000,41285000,10478,5000,3244531.0,7315.40628638
41285000,41290000,10479,5000,3244837.0,7315.75720645
41290000,41295000,10480,5000,3245144.0,7315.12471058
41295000,41300000,10481,5000,3245450.0,7315.46242117
41300000,41305000,10482,5000,3245757.0,7315.81343194
41305000,41310000,10483,5000,3246063.0,7316.10409734
41310000,41315000,10484,5000,3246370.0,7316.39672135
41315000,41320000,10485,5000,3246676.0,7316.67804156
41320000,41325000,10486,5000,3246982.0,7316.83233623
41325000,41330000,10487,5000,3247289.0,7317.1025586
41330000,41335000,10488,5000,3247595.0,7317.24455387
41335000,41340000,10489,5000,3247902.0,7317.38206753
41340000,41345000,10490,5000,3248208.0,7317.22794804
41345000,41350000,10491,5000,3248515.0,7317.37437296
41350000,41355000,10492,5000,3248821.0,7317.72707439
41355000,41360000,10493,5000,3249128.0,7317.86172658
41360000,41365000,10494,5000,3249434.0,7318.01257795
41365000,41370000,10495,5000,3249740.0,7318.29642216
41370000,41375000,10496,5000,3250047.0,7318.57938663
41375000,41380000,10497,5000,3250353.0,7318.71058317
41380000,41385000,10498,5000,3250660.0,7319.00194219
41385000,41390000,10499,5000,3250966.0,7319.04307256
41390000,41395000,10500,5000,3251272.0,7319.01201065
41395000,41400000,10501,5000,3251579.0,7319.2865098
41400000,41405000,10502,5000,3251885.0,7319.2204056
41405000,41410000,10503,5000,3252192.0,7319.40810131
41410000,41415000,10504,5000,3252498.0,7319.67627832
41415000,41420000,10505,5000,3252805.0,7319.79855844
41420000,41425000,10506,5000,3253111.0,7320.04915413
41425000,41430000,10507,5000,3253418.0,7320.33812179
41430000,41435000,10508,5000,3253724.0,7320.68676779
41435000,41440000,10509,5000,3254031.0,7320.97542771
41440000,41445000,10510,5000,3254337.0,7321.26729997
41445000,41450000,10511,5000,3254643.0,7321.49661004
41450000,41455000,10512,5000,3254950.0,7321.70469871
41455000,41460000,10513,5000,3255256.0,7321.99462086
41460000,41465000,10514,5000,3255563.0,7322.18238353
41465000,41470000,10515,5000,3255869.0,7322.34520928
41470000,41475000,10516,5000,3256176.0,7322.27294827
41475000,41480000,10517,5000,3256482.0,7322.42632146
41480000,41485000,10518,5000,3256788.0,7322.39730092
41485000,41490000,10519,5000,3257095.0,7322.54857348
41490000,41495000,10520,5000,3257401.0,7322.69818801
41495000,41500000,10521,5000,3257708.0,7322.71995592
41500000,41505000,10522,5000,3258014.0,7322.87156986
41505000,41510000,10523,5000,3258321.0,7323.01898945
41510000,41515000,10524,5000,3258627.0,7323.07435346
41515000,41520000,10525,5000,3258934.0,7323.12973047
41520000,41525000,10526,5000,3259240.0,7323.38491702
41525000,41530000,10527,5000,3259547.0,7323.44733607
41530000,41535000,10528,5000,3259853.0,7323.12145422
41535000,41540000,10529,5000,3260160.0,7323.05606803
41540000,41545000,10530,5000,3260466.0,7323.1976326
41545000,41550000,10531,5000,3260772.0,7323.33952115
41550000,41555000,10532,5000,3261078.0,7323.66867167
41555000,41560000,10533,5000,3261385.0,7323.95141529
41560000,41565000,10534,5000,3261691.0,7324.03839437
41565000,41570000,10535,5000,3261998.0,7324.09354517
41570000,41575000,10536,5000,3262304.0,7324.24737327
41575000,41580000,10537,5000,3262611.0,7324.38637066
41580000,41585000,10538,5000,3262917.0,7324.4998369
41585000,41590000,10539,5000,3263224.0,7324.65456346
41590000,41595000,10540,5000,3263530.0,7324.79892897
41595000,41600000,10541,5000,3263837.0,7324.82232855
41600000,41605000,10542,5000,3264143.0,7324.94054522
41605000,41610000,10543,5000,3264450.0,7324.87863866
41610000,41615000,10544,5000,3264756.0,7325.18450038
41615000,41620000,10545,5000,3265062.0,7325.27818777
41620000,41625000,10546,5000,3265369.0,7325.36424169
41625000,41630000,10547,5000,3265675.0,7325.51732024
41630000,41635000,10548,5000,3265982.0,7325.80415568
41635000,41640000,10549,5000,3266288.0,7325.88430524
41640000,41645000,10550,5000,3266594.0,7326.17143558
41645000,41650000,10551,5000,3266901.0,7326.2514243
41650000,41655000,10552,5000,3267207.0,7326.58171633
41655000,41660000,10553,5000,3267514.0,7326.87420174
41660000,41665000,10554,5000,3267820.0,7327.03009001
41665000,41670000,10555,5000,3268127.0,7327.18878916
41670000,41675000,10556,5000,3268433.0,7327.51220172
41675000,41680000,10557,5000,3268740.0,7327.66314307
41680000,41685000,10558,5000,3269047.0,7327.94220346
41685000,41690000,10559,5000,3269353.0,7328.27869557
41690000,41695000,10560,5000,3269659.0,7328.61313868
41695000,41700000,10561,5000,3269966.0,7328.75659131
41700000,41705000,10562,5000,3270272.0,7329.07291732
41705000,41710000,10563,5000,3270578.0,7329.35112389
41710000,41715000,10564,5000,3270885.0,7329.57621992
41715000,41720000,10565,5000,3271191.0,7329.60350971
41720000,41725000,10566,5000,3271498.0,7329.79659766
41725000,41730000,10567,5000,3271804.0,7330.10298348
41730000,41735000,10568,5000,3272111.0,7329.27980616
41735000,41740000,10569,5000,3272417.0,7329.17043648
41740000,41745000,10570,5000,3272723.0,7328.8643891
41745000,41750000,10571,5000,3273030.0,7328.55949772
41750000,41755000,10572,5000,3273336.0,7328.40337307
41755000,41760000,10573,5000,3273643.0,7328.1531601
41760000,41765000,10574,5000,3273950.0,7328.47434603
41765000,41770000,10575,5000,3274256.0,7328.6219385
41770000,41775000,10576,5000,3274563.0,7328.90792275
41775000,41780000,10577,5000,3274869.0,7329.05497571
41780000,41785000,10578,5000,3275175.0,7329.20129931
41785000,41790000,10579,5000,3275482.0,7329.33043684
41790000,41795000,10580,5000,3275788.0,7329.4475581
41795000,41800000,10581,5000,3276095.0,7329.78235118
41800000,41805000,10582,5000,3276401.0,7330.05740773
41805000,41810000,10583,5000,3276708.0,7330.19477824
41810000,41815000,10584,5000,3277014.0,7330.1417685
41815000,41820000,10585,5000,3277321.0,7330.35105385
41820000,41825000,10586,5000,3277627.0,7330.58632121
41825000,41830000,10587,5000,3277933.0,7330.64246996
41830000,41835000,10588,5000,3278240.0,7330.88847687
41835000,41840000,10589,5000,3278546.0,7331.15595793
41840000,41845000,10590,5000,3278853.0,7331.21810066
41845000,41850000,10591,5000,3279159.0,7331.19822717
41850000,41855000,10592,5000,3279465.0,7331.19282262
41855000,41860000,10593,5000,3279772.0,7331.2799232
41860000,41865000,10594,5000,3280078.0,7331.63030458
41865000,41870000,10595,5000,3280385.0,7331.8354057
41870000,41875000,10596,5000,3280691.0,7331.92468701
41875000,41880000,10597,5000,3280998.0,7332.1978385
41880000,41885000,10598,5000,3281304.0,7332.25678443
41885000,41890000,10599,5000,3281611.0,7332.5388864
41890000,41895000,10600,5000,3281917.0,7332.66286895
41895000,41900000,10601,5000,3282224.0,7332.94484508
41900000,41905000,10602,5000,3282530.0,7333.21215492
41905000,41910000,10603,5000,3282837.0,7333.49356541
41910000,41915000,10604,5000,3283143.0,7333.65172838
41915000,41920000,10605,5000,3283450.0,7333.98933121
41920000,41925000,10606,5000,3283756.0,7333.22690572
41925000,41930000,10607,5000,3284062.0,7332.58434381
41930000,41935000,10608,5000,3284369.0,7331.89201397
41935000,41940000,10609,5000,3284675.0,7331.25150236
41940000,41945000,10610,5000,3284982.0,7330.49375807
41945000,41950000,10611,5000,3285288.0,7328.6574579
41950000,41955000,10612,5000,3285595.0,7328.02337412
41955000,41960000,10613,5000,3285901.0,7327.16004466
41960000,41965000,10614,5000,3286207.0,7326.34671468
41965000,41970000,10615,5000,3286514.0,7325.65927765
41970000,41975000,10616,5000,3286820.0,7325.99392316
41975000,41980000,10617,5000,3287127.0,7326.05042583
41980000,41985000,10618,5000,3287433.0,7326.12744597
41985000,41990000,10619,5000,3287739.0,7326.34169284
41990000,41995000,10620,5000,3288046.0,7326.33451743
41995000,42000000,10621,5000,3288352.0,7326.48932742
42000000,42005000,10622,5000,3288659.0,7326.55712842
42005000,42010000,10623,5000,3288982.0,7326.69971045
42010000,42015000,10624,5000,3289306.0,7327.01178648
42015000,42020000,10625,5000,3289629.0,7327.31657278
42020000,42025000,10626,5000,3289953.0,7327.60489779
42025000,42030000,10627,5000,3290276.0,7327.8268728
42030000,42035000,10628,5000,3290600.0,7328.08938116
42035000,42040000,10629,5000,3290924.0,7328.32699863
42040000,42045000,10630,5000,3291247.0,7328.42207327
42045000,42050000,10631,5000,3291571.0,7328.72079317
42050000,42055000,10632,5000,3291894.0,7328.92860061
42055000,42060000,10633,5000,3292218.0,7329.23390932
42060000,42065000,10634,5000,3292541.0,7329.30685664
42065000,42070000,10635,5000,3292864.0,7329.22898421
42070000,42075000,10636,5000,3293188.0,7329.42942102
42075000,42080000,10637,5000,3293512.0,7329.66464053
42080000,42085000,10638,5000,3293835.0,7329.80589896
42085000,42090000,10639,5000,3294159.0,7330.10882901
42090000,42095000,10640,5000,3294483.0,7330.1271649
42095000,42100000,10641,5000,3294806.0,7330.26078773
42100000,42105000,10642,5000,3295130.0,7330.51500822
42105000,42110000,10643,5000,3295453.0,7330.53825312
42110000,42115000,10644,5000,3295777.0,7330.54677279
42115000,42120000,10645,5000,3296100.0,7330.56585112
42120000,42125000,10646,5000,3296424.0,7330.81256235
42125000,42130000,10647,5000,3296747.0,7331.05378807
42130000,42135000,10648,5000,3297071.0,7331.1910014
42135000,42140000,10649,5000,3297395.0,7331.09051165
42140000,42145000,10650,5000,3297718.0,7331.24626949
42145000,42150000,10651,5000,3298042.0,7331.63679867
42150000,42155000,10652,5000,3298366.0,7331.95484509
42155000,42160000,10653,5000,3298689.0,7332.31441105
42160000,42165000,10654,5000,3299013.0,7332.62044251
42165000,42170000,10655,5000,3299336.0,7332.71508732
42170000,42175000,10656,5000,3299660.0,7333.02969014
42175000,42180000,10657,5000,3299983.0,7333.35021464
42180000,42185000,10658,5000,3300307.0,7333.6696512
42185000,42190000,10659,5000,3300631.0,7333.98781735
42190000,42195000,10660,5000,3300954.0,7334.3592279
42195000,42200000,10661,5000,3301278.0,7334.54589563
42200000,42205000,10662,5000,3301601.0,7334.83696544
42205000,42210000,10663,5000,3301925.0,7335.11106222
42210000,42215000,10664,5000,3302249.0,7335.42356276
42215000,42220000,10665,5000,3302572.0,7335.79054615
42220000,42225000,10666,5000,3302896.0,7335.78234942
42225000,42230000,10667,5000,3303219.0,7335.97211179
42230000,42235000,10668,5000,3303543.0,7335.85765432
42235000,42240000,10669,5000,3303867.0,7335.96899575
42240000,42245000,10670,5000,3304190.0,7336.32001777
42245000,42250000,10671,5000,3304514.0,7336.63696038
42250000,42255000,10672,5000,3304837.0,7336.82813995
42255000,42260000,10673,5000,3305161.0,7336.96520248
42260000,42265000,10674,5000,3305485.0,7337.34991729
42265000,42270000,10675,5000,3305808.0,7337.73400442
42270000,42275000,10676,5000,3306132.0,7337.9251585
42275000,42280000,10677,5000,3306455.0,7337.92492718
42280000,42285000,10678,5000,3306779.0,7337.98363096
42285000,42290000,10679,5000,3307102.0,7338.14433002
42290000,42295000,10680,5000,3307426.0,7338.03404269
42295000,42300000,10681,5000,3307750.0,7338.0279774
42300000,42305000,10682,5000,3308073.0,7338.03045661
42305000,42310000,10683,5000,3308396.0,7338.04217858
42310000,42315000,10684,5000,3308720.0,7338.06668159
42315000,42320000,10685,5000,3309044.0,7338.25034241
42320000,42325000,10686,5000,3309367.0,7338.4322362
42325000,42330000,10687,5000,3309691.0,7338.48084177
42330000,42335000,10688,5000,3310014.0,7338.84814349
42335000,42340000,10689,5000,3310338.0,7339.15227902
42340000,42345000,10690,5000,3310661.0,7339.33783283
42345000,42350000,10691,5000,3310985.0,7339.50848962
42350000,42355000,10692,5000,3311308.0,7339.87713214
42355000,42360000,10693,5000,3311632.0,7340.19459329
42360000,42365000,10694,5000,3311956.0,7340.575386
42365000,42370000,10695,5000,3312279.0,7340.87430435
42370000,42375000,10696,5000,3312603.0,7341.06468117
42375000,42380000,10697,5000,3312926.0,7341.21759767
42380000,42385000,10698,5000,3313250.0,7341.53636628
42385000,42390000,10699,5000,3313573.0,7341.80388877
42390000,42395000,10700,5000,3313897.0,7342.03928709
42395000,42400000,10701,5000,3314221.0,7342.21682846
42400000,42405000,10702,5000,3314544.0,7342.32020665
42405000,42410000,10703,5000,3314868.0,7342.0474036
42410000,42415000,10704,5000,3315191.0,7342.22905151
42415000,42420000,10705,5000,3315515.0,7342.44359149
42420000,42425000,10706,5000,3315838.0,7342.45901495
42425000,42430000,10707,5000,3316162.0,7342.55769874
42430000,42435000,10708,5000,3316486.0,7342.75190328
42435000,42440000,10709,5000,3316809.0,7343.05485116
42440000,42445000,10710,5000,3317133.0,7343.26590153
42445000,42450000,10711,5000,3317456.0,7343.44901025
42450000,42455000,10712,5000,3317780.0,7343.76434663
42455000,42460000,10713,5000,3318103.0,7344.06350287
42460000,42465000,10714,5000,3318427.0,7344.25167857
42465000,42470000,10715,5000,3318750.0,7344.34550424
42470000,42475000,10716,5000,3319074.0,7344.66450845
42475000,42480000,10717,5000,3319397.0,7344.77413368
42480000,42485000,10718,5000,3319721.0,7344.81323088
42485000,42490000,10719,5000,3320045.0,7344.84476653
42490000,42495000,10720,5000,3320368.0,7345.02575315
42495000,42500000,10721,5000,3320692.0,7345.1450767
42500000,42505000,10722,5000,3321015.0,7345.33738982
42505000,42510000,10723,5000,3321339.0,7345.52626329
42510000,42515000,10724,5000,3321662.0,7345.67909438
42515000,42520000,10725,5000,3321986.0,7345.61621316
42520000,42525000,10726,5000,3322310.0,7345.61833942
42525000,42530000,10727,5000,3322633.0,7345.81693422
42530000,42535000,10728,5000,3322957.0,7346.12267164
42535000,42540000,10729,5000,3323280.0,7346.17708493
42540000,42545000,10730,5000,3323604.0,7346.36236472
42545000,42550000,10731,5000,3323928.0,7346.50126327
42550000,42555000,10732,5000,3324251.0,7346.6791022
42555000,42560000,10733,5000,3324575.0,7346.86347976
42560000,42565000,10734,5000,3324898.0,7347.076482
42565000,42570000,10735,5000,3325222.0,7347.45102312
42570000,42575000,10736,5000,3325545.0,7347.45980133
42575000,42580000,10737,5000,3325869.0,7347.65944265
42580000,42585000,10738,5000,3326193.0,7347.77091319
42585000,42590000,10739,5000,3326516.0,7348.14696875
42590000,42595000,10740,5000,3326840.0,7348.26435973
42595000,42600000,10741,5000,3327163.0,7348.43679517
42600000,42605000,10742,5000,3327487.0,7348.53282095
42605000,42610000,10743,5000,3327811.0,7348.69110969
42610000,42615000,10744,5000,3328134.0,7348.88002818
42615000,42620000,10745,5000,3328458.0,7349.19600665
42620000,42625000,10746,5000,3328781.0,7349.50293003
42625000,42630000,10747,5000,3329105.0,7349.86826695
42630000,42635000,10748,5000,3329428.0,7350.22944638
42635000,42640000,10749,5000,3329752.0,7350.5979133
42640000,42645000,10750,5000,3330075.0,7350.90354171
42645000,42650000,10751,5000,3330399.0,7351.05853041
42650000,42655000,10752,5000,3330722.0,7351.2393259
42655000,42660000,10753,5000,3331046.0,7351.55333001
42660000,42665000,10754,5000,3331370.0,7351.86385714
42665000,42670000,10755,5000,3331693.0,7352.1811833
42670000,42675000,10756,5000,3332017.0,7352.56085921
42675000,42680000,10757,5000,3332340.0,7352.93686271
42680000,42685000,10758,5000,3332664.0,7353.25838421
42685000,42690000,10759,5000,3332988.0,7353.55804724
42690000,42695000,10760,5000,3333311.0,7353.87103155
42695000,42700000,10761,5000,3333635.0,7354.16926911
42700000,42705000,10762,5000,3333958.0,7354.48111404
42705000,42710000,10763,5000,3334282.0,7354.54418015
42710000,42715000,10764,5000,3334606.0,7354.79996225
42715000,42720000,10765,5000,3334929.0,7354.9973017
42720000,42725000,10766,5000,3335253.0,7355.16799259
42725000,42730000,10767,5000,3335576.0,7355.51253738
42730000,42735000,10768,5000,3335900.0,7355.87240507
42735000,42740000,10769,5000,3336224.0,7356.17832207
42740000,42745000,10770,5000,3336547.0,7356.14234709
42745000,42750000,10771,5000,3336871.0,7356.18768565
42750000,42755000,10772,5000,3337194.0,7356.39849838
42755000,42760000,10773,5000,3337518.0,7356.48549671
42760000,42765000,10774,5000,3337842.0,7356.77574302
42765000,42770000,10775,5000,3338165.0,7356.72793213
42770000,42775000,10776,5000,3338489.0,7356.42857258
42775000,42780000,10777,5000,3338812.0,7356.33442168
42780000,42785000,10778,5000,3339136.0,7356.24948026
42785000,42790000,10779,5000,3339459.0,7356.16974125
42790000,42795000,10780,5000,3339783.0,7355.93623267
42795000,42800000,10781,5000,3340107.0,7355.32468465
42800000,42805000,10782,5000,3340430.0,7354.40144536
42805000,42810000,10783,5000,3340754.0,7354.26669861
42810000,42815000,10784,5000,3341077.0,7353.49005073
42815000,42820000,10785,5000,3341401.0,7352.67627791
42820000,42825000,10786,5000,3341724.0,7352.88405019
42825000,42830000,10787,5000,3342048.0,7353.06878777
42830000,42835000,10788,5000,3342372.0,7353.25624882
42835000,42840000,10789,5000,3342695.0,7353.42891401
42840000,42845000,10790,5000,3343019.0,7353.60584005
42845000,42850000,10791,5000,3343342.0,7353.72143826
42850000,42855000,10792,5000,3343666.0,7353.8392171
42855000,42860000,10793,5000,3343989.0,7353.92906334
42860000,42865000,10794,5000,3344313.0,7353.78687802
42865000,42870000,10795,5000,3344637.0,7353.53430034
42870000,42875000,10796,5000,3344960.0,7353.71346446
42875000,42880000,10797,5000,3345284.0,7353.89090434
42880000,42885000,10798,5000,3345607.0,7353.93691081
42885000,42890000,10799,5000,3345931.0,7354.11634415
42890000,42895000,10800,5000,3346254.0,7354.10220205
42895000,42900000,10801,5000,3346578.0,7354.151134
42900000,42905000,10802,5000,3346901.0,7354.32588419
42905000,42910000,10803,5000,3347225.0,7354.64122364
42910000,42915000,10804,5000,3347549.0,7354.95557745
42915000,42920000,10805,5000,3347872.0,7355.13574676
42920000,42925000,10806,5000,3348196.0,7355.12790622
42925000,42930000,10807,5000,3348519.0,7354.9430713
42930000,42935000,10808,5000,3348843.0,7355.17155308
42935000,42940000,10809,5000,3349166.0,7355.44155283
42940000,42945000,10810,5000,3349490.0,7355.60316169
42945000,42950000,10811,5000,3349814.0,7355.78668183
42950000,42955000,10812,5000,3350137.0,7356.08414664
42955000,42960000,10813,5000,3350461.0,7356.09821618
42960000,42965000,10814,5000,3350784.0,7356.26110188
42965000,42970000,10815,5000,3351108.0,7356.43655807
42970000,42975000,10816,5000,3351431.0,7356.60527369
42975000,42980000,10817,5000,3351755.0,7356.63511163
42980000,42985000,10818,5000,3352078.0,7356.70941152
42985000,42990000,10819,5000,3352402.0,7356.4343207
42990000,42995000,10820,5000,3352726.0,7356.56779632
42995000,43000000,10821,5000,3353049.0,7356.73262946
43000000,43005000,10822,5000,3353373.0,7356.72646723
43005000,43010000,10823,5000,3353688.0,7356.84679248
43010000,43015000,10824,5000,3354003.0,7357.02241828
43015000,43020000,10825,5000,3354318.0,7357.20599503
43020000,43025000,10826,5000,3354633.0,7357.50756447
43025000,43030000,10827,5000,3354948.0,7357.65599969
43030000,43035000,10828,5000,3355263.0,7357.99031494
43035000,43040000,10829,5000,3355578.0,7358.09615019
43040000,43045000,10830,5000,3355893.0,7358.21370073
43045000,43050000,10831,5000,3356208.0,7358.33818333
43050000,43055000,10832,5000,3356523.0,7358.52285084
43055000,43060000,10833,5000,3356838.0,7358.67605563
43060000,43065000,10834,5000,3357153.0,7358.84011014
43065000,43070000,10835,5000,3357469.0,7358.92771398
43070000,43075000,10836,5000,3357784.0,7359.25477168
43075000,43080000,10837,5000,3358099.0,7359.55023335
43080000,43085000,10838,5000,3358414.0,7359.88449837
43085000,43090000,10839,5000,3358729.0,7360.04962766
43090000,43095000,10840,5000,3359044.0,7360.32436594
43095000,43100000,10841,5000,3359359.0,7360.60555609
43100000,43105000,10842,5000,3359674.0,7360.50248656
43105000,43110000,10843,5000,3359989.0,7359.88567586
43110000,43115000,10844,5000,3360304.0,7360.064299
43115000,43120000,10845,5000,3360619.0,7360.41665735
43120000,43125000,10846,5000,3360934.0,7360.76680796
43125000,43130000,10847,5000,3361249.0,7361.0086603
43130000,43135000,10848,5000,3361564.0,7361.28467317
43135000,43140000,10849,5000,3361879.0,7361.58640099
43140000,43145000,10850,5000,3362194.0,7361.8770708
43145000,43150000,10851,5000,3362509.0,7361.95324416
43150000,43155000,10852,5000,3362824.0,7362.10222381
43155000,43160000,10853,5000,3363139.0,7362.38614884
43160000,43165000,10854,5000,3363454.0,7362.61928603
43165000,43170000,10855,5000,3363769.0,7362.96811479
43170000,43175000,10856,5000,3364084.0,7363.13474403
43175000,43180000,10857,5000,3364399.0,7362.52632124
43180000,43185000,10858,5000,3364714.0,7361.80278048
43185000,43190000,10859,5000,3365029.0,7361.19259336
43190000,43195000,10860,5000,3365344.0,7360.57824212
43195000,43200000,10861,5000,3365659.0,7359.82294592
43200000,43205000,10862,5000,3365974.0,7359.20451287
43205000,43210000,10863,5000,3366290.0,7358.5856551
43210000,43215000,10864,5000,3366604.0,7357.9516464
43215000,43220000,10865,5000,3366919.0,7356.53281056
43220000,43225000,10866,5000,3367234.0,7355.91053443
43225000,43230000,10867,5000,3367550.0,7354.44210392
43230000,43235000,10868,5000,3367865.0,7353.70392203
43235000,43240000,10869,5000,3368179.0,7353.08168157
43240000,43245000,10870,5000,3368494.0,7352.47089793
43245000,43250000,10871,5000,3368809.0,7351.83899285
43250000,43255000,10872,5000,3369124.0,7352.18254951
43255000,43260000,10873,5000,3369440.0,7352.53963619
43260000,43265000,10874,5000,3369754.0,7352.82360678
43265000,43270000,10875,5000,3370070.0,7352.77808916
43270000,43275000,10876,5000,3370385.0,7353.00903278
43275000,43280000,10877,5000,3370700.0,7352.95841997
43280000,43285000,10878,5000,3371015.0,7353.04514097
43285000,43290000,10879,5000,3371330.0,7353.12846384
43290000,43295000,10880,5000,3371645.0,7353.09103129
43295000,43300000,10881,5000,3371960.0,7353.26594386
43300000,43305000,10882,5000,3372275.0,7353.431787
43305000,43310000,10883,5000,3372590.0,7353.22195621
43310000,43315000,10884,5000,3372905.0,7353.38906621
43315000,43320000,10885,5000,3373220.0,7353.66702656
43320000,43325000,10886,5000,3373535.0,7353.95813061
43325000,43330000,10887,5000,3373850.0,7354.24231228
43330000,43335000,10888,5000,3374165.0,7354.59773497
43335000,43340000,10889,5000,3374480.0,7354.7300487
43340000,43345000,10890,5000,3374795.0,7354.80019665
43345000,43350000,10891,5000,3375110.0,7354.97421039
43350000,43355000,10892,5000,3375425.0,7355.0830498
43355000,43360000,10893,5000,3375740.0,7354.7721154
43360000,43365000,10894,5000,3376056.0,7354.72557427
43365000,43370000,10895,5000,3376371.0,7354.68780731
43370000,43375000,10896,5000,3376685.0,7353.79390612
43375000,43380000,10897,5000,3377000.0,7353.97913992
43380000,43385000,10898,5000,3377315.0,7354.01801917
43385000,43390000,10899,5000,3377630.0,7354.24261891
43390000,43395000,10900,5000,3377945.0,7354.47730711
43395000,43400000,10901,5000,3378260.0,7354.60052793
43400000,43405000,10902,5000,3378575.0,7354.74006352
43405000,43410000,10903,5000,3378890.0,7355.04194766
43410000,43415000,10904,5000,3379205.0,7355.19767765
43415000,43420000,10905,5000,3379520.0,7355.40917868
43420000,43425000,10906,5000,3379835.0,7355.66096039
43425000,43430000,10907,5000,3380150.0,7355.80363545
43430000,43435000,10908,5000,3380465.0,7355.90779097
43435000,43440000,10909,5000,3380780.0,7356.12165303
43440000,43445000,10910,5000,3381095.0,7356.36376799
43445000,43450000,10911,5000,3381410.0,7356.37471658
43450000,43455000,10912,5000,3381725.0,7356.4411116
43455000,43460000,10913,5000,3382040.0,7356.39494059
43460000,43465000,10914,5000,3382355.0,7356.58234844
43465000,43470000,10915,5000,3382670.0,7356.60194354
43470000,43475000,10916,5000,3382985.0,7356.72027311
43475000,43480000,10917,5000,3383300.0,7356.81182545
43480000,43485000,10918,5000,3383615.0,7356.90697461
43485000,43490000,10919,5000,3383930.0,7357.00567793
43490000,43495000,10920,5000,3384245.0,7357.29577901
43495000,43500000,10921,5000,3384561.0,7357.64880842
43500000,43505000,10922,5000,3384876.0,7357.93633708
43505000,43510000,10923,5000,3385191.0,7358.09280001
43510000,43515000,10924,5000,3385506.0,7358.24818047
43515000,43520000,10925,5000,3385821.0,7358.40631048
43520000,43525000,10926,5000,3386136.0,7358.3063402
43525000,43530000,10927,5000,3386451.0,7358.03417452
43530000,43535000,10928,5000,3386765.0,7357.75606555
43535000,43540000,10929,5000,3387080.0,7357.78346233
43540000,43545000,10930,5000,3387396.0,7357.60957897
43545000,43550000,10931,5000,3387711.0,7357.69860077
43550000,43555000,10932,5000,3388026.0,7357.60294265
43555000,43560000,10933,5000,3388341.0,7357.50968545
43560000,43565000,10934,5000,3388656.0,7357.12856851
43565000,43570000,10935,5000,3388971.0,7357.11051407
43570000,43575000,10936,5000,3389286.0,7357.15080264
43575000,43580000,10937,5000,3389601.0,7357.24876501
43580000,43585000,10938,5000,3389916.0,7357.28498028
43585000,43590000,10939,5000,3390231.0,7357.31540677
43590000,43595000,10940,5000,3390546.0,7357.06221739
43595000,43600000,10941,5000,3390861.0,7357.12832113
43600000,43605000,10942,5000,3391176.0,7357.20459356
43605000,43610000,10943,5000,3391491.0,7357.28334204
43610000,43615000,10944,5000,3391806.0,7357.03523218
43615000,43620000,10945,5000,3392121.0,7357.19528241
43620000,43625000,10946,5000,3392436.0,7357.35422186
43625000,43630000,10947,5000,3392751.0,7357.37504917
43630000,43635000,10948,5000,3393066.0,7357.33424335
43635000,43640000,10949,5000,3393381.0,7357.24289441
43640000,43645000,10950,5000,3393696.0,7357.17820237
43645000,43650000,10951,5000,3394011.0,7356.90862921
43650000,43655000,10952,5000,3394326.0,7356.74531994
43655000,43660000,10953,5000,3394641.0,7356.31575187
43660000,43665000,10954,5000,3394956.0,7356.32912754
43665000,43670000,10955,5000,3395271.0,7356.34328738
43670000,43675000,10956,5000,3395586.0,7356.36424615
43675000,43680000,10957,5000,3395901.0,7356.39569128
43680000,43685000,10958,5000,3396216.0,7356.5558156
43685000,43690000,10959,5000,3396531.0,7356.29403654
43690000,43695000,10960,5000,3396846.0,7355.69215625
43695000,43700000,10961,5000,3397161.0,7355.07970737
43700000,43705000,10962,5000,3397476.0,7354.47489071
43705000,43710000,10963,5000,3397791.0,7354.6581991
43710000,43715000,10964,5000,3398106.0,7354.95296463
43715000,43720000,10965,5000,3398421.0,7355.2448488
43720000,43725000,10966,5000,3398736.0,7355.51330379
43725000,43730000,10967,5000,3399052.0,7355.49038367
43730000,43735000,10968,5000,3399367.0,7355.78892677
43735000,43740000,10969,5000,3399681.0,7355.96286256
43740000,43745000,10970,5000,3399997.0,7356.30804334
43745000,43750000,10971,5000,3400312.0,7356.51017469
43750000,43755000,10972,5000,3400627.0,7356.68243649
43755000,43760000,10973,5000,3400942.0,7356.96084272
43760000,43765000,10974,5000,3401257.0,7357.24094863
43765000,43770000,10975,5000,3401572.0,7357.57900405
43770000,43775000,10976,5000,3401887.0,7357.79867089
43775000,43780000,10977,5000,3402202.0,7357.90403931
43780000,43785000,10978,5000,3402517.0,7357.99470592
43785000,43790000,10979,5000,3402832.0,7358.28044282
43790000,43795000,10980,5000,3403147.0,7358.25687768
43795000,43800000,10981,5000,3403462.0,7358.41827652
43800000,43805000,10982,5000,3403777.0,7358.58688555
43805000,43810000,10983,5000,3404092.0,7358.56409306
43810000,43815000,10984,5000,3404407.0,7358.46478833
43815000,43820000,10985,5000,3404722.0,7358.36812464
43820000,43825000,10986,5000,3405037.0,7358.26944553
43825000,43830000,10987,5000,3405353.0,7358.17466906
43830000,43835000,10988,5000,3405668.0,7358.06002139
43835000,43840000,10989,5000,3405983.0,7357.95744992
43840000,43845000,10990,5000,3406298.0,7357.8391368
43845000,43850000,10991,5000,3406613.0,7357.54148345
43850000,43855000,10992,5000,3406928.0,7356.73006422
43855000,43860000,10993,5000,3407243.0,7356.49528841
43860000,43865000,10994,5000,3407558.0,7356.18360838
43865000,43870000,10995,5000,3407873.0,7356.30389689
43870000,43875000,10996,5000,3408188.0,7356.45760665
43875000,43880000,10997,5000,3408503.0,7356.7987193
43880000,43885000,10998,5000,3408819.0,7357.09038559
43885000,43890000,10999,5000,3409133.0,7357.37354422
43890000,43895000,11000,5000,3409448.0,7357.72506026
43895000,43900000,11001,5000,3409764.0,7358.07886188
43900000,43905000,11002,5000,3410079.0,7358.36443317
43905000,43910000,11003,5000,3410394.0,7358.51641744
43910000,43915000,11004,5000,3410709.0,7358.85788168
43915000,43920000,11005,5000,3411024.0,7358.7609866
43920000,43925000,11006,5000,3411339.0,7358.13074991
43925000,43930000,11007,5000,3411654.0,7357.51390991
43930000,43935000,11008,5000,3411969.0,7356.11137559
43935000,43940000,11009,5000,3412284.0,7355.33705422
43940000,43945000,11010,5000,3412599.0,7354.55369725
43945000,43950000,11011,5000,3412914.0,7354.77649445
43950000,43955000,11012,5000,3413229.0,7355.05581615
43955000,43960000,11013,5000,3413544.0,7355.22193038
43960000,43965000,11014,5000,3413859.0,7355.38342696
43965000,43970000,11015,5000,3414174.0,7355.54266413
43970000,43975000,11016,5000,3414489.0,7355.45253511
43975000,43980000,11017,5000,3414804.0,7355.79122734
43980000,43985000,11018,5000,3415119.0,7356.06069568
43985000,43990000,11019,5000,3415434.0,7356.22573762
43990000,43995000,11020,5000,3415749.0,7356.12844615
43995000,44000000,11021,5000,3416064.0,7355.35207644
44000000,44005000,11022,5000,3416379.0,7355.42924241
44005000,44010000,11023,5000,3416686.0,7355.43851962
44010000,44015000,11024,5000,3416994.0,7355.5883675
44015000,44020000,11025,5000,3417301.0,7355.91511779
44020000,44025000,11026,5000,3417608.0,7356.18895323
44025000,44030000,11027,5000,3417916.0,7356.46249242
44030000,44035000,11028,5000,3418223.0,7356.72775014
44035000,44040000,11029,5000,3418530.0,7356.85926097
44040000,44045000,11030,5000,3418837.0,7357.12574741
44045000,44050000,11031,5000,3419145.0,7357.38397322
44050000,44055000,11032,5000,3419452.0,7357.39981692
44055000,44060000,11033,5000,3419759.0,7357.07753199
44060000,44065000,11034,5000,3420066.0,7357.19712397
44065000,44070000,11035,5000,3420374.0,7357.3183438
44070000,44075000,11036,5000,3420681.0,7357.27057409
44075000,44080000,11037,5000,3420988.0,7357.24107198
44080000,44085000,11038,5000,3421296.0,7357.00743878
44085000,44090000,11039,5000,3421603.0,7357.15235654
44090000,44095000,11040,5000,3421910.0,7356.53739328
44095000,44100000,11041,5000,3422218.0,7355.91787896
44100000,44105000,11042,5000,3422525.0,7354.50028131
44105000,44110000,11043,5000,3422832.0,7354.82590555
44110000,44115000,11044,5000,3423140.0,7355.16757128
44115000,44120000,11045,5000,3423447.0,7355.43214943
44120000,44125000,11046,5000,3423754.0,7355.70369971
44125000,44130000,11047,5000,3424061.0,7355.83692961
44130000,44135000,11048,5000,3424369.0,7355.85258195
44135000,44140000,11049,5000,3424676.0,7355.22457766
44140000,44145000,11050,5000,3424983.0,7354.60790832
44145000,44150000,11051,5000,3425290.0,7353.99199496
44150000,44155000,11052,5000,3425598.0,7353.37196496
44155000,44160000,11053,5000,3425905.0,7353.63204599
44160000,44165000,11054,5000,3426213.0,7352.9912153
44165000,44170000,11055,5000,3426520.0,7353.15514058
44170000,44175000,11056,5000,3426827.0,7353.31364915
44175000,44180000,11057,5000,3427134.0,7353.46107275
44180000,44185000,11058,5000,3427441.0,7353.5629158
44185000,44190000,11059,5000,3427749.0,7353.8356776
44190000,44195000,11060,5000,3428056.0,7353.98216687
44195000,44200000,11061,5000,3428363.0,7354.13321677
44200000,44205000,11062,5000,3428670.0,7354.28518605
44205000,44210000,11063,5000,3428978.0,7354.39506808
44210000,44215000,11064,5000,3429285.0,7354.69172034
44215000,44220000,11065,5000,3429592.0,7354.76678078
44220000,44225000,11066,5000,3429899.0,7354.72739462
44225000,44230000,11067,5000,3430206.0,7354.65646126
44230000,44235000,11068,5000,3430514.0,7354.77467787
44235000,44240000,11069,5000,3430821.0,7354.88234277
44240000,44245000,11070,5000,3431128.0,7355.09845034
44245000,44250000,11071,5000,3431436.0,7355.37176333
44250000,44255000,11072,5000,3431743.0,7355.30992131
44255000,44260000,11073,5000,3432050.0,7355.45918113
44260000,44265000,11074,5000,3432357.0,7355.48458452
44265000,44270000,11075,5000,3432665.0,7355.61733518
44270000,44275000,11076,5000,3432972.0,7355.74009307
44275000,44280000,11077,5000,3433279.0,7355.85865477
44280000,44285000,11078,5000,3433587.0,7355.95594122
44285000,44290000,11079,5000,3433894.0,7355.88155056
44290000,44295000,11080,5000,3434202.0,7355.86081765
44295000,44300000,11081,5000,3434509.0,7356.00258511
44300000,44305000,11082,5000,3434816.0,7356.09193547
44305000,44310000,11083,5000,3435123.0,7355.92392225
44310000,44315000,11084,5000,3435430.0,7356.22581006
44315000,44320000,11085,5000,3435737.0,7356.32988018
44320000,44325000,11086,5000,3436045.0,7356.46015684
44325000,44330000,11087,5000,3436352.0,7356.64259236
44330000,44335000,11088,5000,3436659.0,7356.90612725
44335000,44340000,11089,5000,3436967.0,7357.03126894
44340000,44345000,11090,5000,3437274.0,7357.36950439
44345000,44350000,11091,5000,3437581.0,7357.64744476
44350000,44355000,11092,5000,3437888.0,7357.57403648
44355000,44360000,11093,5000,3438195.0,7357.69901727
44360000,44365000,11094,5000,3438503.0,7357.58084423
44365000,44370000,11095,5000,3438810.0,7357.46029015
44370000,44375000,11096,5000,3439117.0,7357.34964221
44375000,44380000,11097,5000,3439425.0,7357.47584808
44380000,44385000,11098,5000,3439732.0,7357.74768067
44385000,44390000,11099,5000,3440039.0,7358.01689949
44390000,44395000,11100,5000,3440347.0,7357.96523826
44395000,44400000,11101,5000,3440654.0,7357.66778354
44400000,44405000,11102,5000,3440961.0,7357.40388058
44405000,44410000,11103,5000,3441268.0,7357.14586374
44410000,44415000,11104,5000,3441576.0,7356.8913535
44415000,44420000,11105,5000,3441883.0,7355.9918723
44420000,44425000,11106,5000,3442190.0,7356.26092481
44425000,44430000,11107,5000,3442498.0,7356.29368375
44430000,44435000,11108,5000,3442805.0,7356.322985
44435000,44440000,11109,5000,3443112.0,7356.65714109
44440000,44445000,11110,5000,3443420.0,7356.99821263
44445000,44450000,11111,5000,3443727.0,7357.24269888
44450000,44455000,11112,5000,3444034.0,7357.49233298
44455000,44460000,11113,5000,3444341.0,7357.76071748
44460000,44465000,11114,5000,3444649.0,7358.03081632
44465000,44470000,11115,5000,3444956.0,7358.29870576
44470000,44475000,11116,5000,3445263.0,7358.56636462
44475000,44480000,11117,5000,3445571.0,7358.90361716
44480000,44485000,11118,5000,3445878.0,7359.17511161
44485000,44490000,11119,5000,3446185.0,7359.44262081
44490000,44495000,11120,5000,3446492.0,7359.58967128
44495000,44500000,11121,5000,3446800.0,7359.71939511
44500000,44505000,11122,5000,3447107.0,7359.98053702
44505000,44510000,11123,5000,3447414.0,7360.24697853
44510000,44515000,11124,5000,3447722.0,7360.253252
44515000,44520000,11125,5000,3448029.0,7360.39034506
44520000,44525000,11126,5000,3448336.0,7360.40806354
44525000,44530000,11127,5000,3448644.0,7360.55465966
44530000,44535000,11128,5000,3448951.0,7360.68857311
44535000,44540000,11129,5000,3449258.0,7360.06157668
44540000,44545000,11130,5000,3449565.0,7359.25393012
44545000,44550000,11131,5000,3449873.0,7358.62195352
44550000,44555000,11132,5000,3450180.0,7358.9126292
44555000,44560000,11133,5000,3450487.0,7359.18519034
44560000,44565000,11134,5000,3450795.0,7359.51797826
44565000,44570000,11135,5000,3451102.0,7359.66157686
44570000,44575000,11136,5000,3451409.0,7359.92603515
44575000,44580000,11137,5000,3451716.0,7359.92754818
44580000,44585000,11138,5000,3452024.0,7359.89069072
44585000,44590000,11139,5000,3452331.0,7360.10538151
44590000,44595000,11140,5000,3452638.0,7360.22425327
44595000,44600000,11141,5000,3452945.0,7360.17274397
44600000,44605000,11142,5000,3453252.0,7360.44329513
44605000,44610000,11143,5000,3453560.0,7360.37655374
44610000,44615000,11144,5000,3453867.0,7360.47541606
44615000,44620000,11145,5000,3454174.0,7360.74535931
44620000,44625000,11146,5000,3454481.0,7361.0207642
44625000,44630000,11147,5000,3454789.0,7361.16908862
44630000,44635000,11148,5000,3455096.0,7360.9330539
44635000,44640000,11149,5000,3455403.0,7360.90399195
44640000,44645000,11150,5000,3455711.0,7360.88368206
44645000,44650000,11151,5000,3456018.0,7360.83040893
44650000,44655000,11152,5000,3456325.0,7360.52378703
44655000,44660000,11153,5000,3456632.0,7360.62521063
44660000,44665000,11154,5000,3456940.0,7360.90927337
44665000,44670000,11155,5000,3457247.0,7361.05450912
44670000,44675000,11156,5000,3457554.0,7361.31876881
44675000,44680000,11157,5000,3457861.0,7361.5864382
44680000,44685000,11158,5000,3458168.0,7361.85017486
44685000,44690000,11159,5000,3458476.0,7361.902659
44690000,44695000,11160,5000,3458783.0,7362.15109601
44695000,44700000,11161,5000,3459091.0,7362.41564448
44700000,44705000,11162,5000,3459398.0,7362.63376475
44705000,44710000,11163,5000,3459705.0,7362.89462413
44710000,44715000,11164,5000,3460013.0,7363.07824991
44715000,44720000,11165,5000,3460320.0,7363.34641807
44720000,44725000,11166,5000,3460627.0,7363.49079783
44725000,44730000,11167,5000,3460935.0,7363.21330626
44730000,44735000,11168,5000,3461242.0,7362.98917151
44735000,44740000,11169,5000,3461549.0,7362.87103837
44740000,44745000,11170,5000,3461856.0,7362.81375228
44745000,44750000,11171,5000,3462164.0,7362.78496736
44750000,44755000,11172,5000,3462471.0,7362.92749497
44755000,44760000,11173,5000,3462778.0,7363.02316037
44760000,44765000,11174,5000,3463085.0,7362.86589415
44765000,44770000,11175,5000,3463393.0,7362.84312648
44770000,44775000,11176,5000,3463700.0,7363.07536423
44775000,44780000,11177,5000,3464008.0,7363.27738097
44780000,44785000,11178,5000,3464315.0,7363.3717469
44785000,44790000,11179,5000,3464623.0,7363.48937984
44790000,44795000,11180,5000,3464930.0,7363.55274485
44795000,44800000,11181,5000,3465237.0,7363.44377562
44800000,44805000,11182,5000,3465544.0,7363.6985443
44805000,44810000,11183,5000,3465851.0,7363.853186
44810000,44815000,11184,5000,3466159.0,7363.53305043
44815000,44820000,11185,5000,3466466.0,7363.21087546
44820000,44825000,11186,5000,3466773.0,7362.59962619
44825000,44830000,11187,5000,3467081.0,7362.49867283
44830000,44835000,11188,5000,3467388.0,7361.87983142
44835000,44840000,11189,5000,3467695.0,7362.13282149
44840000,44845000,11190,5000,3468003.0,7362.2865745
44845000,44850000,11191,5000,3468310.0,7362.37273384
44850000,44855000,11192,5000,3468617.0,7362.536599
44855000,44860000,11193,5000,3468924.0,7362.78449747
44860000,44865000,11194,5000,3469232.0,7362.08045034
44865000,44870000,11195,5000,3469539.0,7361.96459073
44870000,44875000,11196,5000,3469846.0,7361.75678604
44875000,44880000,11197,5000,3470154.0,7361.56252228
44880000,44885000,11198,5000,3470461.0,7361.27076051
44885000,44890000,11199,5000,3470768.0,7360.98778687
44890000,44895000,11200,5000,3471075.0,7360.54058938
44895000,44900000,11201,5000,3471383.0,7360.34309866
44900000,44905000,11202,5000,3471690.0,7360.22138424
44905000,44910000,11203,5000,3471997.0,7360.09186504
44910000,44915000,11204,5000,3472305.0,7360.41530518
44915000,44920000,11205,5000,3472612.0,7360.68432936
44920000,44925000,11206,5000,3472919.0,7360.868375
44925000,44930000,11207,5000,3473227.0,7361.1078736
44930000,44935000,11208,5000,3473534.0,7361.38052784
44935000,44940000,11209,5000,3473841.0,7361.71434357
44940000,44945000,11210,5000,3474149.0,7361.80140598
44945000,44950000,11211,5000,3474456.0,7362.08284089
44950000,44955000,11212,5000,3474763.0,7362.39831562
44955000,44960000,11213,5000,3475071.0,7362.53354241
44960000,44965000,11214,5000,3475378.0,7362.65535243
44965000,44970000,11215,5000,3475685.0,7362.78934209
44970000,44975000,11216,5000,3475992.0,7362.6687158
44975000,44980000,11217,5000,3476300.0,7362.00442296
44980000,44985000,11218,5000,3476607.0,7362.27628067
44985000,44990000,11219,5000,3476915.0,7362.12275824
44990000,44995000,11220,5000,3477222.0,7361.35157201
44995000,45000000,11221,5000,3477529.0,7361.49405159
45000000,45005000,11222,5000,3477837.0,7361.59691816
45005000,45010000,11223,5000,3478156.0,7361.73445267
45010000,45015000,11224,5000,3478474.0,7361.75355908
45015000,45020000,11225,5000,3478793.0,7361.49069386
45020000,45025000,11226,5000,3479112.0,7361.77544806
45025000,45030000,11227,5000,3479431.0,7361.96643063
45030000,45035000,11228,5000,3479749.0,7362.04147274
45035000,45040000,11229,5000,3480068.0,7362.21993277
45040000,45045000,11230,5000,3480387.0,7362.40427277
45045000,45050000,11231,5000,3480705.0,7362.58411886
45050000,45055000,11232,5000,3481024.0,7362.76741492
45055000,45060000,11233,5000,3481343.0,7362.69572515
45060000,45065000,11234,5000,3481662.0,7361.35247713
45065000,45070000,11235,5000,3481981.0,7360.78006575
45070000,45075000,11236,5000,3482299.0,7361.1418915
45075000,45080000,11237,5000,3482618.0,7361.32488203
45080000,45085000,11238,5000,3482937.0,7361.49834043
45085000,45090000,11239,5000,3483255.0,7361.67996289
45090000,45095000,11240,5000,3483574.0,7362.04170606
45095000,45100000,11241,5000,3483893.0,7362.2262871
45100000,45105000,11242,5000,3484212.0,7362.40897418
45105000,45110000,11243,5000,3484531.0,7362.70788258
45110000,45115000,11244,5000,3484849.0,7362.88571419
45115000,45120000,11245,5000,3485168.0,7363.18708137
45120000,45125000,11246,5000,3485487.0,7363.49325815
45125000,45130000,11247,5000,3485805.0,7363.79847126
45130000,45135000,11248,5000,3486124.0,7363.98164867
45135000,45140000,11249,5000,3486443.0,7363.91437529
45140000,45145000,11250,5000,3486762.0,7364.09463683
45145000,45150000,11251,5000,3487081.0,7364.02847197
45150000,45155000,11252,5000,3487399.0,7363.95886676
45155000,45160000,11253,5000,3487718.0,7364.14371096
45160000,45165000,11254,5000,3488037.0,7364.3206013
45165000,45170000,11255,5000,3488356.0,7364.49559954
45170000,45175000,11256,5000,3488674.0,7364.42775858
45175000,45180000,11257,5000,3488993.0,7364.57945218
45180000,45185000,11258,5000,3489312.0,7364.7646496
45185000,45190000,11259,5000,3489631.0,7364.69727769
45190000,45195000,11260,5000,3489949.0,7365.05896005
45195000,45200000,11261,5000,3490268.0,7365.24205266
45200000,45205000,11262,5000,3490587.0,7365.54530811
45205000,45210000,11263,5000,3490905.0,7365.85257795
45210000,45215000,11264,5000,3491224.0,7366.03362721
45215000,45220000,11265,5000,3491543.0,7366.21754605
45220000,45225000,11266,5000,3491861.0,7366.52168095
45225000,45230000,11267,5000,3492180.0,7366.82921412
45230000,45235000,11268,5000,3492499.0,7367.01269027
45235000,45240000,11269,5000,3492818.0,7366.94301805
45240000,45245000,11270,5000,3493136.0,7367.29954068
45245000,45250000,11271,5000,3493455.0,7367.65619698
45250000,45255000,11272,5000,3493774.0,7367.83901245
45255000,45260000,11273,5000,3494093.0,7368.14388121
45260000,45265000,11274,5000,3494412.0,7368.07304564
45265000,45270000,11275,5000,3494730.0,7368.00563073
45270000,45275000,11276,5000,3495049.0,7368.04022562
45275000,45280000,11277,5000,3495368.0,7368.22437115
45280000,45285000,11278,5000,3495686.0,7368.40116687
45285000,45290000,11279,5000,3496005.0,7368.58420863
45290000,45295000,11280,5000,3496324.0,7368.76556357
45295000,45300000,11281,5000,3496643.0,7368.94362131
45300000,45305000,11282,5000,3496961.0,7368.87843482
45305000,45310000,11283,5000,3497280.0,7369.2443538
45310000,45315000,11284,5000,3497599.0,7369.4280064
45315000,45320000,11285,5000,3497918.0,7369.36083865
45320000,45325000,11286,5000,3498237.0,7369.28263631
45325000,45330000,11287,5000,3498555.0,7369.46405293
45330000,45335000,11288,5000,3498874.0,7369.64261482
45335000,45340000,11289,5000,3499193.0,7369.57554428
45340000,45345000,11290,5000,3499512.0,7369.50751037
45345000,45350000,11291,5000,3499830.0,7369.43856096
45350000,45355000,11292,5000,3500149.0,7369.61744734
45355000,45360000,11293,5000,3500468.0,7369.79727533
45360000,45365000,11294,5000,3500787.0,7369.7327448
45365000,45370000,11295,5000,3501106.0,7369.76512287
45370000,45375000,11296,5000,3501424.0,7370.13510196
45375000,45380000,11297,5000,3501743.0,7370.31968023
45380000,45385000,11298,5000,3502062.0,7370.49933378
45385000,45390000,11299,5000,3502381.0,7370.67895966
45390000,45395000,11300,5000,3502699.0,7370.85303284
45395000,45400000,11301,5000,3503018.0,7370.78393244
45400000,45405000,11302,5000,3503337.0,7370.96342331
45405000,45410000,11303,5000,3503656.0,7371.12916206
45410000,45415000,11304,5000,3503975.0,7371.04373948
45415000,45420000,11305,5000,3504293.0,7370.25205397
45420000,45425000,11306,5000,3504612.0,7369.56131113
45425000,45430000,11307,5000,3504931.0,7368.86459586
45430000,45435000,11308,5000,3505250.0,7368.10993573
45435000,45440000,11309,5000,3505568.0,7367.53361622
45440000,45445000,11310,5000,3505887.0,7367.88274049
45445000,45450000,11311,5000,3506206.0,7368.18228063
45450000,45455000,11312,5000,3506525.0,7368.46956024
45455000,45460000,11313,5000,3506844.0,7368.76653362
45460000,45465000,11314,5000,3507163.0,7368.8141839
45465000,45470000,11315,5000,3507481.0,7369.10663261
45470000,45475000,11316,5000,3507800.0,7369.40447816
45475000,45480000,11317,5000,3508119.0,7369.56478482
45480000,45485000,11318,5000,3508437.0,7369.6174372
45485000,45490000,11319,5000,3508756.0,7369.79624991
45490000,45495000,11320,5000,3509075.0,7369.89535543
45495000,45500000,11321,5000,3509393.0,7370.05498238
45500000,45505000,11322,5000,3509712.0,7370.17768394
45505000,45510000,11323,5000,3510031.0,7370.14002803
45510000,45515000,11324,5000,3510350.0,7370.30745506
45515000,45520000,11325,5000,3510668.0,7370.46514886
45520000,45525000,11326,5000,3510987.0,7370.61905448
45525000,45530000,11327,5000,3511306.0,7370.90931254
45530000,45535000,11328,5000,3511625.0,7371.19606199
45535000,45540000,11329,5000,3511944.0,7371.48268943
45540000,45545000,11330,5000,3512262.0,7371.84312863
45545000,45550000,11331,5000,3512581.0,7372.01250776
45550000,45555000,11332,5000,3512900.0,7371.97606931
45555000,45560000,11333,5000,3513219.0,7371.81768666
45560000,45565000,11334,5000,3513538.0,7371.86264896
45565000,45570000,11335,5000,3513856.0,7372.04199219
45570000,45575000,11336,5000,3514175.0,7372.05584199
45575000,45580000,11337,5000,3514494.0,7372.25719284
45580000,45585000,11338,5000,3514812.0,7371.96550448
45585000,45590000,11339,5000,3515131.0,7371.67170252
45590000,45595000,11340,5000,3515450.0,7371.59734675
45595000,45600000,11341,5000,3515769.0,7371.52244954
45600000,45605000,11342,5000,3516087.0,7371.44564413
45605000,45610000,11343,5000,3516406.0,7370.72320443
45610000,45615000,11344,5000,3516725.0,7370.95908111
45615000,45620000,11345,5000,3517044.0,7371.07568491
45620000,45625000,11346,5000,3517362.0,7371.31369344
45625000,45630000,11347,5000,3517681.0,7371.43155156
45630000,45635000,11348,5000,3518000.0,7371.60019474
45635000,45640000,11349,5000,3518319.0,7371.82812662
45640000,45645000,11350,5000,3518638.0,7371.98714339
45645000,45650000,11351,5000,3518957.0,7372.17306294
45650000,45655000,11352,5000,3519275.0,7372.23219573
45655000,45660000,11353,5000,3519594.0,7372.47928691
45660000,45665000,11354,5000,3519913.0,7372.59323182
45665000,45670000,11355,5000,3520232.0,7372.76355299
45670000,45675000,11356,5000,3520550.0,7372.93825822
45675000,45680000,11357,5000,3520869.0,7373.10845594
45680000,45685000,11358,5000,3521188.0,7373.4680773
45685000,45690000,11359,5000,3521507.0,7373.76970747
45690000,45695000,11360,5000,3521825.0,7374.07291711
45695000,45700000,11361,5000,3522144.0,7373.79751249
45700000,45705000,11362,5000,3522463.0,7373.95702122
45705000,45710000,11363,5000,3522782.0,7373.91629446
45710000,45715000,11364,5000,3523100.0,7373.87054984
45715000,45720000,11365,5000,3523419.0,7373.83784533
45720000,45725000,11366,5000,3523738.0,7374.19332247
45725000,45730000,11367,5000,3524057.0,7374.53582569
45730000,45735000,11368,5000,3524375.0,7374.70682157
45735000,45740000,11369,5000,3524694.0,7374.81372084
45740000,45745000,11370,5000,3525013.0,7375.10212629
45745000,45750000,11371,5000,3525332.0,7375.26984937
45750000,45755000,11372,5000,3525650.0,7375.43017173
45755000,45760000,11373,5000,3525969.0,7375.58787034
45760000,45765000,11374,5000,3526288.0,7375.75525023
45765000,45770000,11375,5000,3526607.0,7375.51517734
45770000,45775000,11376,5000,3526925.0,7375.27339963
45775000,45780000,11377,5000,3527244.0,7374.61823169
45780000,45785000,11378,5000,3527563.0,7374.95792516
45785000,45790000,11379,5000,3527882.0,7375.12991518
45790000,45795000,11380,5000,3528201.0,7375.05000604
45795000,45800000,11381,5000,3528519.0,7375.21988547
45800000,45805000,11382,5000,3528838.0,7375.36872635
45805000,45810000,11383,5000,3529157.0,7375.33095063
45810000,45815000,11384,5000,3529476.0,7375.28627424
45815000,45820000,11385,5000,3529794.0,7375.45112166
45820000,45825000,11386,5000,3530113.0,7375.49651063
45825000,45830000,11387,5000,3530432.0,7375.52833614
45830000,45835000,11388,5000,3530751.0,7375.28756282
45835000,45840000,11389,5000,3531069.0,7375.44589734
45840000,45845000,11390,5000,3531388.0,7375.65142963
45845000,45850000,11391,5000,3531707.0,7375.75764362
45850000,45855000,11392,5000,3532026.0,7376.04298221
45855000,45860000,11393,5000,3532345.0,7375.47308483
45860000,45865000,11394,5000,3532663.0,7374.90122837
45865000,45870000,11395,5000,3532982.0,7374.32647635
45870000,45875000,11396,5000,3533301.0,7373.755737
45875000,45880000,11397,5000,3533619.0,7373.05367166
45880000,45885000,11398,5000,3533938.0,7371.54656682
45885000,45890000,11399,5000,3534257.0,7370.84413685
45890000,45895000,11400,5000,3534576.0,7369.30151433
45895000,45900000,11401,5000,3534894.0,7368.73385127
45900000,45905000,11402,5000,3535213.0,7368.16463218
45905000,45910000,11403,5000,3535532.0,7367.59866388
45910000,45915000,11404,5000,3535851.0,7367.77935374
45915000,45920000,11405,5000,3536169.0,7367.95099658
45920000,45925000,11406,5000,3536488.0,7368.12120104
45925000,45930000,11407,5000,3536807.0,7368.28200249
45930000,45935000,11408,5000,3537126.0,7368.009884
45935000,45940000,11409,5000,3537444.0,7367.13961525
45940000,45945000,11410,5000,3537763.0,7366.36625918
45945000,45950000,11411,5000,3538082.0,7365.58337432
45950000,45955000,11412,5000,3538401.0,7364.84808944
45955000,45960000,11413,5000,3538719.0,7363.50239541
45960000,45965000,11414,5000,3539038.0,7362.74816116
45965000,45970000,11415,5000,3539357.0,7362.06201256
45970000,45975000,11416,5000,3539676.0,7361.44869307
45975000,45980000,11417,5000,3539995.0,7360.11636901
45980000,45985000,11418,5000,3540313.0,7359.55009628
45985000,45990000,11419,5000,3540632.0,7358.08992753
45990000,45995000,11420,5000,3540951.0,7357.51130029
45995000,46000000,11421,5000,3541270.0,7356.94686478
46000000,46005000,11422,5000,3541589.0,7356.37638419
46005000,46010000,11423,5000,3541902.0,7355.66733235
46010000,46015000,11424,5000,3542216.0,7354.99838391
46015000,46020000,11425,5000,3542530.0,7353.4398638
46020000,46025000,11426,5000,3542844.0,7352.68575682
46025000,46030000,11427,5000,3543158.0,7352.8609905
46030000,46035000,11428,5000,3543471.0,7353.09357655
46035000,46040000,11429,5000,3543785.0,7353.37784591
46040000,46045000,11430,5000,3544099.0,7353.65178456
46045000,46050000,11431,5000,3544413.0,7353.99284878
46050000,46055000,11432,5000,3544726.0,7354.08094153
46055000,46060000,11433,5000,3545040.0,7354.16898929
46060000,46065000,11434,5000,3545354.0,7353.5152524
46065000,46070000,11435,5000,3545668.0,7353.78544247
46070000,46075000,11436,5000,3545981.0,7353.97307518
46075000,46080000,11437,5000,3546295.0,7354.05081989
46080000,46085000,11438,5000,3546609.0,7354.22319123
46085000,46090000,11439,5000,3546922.0,7353.48583664
46090000,46095000,11440,5000,3547236.0,7353.8099161
46095000,46100000,11441,5000,3547550.0,7353.96233055
46100000,46105000,11442,5000,3547864.0,7354.19941433
46105000,46110000,11443,5000,3548177.0,7354.4883046
46110000,46115000,11444,5000,3548491.0,7354.57082908
46115000,46120000,11445,5000,3548805.0,7354.65384592
46120000,46125000,11446,5000,3549119.0,7354.73680271
46125000,46130000,11447,5000,3549433.0,7354.7517609
46130000,46135000,11448,5000,3549747.0,7354.85203783
46135000,46140000,11449,5000,3550060.0,7355.12537483
46140000,46145000,11450,5000,3550374.0,7355.30207443
46145000,46150000,11451,5000,3550688.0,7355.56219554
46150000,46155000,11452,5000,3551002.0,7355.66750596
46155000,46160000,11453,5000,3551316.0,7355.88820032
46160000,46165000,11454,5000,3551629.0,7356.00322499
46165000,46170000,11455,5000,3551943.0,7356.00109658
46170000,46175000,11456,5000,3552257.0,7356.17615989
46175000,46180000,11457,5000,3552571.0,7356.34242616
46180000,46185000,11458,5000,3552884.0,7356.31514875
46185000,46190000,11459,5000,3553198.0,7356.35990413
46190000,46195000,11460,5000,3553512.0,7356.51271639
46195000,46200000,11461,5000,3553826.0,7356.62699235
46200000,46205000,11462,5000,3554140.0,7356.62796103
46205000,46210000,11463,5000,3554453.0,7356.63165527
46210000,46215000,11464,5000,3554767.0,7356.79027782
46215000,46220000,11465,5000,3555081.0,7357.05671933
46220000,46225000,11466,5000,3555395.0,7357.14087783
46225000,46230000,11467,5000,3555709.0,7357.32333589
46230000,46235000,11468,5000,3556022.0,7357.4412727
46235000,46240000,11469,5000,3556336.0,7357.47766484
46240000,46245000,11470,5000,3556650.0,7357.81781449
46245000,46250000,11471,5000,3556964.0,7357.22545869
46250000,46255000,11472,5000,3557277.0,7356.55778319
46255000,46260000,11473,5000,3557591.0,7355.79956201
46260000,46265000,11474,5000,3557905.0,7355.22865287
46265000,46270000,11475,5000,3558219.0,7353.85562885
46270000,46275000,11476,5000,3558533.0,7352.40070131
46275000,46280000,11477,5000,3558846.0,7351.83188005
46280000,46285000,11478,5000,3559160.0,7351.5804274
46285000,46290000,11479,5000,3559474.0,7351.48536483
46290000,46295000,11480,5000,3559788.0,7351.5485283
46295000,46300000,11481,5000,3560102.0,7351.59756226
46300000,46305000,11482,5000,3560415.0,7351.56289041
46305000,46310000,11483,5000,3560729.0,7351.58957217
46310000,46315000,11484,5000,3561043.0,7351.41365883
46315000,46320000,11485,5000,3561356.0,7351.24814794
46320000,46325000,11486,5000,3561670.0,7351.41010631
46325000,46330000,11487,5000,3561984.0,7351.5083758
46330000,46335000,11488,5000,3562298.0,7350.82483817
46335000,46340000,11489,5000,3562611.0,7350.99444768
46340000,46345000,11490,5000,3562925.0,7351.040407
46345000,46350000,11491,5000,3563239.0,7351.21490451
46350000,46355000,11492,5000,3563553.0,7351.33696633
46355000,46360000,11493,5000,3563866.0,7351.50820489
46360000,46365000,11494,5000,3564180.0,7351.55691462
46365000,46370000,11495,5000,3564494.0,7351.54903148
46370000,46375000,11496,5000,3564808.0,7351.73140574
46375000,46380000,11497,5000,3565122.0,7351.96515401
46380000,46385000,11498,5000,3565436.0,7352.07110521
46385000,46390000,11499,5000,3565749.0,7351.98541154
46390000,46395000,11500,5000,3566063.0,7350.65092944
46395000,46400000,11501,5000,3566377.0,7350.07483975
46400000,46405000,11502,5000,3566691.0,7349.49565604
46405000,46410000,11503,5000,3567004.0,7349.62534219
46410000,46415000,11504,5000,3567318.0,7349.65243439
46415000,46420000,11505,5000,3567632.0,7349.75639594
46420000,46425000,11506,5000,3567946.0,7349.71205923
46425000,46430000,11507,5000,3568260.0,7349.46170162
46430000,46435000,11508,5000,3568573.0,7349.277049
46435000,46440000,11509,5000,3568887.0,7348.68938384
46440000,46445000,11510,5000,3569201.0,7349.03203428
46445000,46450000,11511,5000,3569515.0,7349.20334104
46450000,46455000,11512,5000,3569829.0,7349.55052273
46455000,46460000,11513,5000,3570142.0,7349.83348807
46460000,46465000,11514,5000,3570456.0,7350.18511873
46465000,46470000,11515,5000,3570770.0,7350.47529177
46470000,46475000,11516,5000,3571084.0,7350.76204565
46475000,46480000,11517,5000,3571398.0,7350.9195296
46480000,46485000,11518,5000,3571712.0,7350.83133868
46485000,46490000,11519,5000,3572025.0,7350.72870472
46490000,46495000,11520,5000,3572339.0,7350.62854594
46495000,46500000,11521,5000,3572653.0,7350.37853352
46500000,46505000,11522,5000,3572967.0,7349.80511564
46505000,46510000,11523,5000,3573281.0,7349.11362501
46510000,46515000,11524,5000,3573594.0,7349.02385662
46515000,46520000,11525,5000,3573908.0,7349.36459459
46520000,46525000,11526,5000,3574222.0,7349.69132357
46525000,46530000,11527,5000,3574536.0,7349.84540622
46530000,46535000,11528,5000,3574849.0,7350.12545566
46535000,46540000,11529,5000,3575163.0,7350.2083168
46540000,46545000,11530,5000,3575477.0,7350.35592603
46545000,46550000,11531,5000,3575791.0,7350.52103059
46550000,46555000,11532,5000,3576104.0,7350.44208922
46555000,46560000,11533,5000,3576418.0,7350.59703605
46560000,46565000,11534,5000,3576732.0,7350.3495213
46565000,46570000,11535,5000,3577046.0,7350.68319975
46570000,46575000,11536,5000,3577360.0,7350.97164171
46575000,46580000,11537,5000,3577673.0,7351.13228067
46580000,46585000,11538,5000,3577987.0,7351.29395565
46585000,46590000,11539,5000,3578301.0,7351.45197246
46590000,46595000,11540,5000,3578615.0,7351.37309143
46595000,46600000,11541,5000,3578928.0,7351.32782024
46600000,46605000,11542,5000,3579242.0,7351.05476207
46605000,46610000,11543,5000,3579556.0,7350.95366282
46610000,46615000,11544,5000,3579870.0,7350.95994991
46615000,46620000,11545,5000,3580183.0,7350.86897436
46620000,46625000,11546,5000,3580497.0,7351.0225054
46625000,46630000,11547,5000,3580811.0,7351.18253568
46630000,46635000,11548,5000,3581125.0,7351.33303551
46635000,46640000,11549,5000,3581439.0,7351.30911051
46640000,46645000,11550,5000,3581752.0,7351.65315503
46645000,46650000,11551,5000,3582066.0,7351.61313507
46650000,46655000,11552,5000,3582380.0,7351.35894389
46655000,46660000,11553,5000,3582694.0,7351.70546469
46660000,46665000,11554,5000,3583007.0,7351.91333612
46665000,46670000,11555,5000,3583321.0,7352.20013589
46670000,46675000,11556,5000,3583635.0,7352.47890189
46675000,46680000,11557,5000,3583949.0,7352.68262177
46680000,46685000,11558,5000,3584262.0,7352.809406
46685000,46690000,11559,5000,3584576.0,7353.14501247
46690000,46695000,11560,5000,3584890.0,7353.41694125
46695000,46700000,11561,5000,3585204.0,7353.47089404
46700000,46705000,11562,5000,3585517.0,7353.81240432
46705000,46710000,11563,5000,3585831.0,7353.95248328
46710000,46715000,11564,5000,3586145.0,7354.11576346
46715000,46720000,11565,5000,3586459.0,7354.26021808
46720000,46725000,11566,5000,3586773.0,7354.24413508
46725000,46730000,11567,5000,3587086.0,7354.56690631
46730000,46735000,11568,5000,3587400.0,7354.67824955
46735000,46740000,11569,5000,3587714.0,7354.96304666
46740000,46745000,11570,5000,3588028.0,7354.97058919
46745000,46750000,11571,5000,3588342.0,7355.13272983
46750000,46755000,11572,5000,3588655.0,7355.29259117
46755000,46760000,11573,5000,3588969.0,7355.4656515
46760000,46765000,11574,5000,3589283.0,7355.47237938
46765000,46770000,11575,5000,3589597.0,7355.18781863
46770000,46775000,11576,5000,3589911.0,7355.27428919
46775000,46780000,11577,5000,3590224.0,7355.54034437
46780000,46785000,11578,5000,3590538.0,7355.51421279
46785000,46790000,11579,5000,3590852.0,7355.42545577
46790000,46795000,11580,5000,3591166.0,7354.73582119
46795000,46800000,11581,5000,3591479.0,7354.65636867
46800000,46805000,11582,5000,3591793.0,7354.57435488
46805000,46810000,11583,5000,3592107.0,7354.4954303
46810000,46815000,11584,5000,3592421.0,7354.41545151
46815000,46820000,11585,5000,3592734.0,7354.73833281
46820000,46825000,11586,5000,3593048.0,7354.90381395
46825000,46830000,11587,5000,3593362.0,7355.18073459
46830000,46835000,11588,5000,3593676.0,7355.45975619
46835000,46840000,11589,5000,3593990.0,7355.43775244
46840000,46845000,11590,5000,3594303.0,7354.66907551
46845000,46850000,11591,5000,3594617.0,7354.47607585
46850000,46855000,11592,5000,3594931.0,7354.39659264
46855000,46860000,11593,5000,3595245.0,7353.83480867
46860000,46865000,11594,5000,3595559.0,7353.72859072
46865000,46870000,11595,5000,3595872.0,7353.87994907
46870000,46875000,11596,5000,3596186.0,7353.92364283
46875000,46880000,11597,5000,3596500.0,7353.95579618
46880000,46885000,11598,5000,3596814.0,7353.28373336
46885000,46890000,11599,5000,3597128.0,7352.43479881
46890000,46895000,11600,5000,3597441.0,7352.68590507
46895000,46900000,11601,5000,3597755.0,7352.65486818
46900000,46905000,11602,5000,3598069.0,7352.81957247
46905000,46910000,11603,5000,3598383.0,7353.11109909
46910000,46915000,11604,5000,3598697.0,7353.37263863
46915000,46920000,11605,5000,3599010.0,7353.53818501
46920000,46925000,11606,5000,3599324.0,7353.69411149
46925000,46930000,11607,5000,3599638.0,7353.85757515
46930000,46935000,11608,5000,3599952.0,7354.02024748
46935000,46940000,11609,5000,3600265.0,7354.35657589
46940000,46945000,11610,5000,3600579.0,7354.51675222
46945000,46950000,11611,5000,3600893.0,7354.78435937
46950000,46955000,11612,5000,3601207.0,7354.97681481
46955000,46960000,11613,5000,3601520.0,7355.21289846
46960000,46965000,11614,5000,3601834.0,7355.46531268
46965000,46970000,11615,5000,3602148.0,7355.73808445
46970000,46975000,11616,5000,3602462.0,7355.89072546
46975000,46980000,11617,5000,3602776.0,7356.22924939
46980000,46985000,11618,5000,3603089.0,7356.39816979
46985000,46990000,11619,5000,3603403.0,7356.68846673
46990000,46995000,11620,5000,3603717.0,7356.90391091
46995000,47000000,11621,5000,3604031.0,7357.15164965
47000000,47005000,11622,5000,3604345.0,7357.31567939
47005000,47010000,11623,5000,3604650.0,7357.56383013
47010000,47015000,11624,5000,3604955.0,7357.81632377
47015000,47020000,11625,5000,3605261.0,7357.94523472
47020000,47025000,11626,5000,3605566.0,7358.01850463
47025000,47030000,11627,5000,3605871.0,7358.14975704
47030000,47035000,11628,5000,3606177.0,7358.27930593
47035000,47040000,11629,5000,3606482.0,7358.40760962
47040000,47045000,11630,5000,3606787.0,7358.29596672
47045000,47050000,11631,5000,3607093.0,7358.28979377
47050000,47055000,11632,5000,3607398.0,7358.45888942
47055000,47060000,11633,5000,3607703.0,7358.60730911
47060000,47065000,11634,5000,3608009.0,7358.76839483
47065000,47070000,11635,5000,3608314.0,7359.06040711
47070000,47075000,11636,5000,3608619.0,7359.15636058
47075000,47080000,11637,5000,3608925.0,7359.17843127
47080000,47085000,11638,5000,3609230.0,7359.24521833
47085000,47090000,11639,5000,3609535.0,7359.56034438
47090000,47095000,11640,5000,3609841.0,7359.82116466
47095000,47100000,11641,5000,3610146.0,7359.99862614
47100000,47105000,11642,5000,3610451.0,7360.09361757
47105000,47110000,11643,5000,3610756.0,7359.97968621
47110000,47115000,11644,5000,3611062.0,7359.87293002
47115000,47120000,11645,5000,3611367.0,7359.27971029
47120000,47125000,11646,5000,3611672.0,7359.16728174
47125000,47130000,11647,5000,3611978.0,7358.59359701
47130000,47135000,11648,5000,3612283.0,7358.49685546
47135000,47140000,11649,5000,3612588.0,7357.91925206
47140000,47145000,11650,5000,3612893.0,7357.34239051
47145000,47150000,11651,5000,3613199.0,7357.23425774
47150000,47155000,11652,5000,3613504.0,7357.04241761
47155000,47160000,11653,5000,3613809.0,7357.21169699
47160000,47165000,11654,5000,3614115.0,7357.53396742
47165000,47170000,11655,5000,3614420.0,7357.79559571
47170000,47175000,11656,5000,3614725.0,7357.81125688
47175000,47180000,11657,5000,3615031.0,7357.94203345
47180000,47185000,11658,5000,3615336.0,7357.68129503
47185000,47190000,11659,5000,3615641.0,7357.93190527
47190000,47195000,11660,5000,3615946.0,7357.98586401
47195000,47200000,11661,5000,3616252.0,7358.24296674
47200000,47205000,11662,5000,3616557.0,7358.29849737
47205000,47210000,11663,5000,3616862.0,7358.33740137
47210000,47215000,11664,5000,3617168.0,7358.13959899
47215000,47220000,11665,5000,3617473.0,7357.40886711
47220000,47225000,11666,5000,3617778.0,7357.21442956
47225000,47230000,11667,5000,3618084.0,7356.99769735
47230000,47235000,11668,5000,3618389.0,7356.87995133
47235000,47240000,11669,5000,3618694.0,7357.03684441
47240000,47245000,11670,5000,3619000.0,7357.1818613
47245000,47250000,11671,5000,3619305.0,7357.27433189
47250000,47255000,11672,5000,3619610.0,7357.41534838
47255000,47260000,11673,5000,3619915.0,7357.65506322
47260000,47265000,11674,5000,3620221.0,7357.80339393
47265000,47270000,11675,5000,3620526.0,7357.82106504
47270000,47275000,11676,5000,3620831.0,7357.98972961
47275000,47280000,11677,5000,3621137.0,7358.09586203
47280000,47285000,11678,5000,3621442.0,7357.87410749
47285000,47290000,11679,5000,3621747.0,7357.61689518
47290000,47295000,11680,5000,3622052.0,7357.29667407
47295000,47300000,11681,5000,3622358.0,7356.7082897
47300000,47305000,11682,5000,3622663.0,7356.4889651
47305000,47310000,11683,5000,3622968.0,7356.19981774
47310000,47315000,11684,5000,3623274.0,7355.90785847
47315000,47320000,11685,5000,3623579.0,7355.20802294
47320000,47325000,11686,5000,3623884.0,7355.10079605
47325000,47330000,11687,5000,3624190.0,7354.8813759
47330000,47335000,11688,5000,3624495.0,7354.76378568
47335000,47340000,11689,5000,3624800.0,7354.00182553
47340000,47345000,11690,5000,3625105.0,7353.73301713
47345000,47350000,11691,5000,3625411.0,7353.62097529
47350000,47355000,11692,5000,3625716.0,7353.33883534
47355000,47360000,11693,5000,3626021.0,7353.20656311
47360000,47365000,11694,5000,3626326.0,7353.40765641
47365000,47370000,11695,5000,3626632.0,7353.72949299
47370000,47375000,11696,5000,3626937.0,7353.97743128
47375000,47380000,11697,5000,3627242.0,7354.28564469
47380000,47385000,11698,5000,3627547.0,7354.54036114
47385000,47390000,11699,5000,3627852.0,7354.68194321
47390000,47395000,11700,5000,3628158.0,7354.82109076
47395000,47400000,11701,5000,3628463.0,7354.71344941
47400000,47405000,11702,5000,3628768.0,7354.59461692
47405000,47410000,11703,5000,3629074.0,7354.71809725
47410000,47415000,11704,5000,3629379.0,7354.84010298
47415000,47420000,11705,5000,3629684.0,7354.56439619
47420000,47425000,11706,5000,3629990.0,7354.34236292
47425000,47430000,11707,5000,3630295.0,7354.12242164
47430000,47435000,11708,5000,3630601.0,7353.85936492
47435000,47440000,11709,5000,3630906.0,7353.10077743
47440000,47445000,11710,5000,3631211.0,7353.25523437
47445000,47450000,11711,5000,3631516.0,7353.25024788
47450000,47455000,11712,5000,3631822.0,7353.51576018
47455000,47460000,11713,5000,3632127.0,7353.66061571
47460000,47465000,11714,5000,3632432.0,7353.97167934
47465000,47470000,11715,5000,3632737.0,7354.28231595
47470000,47475000,11716,5000,3633043.0,7354.52829248
47475000,47480000,11717,5000,3633348.0,7354.52162401
47480000,47485000,11718,5000,3633653.0,7354.76997105
47485000,47490000,11719,5000,3633959.0,7355.02321682
47490000,47495000,11720,5000,3634264.0,7355.27239052
47495000,47500000,11721,5000,3634569.0,7355.19896458
47500000,47505000,11722,5000,3634874.0,7354.97146697
47505000,47510000,11723,5000,3635180.0,7354.86936215
47510000,47515000,11724,5000,3635485.0,7355.17651812
47515000,47520000,11725,5000,3635790.0,7355.47434934
47520000,47525000,11726,5000,3636096.0,7355.71713983
47525000,47530000,11727,5000,3636401.0,7355.84947009
47530000,47535000,11728,5000,3636706.0,7355.69228896
47535000,47540000,11729,5000,3637011.0,7355.07156724
47540000,47545000,11730,5000,3637317.0,7354.39411042
47545000,47550000,11731,5000,3637622.0,7354.08266466
47550000,47555000,11732,5000,3637927.0,7353.19633299
47555000,47560000,11733,5000,3638233.0,7353.38281227
47560000,47565000,11734,5000,3638538.0,7353.60471579
47565000,47570000,11735,5000,3638843.0,7353.58671017
47570000,47575000,11736,5000,3639149.0,7352.84000516
47575000,47580000,11737,5000,3639454.0,7352.72549653
47580000,47585000,11738,5000,3639759.0,7352.61557172
47585000,47590000,11739,5000,3640065.0,7352.49848242
47590000,47595000,11740,5000,3640370.0,7352.38209817
47595000,47600000,11741,5000,3640675.0,7352.49935831
47600000,47605000,11742,5000,3640981.0,7352.65307004
47605000,47610000,11743,5000,3641286.0,7352.66947171
47610000,47615000,11744,5000,3641591.0,7352.86776262
47615000,47620000,11745,5000,3641897.0,7353.13334139
47620000,47625000,11746,5000,3642202.0,7353.26936805
47625000,47630000,11747,5000,3642507.0,7353.57051708
47630000,47635000,11748,5000,3642812.0,7353.69126747
47635000,47640000,11749,5000,3643118.0,7353.94402754
47640000,47645000,11750,5000,3643423.0,7354.00009868
47645000,47650000,11751,5000,3643728.0,7354.00468368
47650000,47655000,11752,5000,3644034.0,7354.21377267
47655000,47660000,11753,5000,3644339.0,7354.18761991
47660000,47665000,11754,5000,3644644.0,7354.32208031
47665000,47670000,11755,5000,3644950.0,7354.4657547
47670000,47675000,11756,5000,3645255.0,7354.60354742
47675000,47680000,11757,5000,3645560.0,7354.74973825
47680000,47685000,11758,5000,3645866.0,7354.77361965
47685000,47690000,11759,5000,3646171.0,7354.85028745
47690000,47695000,11760,5000,3646476.0,7354.97183116
47695000,47700000,11761,5000,3646782.0,7355.10159308
47700000,47705000,11762,5000,3647087.0,7355.27341924
47705000,47710000,11763,5000,3647392.0,7355.41506894
47710000,47715000,11764,5000,3647698.0,7355.65753384
47715000,47720000,11765,5000,3648003.0,7355.79910006
47720000,47725000,11766,5000,3648308.0,7355.93380924
47725000,47730000,11767,5000,3648613.0,7356.16264974
47730000,47735000,11768,5000,3648919.0,7356.11035572
47735000,47740000,11769,5000,3649224.0,7355.84441915
47740000,47745000,11770,5000,3649529.0,7355.42014424
47745000,47750000,11771,5000,3649835.0,7355.13691391
47750000,47755000,11772,5000,3650140.0,7354.55422986
47755000,47760000,11773,5000,3650445.0,7354.33319029
47760000,47765000,11774,5000,3650751.0,7353.68018497
47765000,47770000,11775,5000,3651056.0,7353.46308616
47770000,47775000,11776,5000,3651362.0,7353.26160059
47775000,47780000,11777,5000,3651667.0,7353.37625575
47780000,47785000,11778,5000,3651972.0,7353.56620595
47785000,47790000,11779,5000,3652277.0,7353.70516608
47790000,47795000,11780,5000,3652583.0,7353.80959733
47795000,47800000,11781,5000,3652888.0,7353.94706178
47800000,47805000,11782,5000,3653193.0,7354.0818718
47805000,47810000,11783,5000,3653499.0,7354.28488983
47810000,47815000,11784,5000,3653804.0,7354.40796886
47815000,47820000,11785,5000,3654109.0,7354.4099311
47820000,47825000,11786,5000,3654414.0,7353.69663991
47825000,47830000,11787,5000,3654719.0,7353.43013125
47830000,47835000,11788,5000,3655025.0,7353.63148872
47835000,47840000,11789,5000,3655330.0,7353.5877156
47840000,47845000,11790,5000,3655635.0,7353.6627356
47845000,47850000,11791,5000,3655941.0,7353.90062941
47850000,47855000,11792,5000,3656246.0,7354.06674764
47855000,47860000,11793,5000,3656551.0,7354.35345376
47860000,47865000,11794,5000,3656857.0,7354.46708973
47865000,47870000,11795,5000,3657162.0,7354.72166268
47870000,47875000,11796,5000,3657467.0,7354.85807024
47875000,47880000,11797,5000,3657773.0,7354.97837879
47880000,47885000,11798,5000,3658078.0,7355.11516421
47885000,47890000,11799,5000,3658383.0,7355.37449453
47890000,47895000,11800,5000,3658689.0,7355.60769943
47895000,47900000,11801,5000,3658994.0,7355.77000331
47900000,47905000,11802,5000,3659300.0,7356.06553216
47905000,47910000,11803,5000,3659605.0,7356.19549435
47910000,47915000,11804,5000,3659910.0,7356.42604834
47915000,47920000,11805,5000,3660216.0,7356.64399359
47920000,47925000,11806,5000,3660521.0,7356.89184033
47925000,47930000,11807,5000,3660826.0,7356.94729592
47930000,47935000,11808,5000,3661131.0,7357.09066166
47935000,47940000,11809,5000,3661437.0,7357.17695613
47940000,47945000,11810,5000,3661742.0,7356.89986574
47945000,47950000,11811,5000,3662047.0,7356.12510191
47950000,47955000,11812,5000,3662353.0,7356.34667922
47955000,47960000,11813,5000,3662658.0,7356.48412877
47960000,47965000,11814,5000,3662964.0,7356.70913413
47965000,47970000,11815,5000,3663269.0,7356.94868481
47970000,47975000,11816,5000,3663574.0,7357.1984337
47975000,47980000,11817,5000,3663879.0,7357.45086325
47980000,47985000,11818,5000,3664185.0,7357.54268946
47985000,47990000,11819,5000,3664490.0,7357.67734209
47990000,47995000,11820,5000,3664795.0,7357.6825007
47995000,48000000,11821,5000,3665101.0,7357.60326157
48000000,48005000,11822,5000,3665406.0,7357.73397962
48005000,48010000,11823,5000,3665718.0,7357.6516969
48010000,48015000,11824,5000,3666029.0,7357.79489046
48015000,48020000,11825,5000,3666340.0,7357.94310331
48020000,48025000,11826,5000,3666652.0,7357.97019841
48025000,48030000,11827,5000,3666963.0,7357.80753327
48030000,48035000,11828,5000,3667275.0,7357.76126487
48035000,48040000,11829,5000,3667586.0,7357.87551961
48040000,48045000,11830,5000,3667898.0,7357.71926698
48045000,48050000,11831,5000,3668209.0,7357.9643579
48050000,48055000,11832,5000,3668521.0,7358.11949503
48055000,48060000,11833,5000,3668832.0,7358.11020446
48060000,48065000,11834,5000,3669144.0,7357.38012272
48065000,48070000,11835,5000,3669455.0,7357.2924011
48070000,48075000,11836,5000,3669767.0,7357.20357847
48075000,48080000,11837,5000,3670078.0,7357.10375282
48080000,48085000,11838,5000,3670389.0,7356.5359681
48085000,48090000,11839,5000,3670701.0,7356.85408704
48090000,48095000,11840,5000,3671012.0,7357.12789219
48095000,48100000,11841,5000,3671324.0,7357.24945034
48100000,48105000,11842,5000,3671635.0,7357.39626102
48105000,48110000,11843,5000,3671947.0,7357.65159022
48110000,48115000,11844,5000,3672258.0,7357.40215403
48115000,48120000,11845,5000,3672570.0,7357.7396738
48120000,48125000,11846,5000,3672881.0,7357.96585091
48125000,48130000,11847,5000,3673193.0,7358.23676558
48130000,48135000,11848,5000,3673504.0,7358.38920656
48135000,48140000,11849,5000,3673816.0,7358.71242817
48140000,48145000,11850,5000,3674127.0,7358.96866078
48145000,48150000,11851,5000,3674439.0,7359.23553644
48150000,48155000,11852,5000,3674750.0,7359.37649035
48155000,48160000,11853,5000,3675062.0,7359.3276654
48160000,48165000,11854,5000,3675373.0,7359.47808093
48165000,48170000,11855,5000,3675685.0,7359.60798038
48170000,48175000,11856,5000,3675996.0,7359.89989018
48175000,48180000,11857,5000,3676308.0,7360.04514454
48180000,48185000,11858,5000,3676619.0,7360.31738914
48185000,48190000,11859,5000,3676930.0,7360.51020752
48190000,48195000,11860,5000,3677242.0,7360.67201628
48195000,48200000,11861,5000,3677553.0,7360.81521292
48200000,48205000,11862,5000,3677865.0,7360.71925828
48205000,48210000,11863,5000,3678176.0,7360.43409851
48210000,48215000,11864,5000,3678488.0,7360.23757378
48215000,48220000,11865,5000,3678799.0,7359.89642346
48220000,48225000,11866,5000,3679111.0,7359.33339286
48225000,48230000,11867,5000,3679422.0,7359.57563338
48230000,48235000,11868,5000,3679733.0,7359.59020207
48235000,48240000,11869,5000,3680045.0,7359.59024038
48240000,48245000,11870,5000,3680356.0,7359.62844432
48245000,48250000,11871,5000,3680668.0,7359.37010625
48250000,48255000,11872,5000,3680979.0,7359.10973266
48255000,48260000,11873,5000,3681291.0,7359.25250069
48260000,48265000,11874,5000,3681602.0,7359.45788984
48265000,48270000,11875,5000,3681914.0,7359.57031462
48270000,48275000,11876,5000,3682225.0,7359.73104525
48275000,48280000,11877,5000,3682537.0,7359.88876739
48280000,48285000,11878,5000,3682848.0,7359.93002683
48285000,48290000,11879,5000,3683159.0,7360.03415157
48290000,48295000,11880,5000,3683471.0,7360.15702721
48295000,48300000,11881,5000,3683782.0,7360.16377064
48300000,48305000,11882,5000,3684094.0,7360.30513002
48305000,48310000,11883,5000,3684405.0,7360.37312836
48310000,48315000,11884,5000,3684717.0,7360.32640891
48315000,48320000,11885,5000,3685028.0,7360.65578308
48320000,48325000,11886,5000,3685340.0,7360.72860556
48325000,48330000,11887,5000,3685651.0,7360.87604146
48330000,48335000,11888,5000,3685963.0,7360.86011223
48335000,48340000,11889,5000,3686274.0,7360.8460227
48340000,48345000,11890,5000,3686585.0,7360.88859294
48345000,48350000,11891,5000,3686897.0,7361.0371626
48350000,48355000,11892,5000,3687208.0,7361.18287578
48355000,48360000,11893,5000,3687520.0,7361.25574016
48360000,48365000,11894,5000,3687831.0,7361.38907648
48365000,48370000,11895,5000,3688143.0,7361.39519452
48370000,48375000,11896,5000,3688454.0,7361.55553734
48375000,48380000,11897,5000,3688765.0,7361.47162743
48380000,48385000,11898,5000,3689077.0,7361.7831041
48385000,48390000,11899,5000,3689388.0,7362.04453187
48390000,48395000,11900,5000,3689700.0,7362.12540873
48395000,48400000,11901,5000,3690011.0,7362.06950628
48400000,48405000,11902,5000,3690323.0,7362.08047016
48405000,48410000,11903,5000,3690634.0,7361.93278477
48410000,48415000,11904,5000,3690945.0,7362.13437727
48415000,48420000,11905,5000,3691257.0,7362.29603063
48420000,48425000,11906,5000,3691568.0,7361.64843882
48425000,48430000,11907,5000,3691880.0,7360.88792505
48430000,48435000,11908,5000,3692191.0,7360.29051793
48435000,48440000,11909,5000,3692503.0,7360.46673657
48440000,48445000,11910,5000,3692814.0,7360.71849106
48445000,48450000,11911,5000,3693125.0,7360.73850807
48450000,48455000,11912,5000,3693437.0,7360.88633511
48455000,48460000,11913,5000,3693748.0,7361.02120681
48460000,48465000,11914,5000,3694060.0,7361.00259633
48465000,48470000,11915,5000,3694371.0,7361.31880655
48470000,48475000,11916,5000,3694683.0,7361.45134975
48475000,48480000,11917,5000,3694994.0,7361.72099466
48480000,48485000,11918,5000,3695305.0,7361.85967222
48485000,48490000,11919,5000,3695617.0,7361.80970156
48490000,48495000,11920,5000,3695928.0,7361.76114982
48495000,48500000,11921,5000,3696240.0,7361.90055164
48500000,48505000,11922,5000,3696551.0,7362.04728075
48505000,48510000,11923,5000,3696862.0,7362.09687413
48510000,48515000,11924,5000,3697174.0,7361.99903882
48515000,48520000,11925,5000,3697485.0,7362.19197564
48520000,48525000,11926,5000,3697797.0,7362.15654321
48525000,48530000,11927,5000,3698108.0,7362.14971597
48530000,48535000,11928,5000,3698420.0,7362.1131055
48535000,48540000,11929,5000,3698732.0,7362.25545767
48540000,48545000,11930,5000,3699043.0,7361.62187146
48545000,48550000,11931,5000,3699355.0,7361.50855904
48550000,48555000,11932,5000,3699666.0,7361.81108761
48555000,48560000,11933,5000,3699978.0,7362.10370172
48560000,48565000,11934,5000,3700289.0,7362.04188024
48565000,48570000,11935,5000,3700601.0,7362.1847644
48570000,48575000,11936,5000,3700912.0,7362.40437681
48575000,48580000,11937,5000,3701223.0,7362.47938671
48580000,48585000,11938,5000,3701535.0,7362.62659337
48585000,48590000,11939,5000,3701846.0,7362.94244367
48590000,48595000,11940,5000,3702158.0,7363.19489808
48595000,48600000,11941,5000,3702469.0,7363.22349936
48600000,48605000,11942,5000,3702781.0,7363.36047833
48605000,48610000,11943,5000,3703092.0,7363.56381126
48610000,48615000,11944,5000,3703404.0,7363.76693131
48615000,48620000,11945,5000,3703715.0,7364.02760077
48620000,48625000,11946,5000,3704027.0,7364.16512415
48625000,48630000,11947,5000,3704338.0,7364.13914476
48630000,48635000,11948,5000,3704649.0,7363.39635522
48635000,48640000,11949,5000,3704961.0,7362.77260323
48640000,48645000,11950,5000,3705272.0,7362.17682799
48645000,48650000,11951,5000,3705584.0,7361.54414206
48650000,48655000,11952,5000,3705895.0,7360.97328865
48655000,48660000,11953,5000,3706207.0,7360.39014592
48660000,48665000,11954,5000,3706518.0,7359.81149364
48665000,48670000,11955,5000,3706830.0,7359.98649118
48670000,48675000,11956,5000,3707141.0,7360.07548792
48675000,48680000,11957,5000,3707453.0,7360.27097632
48680000,48685000,11958,5000,3707764.0,7359.67292779
48685000,48690000,11959,5000,3708076.0,7359.11016907
48690000,48695000,11960,5000,3708387.0,7358.39150764
48695000,48700000,11961,5000,3708699.0,7358.55043894
48700000,48705000,11962,5000,3709010.0,7358.87146767
48705000,48710000,11963,5000,3709322.0,7359.01709406
48710000,48715000,11964,5000,3709633.0,7358.90998778
48715000,48720000,11965,5000,3709944.0,7358.65494023
48720000,48725000,11966,5000,3710256.0,7358.38553456
48725000,48730000,11967,5000,3710567.0,7358.28211686
48730000,48735000,11968,5000,3710879.0,7358.19323219
48735000,48740000,11969,5000,3711190.0,7358.09576286
48740000,48745000,11970,5000,3711502.0,7358.37466207
48745000,48750000,11971,5000,3711813.0,7358.62740768
48750000,48755000,11972,5000,3712125.0,7358.52700756
48755000,48760000,11973,5000,3712436.0,7357.88031003
48760000,48765000,11974,5000,3712748.0,7357.12581769
48765000,48770000,11975,5000,3713059.0,7357.32938463
48770000,48775000,11976,5000,3713371.0,7357.43771821
48775000,48780000,11977,5000,3713682.0,7357.5874806
48780000,48785000,11978,5000,3713994.0,7357.79681149
48785000,48790000,11979,5000,3714305.0,7357.82010539
48790000,48795000,11980,5000,3714617.0,7357.88988506
48795000,48800000,11981,5000,3714928.0,7358.11594491
48800000,48805000,11982,5000,3715239.0,7358.19961252
48805000,48810000,11983,5000,3715551.0,7357.9474938
48810000,48815000,11984,5000,3715862.0,7357.2223846
48815000,48820000,11985,5000,3716174.0,7356.99230267
48820000,48825000,11986,5000,3716485.0,7356.73977475
48825000,48830000,11987,5000,3716797.0,7356.46485013
48830000,48835000,11988,5000,3717108.0,7356.23693221
48835000,48840000,11989,5000,3717420.0,7356.45824776
48840000,48845000,11990,5000,3717731.0,7356.47323876
48845000,48850000,11991,5000,3718043.0,7356.51238814
48850000,48855000,11992,5000,3718354.0,7356.45423492
48855000,48860000,11993,5000,3718666.0,7356.2293081
48860000,48865000,11994,5000,3718977.0,7356.09036645
48865000,48870000,11995,5000,3719288.0,7355.35572616
48870000,48875000,11996,5000,3719600.0,7354.78447598
48875000,48880000,11997,5000,3719911.0,7354.10979272
48880000,48885000,11998,5000,3720223.0,7353.26449042
48885000,48890000,11999,5000,3720534.0,7352.65604774
48890000,48895000,12000,5000,3720846.0,7351.29843634
48895000,48900000,12001,5000,3721157.0,7350.5596398
48900000,48905000,12002,5000,3721469.0,7349.99870694
48905000,48910000,12003,5000,3721780.0,7350.2574494
48910000,48915000,12004,5000,3722091.0,7350.52071098
48915000,48920000,12005,5000,3722403.0,7350.78105967
48920000,48925000,12006,5000,3722714.0,7350.93914671
48925000,48930000,12007,5000,3723026.0,7351.04348414
48930000,48935000,12008,5000,3723337.0,7350.99715561
48935000,48940000,12009,5000,3723649.0,7350.9542765
48940000,48945000,12010,5000,3723960.0,7351.0014731
48945000,48950000,12011,5000,3724272.0,7351.11393989
48950000,48955000,12012,5000,3724583.0,7351.2607364
48955000,48960000,12013,5000,3724895.0,7351.22508608
48960000,48965000,12014,5000,3725206.0,7351.50542099
48965000,48970000,12015,5000,3725518.0,7351.65932861
48970000,48975000,12016,5000,3725829.0,7351.82264686
48975000,48980000,12017,5000,3726141.0,7351.83816038
48980000,48985000,12018,5000,3726452.0,7352.01834136
48985000,48990000,12019,5000,3726763.0,7352.1369882
48990000,48995000,12020,5000,3727075.0,7351.88194038
48995000,49000000,12021,5000,3727386.0,7351.60066744
49000000,49005000,12022,5000,3727698.0,7351.48425815
49005000,49010000,12023,5000,3728014.0,7351.76939791
49010000,49015000,12024,5000,3728330.0,7351.98088071
49015000,49020000,12025,5000,3728647.0,7352.12510153
49020000,49025000,12026,5000,3728963.0,7352.23204799
49025000,49030000,12027,5000,3729279.0,7352.3928303
49030000,49035000,12028,5000,3729595.0,7352.50693526
49035000,49040000,12029,5000,3729911.0,7352.6594615
49040000,49045000,12030,5000,3730228.0,7352.76880725
49045000,49050000,12031,5000,3730544.0,7353.06141201
49050000,49055000,12032,5000,3730860.0,7353.16963065
49055000,49060000,12033,5000,3731177.0,7353.37131695
49060000,49065000,12034,5000,3731493.0,7353.48171819
49065000,49070000,12035,5000,3731809.0,7353.58731919
49070000,49075000,12036,5000,3732125.0,7353.60892553
49075000,49080000,12037,5000,3732442.0,7353.80440215
49080000,49085000,12038,5000,3732758.0,7353.91626216
49085000,49090000,12039,5000,3733075.0,7354.08996625
49090000,49095000,12040,5000,3733391.0,7354.3964682
49095000,49100000,12041,5000,3733707.0,7354.51720632
49100000,49105000,12042,5000,3734023.0,7354.67087996
49105000,49110000,12043,5000,3734340.0,7354.90241081
49110000,49115000,12044,5000,3734656.0,7355.15534217
49115000,49120000,12045,5000,3734972.0,7355.2426263
49120000,49125000,12046,5000,3735288.0,7355.21391385
49125000,49130000,12047,5000,3735605.0,7355.47912838
49130000,49135000,12048,5000,3735921.0,7355.55658188
49135000,49140000,12049,5000,3736237.0,7355.74816509
49140000,49145000,12050,5000,3736554.0,7355.92435908
49145000,49150000,12051,5000,3736870.0,7356.07675751
49150000,49155000,12052,5000,3737186.0,7356.19211097
49155000,49160000,12053,5000,3737502.0,7356.34515214
49160000,49165000,12054,5000,3737819.0,7356.50483658
49165000,49170000,12055,5000,3738135.0,7356.49027435
49170000,49175000,12056,5000,3738451.0,7356.64187292
49175000,49180000,12057,5000,3738768.0,7356.78098974
49180000,49185000,12058,5000,3739084.0,7356.78739601
49185000,49190000,12059,5000,3739400.0,7356.74398286
49190000,49195000,12060,5000,3739717.0,7356.89493987
49195000,49200000,12061,5000,3740033.0,7357.04873061
49200000,49205000,12062,5000,3740349.0,7357.06435893
49205000,49210000,12063,5000,3740665.0,7357.08584601
49210000,49215000,12064,5000,3740982.0,7357.22180667
49215000,49220000,12065,5000,3741298.0,7357.460433
49220000,49225000,12066,5000,3741614.0,7357.69320472
49225000,49230000,12067,5000,3741931.0,7357.77258733
49230000,49235000,12068,5000,3742247.0,7357.75419716
49235000,49240000,12069,5000,3742563.0,7357.86906469
49240000,49245000,12070,5000,3742879.0,7357.96742833
49245000,49250000,12071,5000,3743196.0,7358.13533069
49250000,49255000,12072,5000,3743512.0,7358.2093345
49255000,49260000,12073,5000,3743828.0,7358.17639359
49260000,49265000,12074,5000,3744145.0,7358.21069886
49265000,49270000,12075,5000,3744461.0,7358.37790058
49270000,49275000,12076,5000,3744777.0,7358.63986711
49275000,49280000,12077,5000,3745094.0,7358.78511906
49280000,49285000,12078,5000,3745410.0,7358.91486737
49285000,49290000,12079,5000,3745726.0,7358.66062792
49290000,49295000,12080,5000,3746042.0,7358.10371998
49295000,49300000,12081,5000,3746359.0,7357.94655646
49300000,49305000,12082,5000,3746675.0,7358.25482632
49305000,49310000,12083,5000,3746992.0,7358.37234971
49310000,49315000,12084,5000,3747308.0,7358.44037923
49315000,49320000,12085,5000,3747624.0,7358.6185889
49320000,49325000,12086,5000,3747940.0,7358.92240343
49325000,49330000,12087,5000,3748257.0,7359.03271457
49330000,49335000,12088,5000,3748573.0,7359.34561242
49335000,49340000,12089,5000,3748889.0,7359.61676891
49340000,49345000,12090,5000,3749206.0,7359.88040375
49345000,49350000,12091,5000,3749522.0,7360.14097869
49350000,49355000,12092,5000,3749838.0,7360.4073942
49355000,49360000,12093,5000,3750154.0,7360.53480116
49360000,49365000,12094,5000,3750471.0,7360.85263885
49365000,49370000,12095,5000,3750787.0,7361.11119086
49370000,49375000,12096,5000,3751104.0,7361.3766638
49375000,49380000,12097,5000,3751420.0,7361.67369573
49380000,49385000,12098,5000,3751736.0,7361.93739917
49385000,49390000,12099,5000,3752053.0,7361.90236025
49390000,49395000,12100,5000,3752369.0,7362.02187975
49395000,49400000,12101,5000,3752685.0,7362.34002604
49400000,49405000,12102,5000,3753001.0,7362.49559486
49405000,49410000,12103,5000,3753317.0,7362.7595109
49410000,49415000,12104,5000,3753634.0,7362.97872789
49415000,49420000,12105,5000,3753950.0,7363.24259338
49420000,49425000,12106,5000,3754266.0,7363.49122401
49425000,49430000,12107,5000,3754583.0,7363.66966808
49430000,49435000,12108,5000,3754899.0,7363.93806523
49435000,49440000,12109,5000,3755215.0,7364.25870087
49440000,49445000,12110,5000,3755531.0,7364.40897149
49445000,49450000,12111,5000,3755848.0,7364.12763315
49450000,49455000,12112,5000,3756164.0,7363.78994515
49455000,49460000,12113,5000,3756480.0,7363.70864435
49460000,49465000,12114,5000,3756796.0,7363.11033548
49465000,49470000,12115,5000,3757113.0,7363.41410437
49470000,49475000,12116,5000,3757429.0,7363.6716749
49475000,49480000,12117,5000,3757745.0,7363.92995642
49480000,49485000,12118,5000,3758062.0,7364.18444026
49485000,49490000,12119,5000,3758378.0,7364.26528065
49490000,49495000,12120,5000,3758694.0,7364.45374819
49495000,49500000,12121,5000,3759011.0,7364.44707875
49500000,49505000,12122,5000,3759327.0,7364.58344078
49505000,49510000,12123,5000,3759643.0,7364.87317295
49510000,49515000,12124,5000,3759959.0,7365.13180156
49515000,49520000,12125,5000,3760276.0,7365.37731869
49520000,49525000,12126,5000,3760592.0,7365.67675571
49525000,49530000,12127,5000,3760908.0,7365.92730067
49530000,49535000,12128,5000,3761225.0,7366.16883455
49535000,49540000,12129,5000,3761541.0,7366.42552046
49540000,49545000,12130,5000,3761857.0,7366.68075035
49545000,49550000,12131,5000,3762174.0,7366.79815136
49550000,49555000,12132,5000,3762490.0,7367.06161433
49555000,49560000,12133,5000,3762806.0,7367.08462709
49560000,49565000,12134,5000,3763123.0,7367.21075984
49565000,49570000,12135,5000,3763439.0,7367.30418093
49570000,49575000,12136,5000,3763755.0,7367.56110533
49575000,49580000,12137,5000,3764072.0,7367.28855307
49580000,49585000,12138,5000,3764388.0,7367.45056726
49585000,49590000,12139,5000,3764704.0,7367.76335396
49590000,49595000,12140,5000,3765020.0,7368.00847654
49595000,49600000,12141,5000,3765337.0,7368.1322511
49600000,49605000,12142,5000,3765653.0,7368.38933672
49605000,49610000,12143,5000,3765969.0,7368.52140946
49610000,49615000,12144,5000,3766285.0,7368.62257145
49615000,49620000,12145,5000,3766602.0,7368.5907153
49620000,49625000,12146,5000,3766918.0,7368.58448684
49625000,49630000,12147,5000,3767234.0,7368.82731702
49630000,49635000,12148,5000,3767550.0,7368.92202598
49635000,49640000,12149,5000,3767867.0,7369.08980145
49640000,49645000,12150,5000,3768183.0,7369.05019784
49645000,49650000,12151,5000,3768500.0,7369.18562076
49650000,49655000,12152,5000,3768816.0,7369.31732529
49655000,49660000,12153,5000,3769132.0,7369.3348959
49660000,49665000,12154,5000,3769448.0,7369.09789766
49665000,49670000,12155,5000,3769765.0,7369.12695776
49670000,49675000,12156,5000,3770081.0,7369.33172395
49675000,49680000,12157,5000,3770397.0,7369.55144748
49680000,49685000,12158,5000,3770713.0,7369.6246338
49685000,49690000,12159,5000,3771030.0,7369.88286723
49690000,49695000,12160,5000,3771346.0,7370.10231953
49695000,49700000,12161,5000,3771662.0,7370.29182232
49700000,49705000,12162,5000,3771979.0,7370.44071378
49705000,49710000,12163,5000,3772295.0,7370.64118867
49710000,49715000,12164,5000,3772611.0,7370.80291851
49715000,49720000,12165,5000,3772928.0,7370.95320249
49720000,49725000,12166,5000,3773244.0,7371.21510061
49725000,49730000,12167,5000,3773560.0,7371.33758516
49730000,49735000,12168,5000,3773877.0,7371.49151235
49735000,49740000,12169,5000,3774193.0,7371.38969102
49740000,49745000,12170,5000,3774509.0,7371.45135623
49745000,49750000,12171,5000,3774825.0,7371.43510491
49750000,49755000,12172,5000,3775141.0,7371.16198556
49755000,49760000,12173,5000,3775458.0,7371.14241714
49760000,49765000,12174,5000,3775774.0,7371.22504468
49765000,49770000,12175,5000,3776090.0,7371.18454704
49770000,49775000,12176,5000,3776407.0,7371.16266606
49775000,49780000,12177,5000,3776723.0,7370.93306004
49780000,49785000,12178,5000,3777039.0,7371.07148644
49785000,49790000,12179,5000,3777356.0,7371.01695678
49790000,49795000,12180,5000,3777672.0,7371.21395054
49795000,49800000,12181,5000,3777988.0,7371.36625119
49800000,49805000,12182,5000,3778305.0,7371.52212269
49805000,49810000,12183,5000,3778621.0,7371.57206469
49810000,49815000,12184,5000,3778937.0,7371.65056832
49815000,49820000,12185,5000,3779254.0,7371.64141817
49820000,49825000,12186,5000,3779570.0,7371.7883304
49825000,49830000,12187,5000,3779886.0,7371.6594175
49830000,49835000,12188,5000,3780202.0,7371.60822628
49835000,49840000,12189,5000,3780519.0,7371.75613116
49840000,49845000,12190,5000,3780835.0,7371.88598802
49845000,49850000,12191,5000,3781151.0,7371.85315434
49850000,49855000,12192,5000,3781468.0,7371.84953933
49855000,49860000,12193,5000,3781784.0,7371.81205854
49860000,49865000,12194,5000,3782100.0,7371.81860851
49865000,49870000,12195,5000,3782417.0,7371.81498363
49870000,49875000,12196,5000,3782733.0,7372.1284382
49875000,49880000,12197,5000,3783049.0,7372.4387944
49880000,49885000,12198,5000,3783365.0,7372.61529401
49885000,49890000,12199,5000,3783682.0,7372.92685538
49890000,49895000,12200,5000,3783998.0,7373.1943621
49895000,49900000,12201,5000,3784314.0,7373.44824181
49900000,49905000,12202,5000,3784631.0,7373.41652296
49905000,49910000,12203,5000,3784947.0,7373.56251874
49910000,49915000,12204,5000,3785263.0,7373.79859952
49915000,49920000,12205,5000,3785580.0,7373.88198007
49920000,49925000,12206,5000,3785896.0,7374.02073451
49925000,49930000,12207,5000,3786212.0,7373.81991129
49930000,49935000,12208,5000,3786529.0,7374.10751517
49935000,49940000,12209,5000,3786845.0,7374.23168057
49940000,49945000,12210,5000,3787161.0,7374.48723382
49945000,49950000,12211,5000,3787477.0,7374.75299873
49950000,49955000,12212,5000,3787794.0,7374.88514853
49955000,49960000,12213,5000,3788110.0,7374.86568124
49960000,49965000,12214,5000,3788426.0,7374.95600327
49965000,49970000,12215,5000,3788742.0,7375.12495427
49970000,49975000,12216,5000,3789059.0,7375.38674935
49975000,49980000,12217,5000,3789375.0,7375.48557108
49980000,49985000,12218,5000,3789691.0,7375.58340703
49985000,49990000,12219,5000,3790008.0,7375.61274043
49990000,49995000,12220,5000,3790324.0,7375.79198886
49995000,50000000,12221,5000,3790640.0,7376.04350766
50000000,50005000,12222,5000,3790957.0,7376.19029846
50005000,50010000,12223,5000,3791256.0,7376.4238791
50010000,50015000,12224,5000,3791555.0,7376.70838716
50015000,50020000,12225,5000,3791854.0,7376.95143866
50020000,50025000,12226,5000,3792153.0,7377.07463646
50025000,50030000,12227,5000,3792452.0,7377.23806842
50030000,50035000,12228,5000,3792751.0,7377.44281494
50035000,50040000,12229,5000,3793051.0,7377.67367406
50040000,50045000,12230,5000,3793350.0,7377.82437806
50045000,50050000,12231,5000,3793649.0,7378.10282858
50050000,50055000,12232,5000,3793948.0,7378.34756498
50055000,50060000,12233,5000,3794247.0,7378.6480976
50060000,50065000,12234,5000,3794546.0,7378.89036309
50065000,50070000,12235,5000,3794845.0,7379.18127761
50070000,50075000,12236,5000,3795145.0,7379.4250421
50075000,50080000,12237,5000,3795444.0,7379.53095742
50080000,50085000,12238,5000,3795743.0,7379.63737903
50085000,50090000,12239,5000,3796042.0,7379.70998556
50090000,50095000,12240,5000,3796341.0,7379.67462927
50095000,50100000,12241,5000,3796640.0,7379.80857371
50100000,50105000,12242,5000,3796940.0,7379.92545495
50105000,50110000,12243,5000,3797239.0,7380.1663691
50110000,50115000,12244,5000,3797538.0,7380.45877019
50115000,50120000,12245,5000,3797837.0,7380.05721667
50120000,50125000,12246,5000,3798136.0,7380.16078924
50125000,50130000,12247,5000,3798435.0,7380.36041233
50130000,50135000,12248,5000,3798735.0,7380.53534205
50135000,50140000,12249,5000,3799034.0,7380.58281755
50140000,50145000,12250,5000,3799333.0,7380.80730413
50145000,50150000,12251,5000,3799632.0,7381.09073823
50150000,50155000,12252,5000,3799931.0,7381.3260785
50155000,50160000,12253,5000,3800230.0,7381.56312647
50160000,50165000,12254,5000,3800529.0,7381.80508851
50165000,50170000,12255,5000,3800828.0,7381.77016328
50170000,50175000,12256,5000,3801127.0,7381.8942563
50175000,50180000,12257,5000,3801427.0,7382.01582936
50180000,50185000,12258,5000,3801726.0,7382.12303268
50185000,50190000,12259,5000,3802025.0,7382.00340038
50190000,50195000,12260,5000,3802324.0,7382.11495787
50195000,50200000,12261,5000,3802623.0,7382.40734134
50200000,50205000,12262,5000,3802922.0,7382.68631738
50205000,50210000,12263,5000,3803222.0,7382.9740323
50210000,50215000,12264,5000,3803521.0,7382.9565568
50215000,50220000,12265,5000,3803820.0,7383.18633955
50220000,50225000,12266,5000,3804119.0,7383.25310588
50225000,50230000,12267,5000,3804418.0,7382.99055712
50230000,50235000,12268,5000,3804717.0,7383.10616741
50235000,50240000,12269,5000,3805017.0,7383.10912334
50240000,50245000,12270,5000,3805316.0,7383.12274447
50245000,50250000,12271,5000,3805615.0,7383.22226325
50250000,50255000,12272,5000,3805914.0,7383.19414766
50255000,50260000,12273,5000,3806213.0,7383.1255678
50260000,50265000,12274,5000,3806512.0,7383.40691451
50265000,50270000,12275,5000,3806811.0,7383.64842235
50270000,50275000,12276,5000,3807110.0,7383.87892393
50275000,50280000,12277,5000,3807410.0,7383.99740829
50280000,50285000,12278,5000,3807709.0,7384.28980515
50285000,50290000,12279,5000,3808008.0,7384.56732734
50290000,50295000,12280,5000,3808307.0,7384.68212255
50295000,50300000,12281,5000,3808606.0,7384.78807155
50300000,50305000,12282,5000,3808905.0,7384.88338004
50305000,50310000,12283,5000,3809205.0,7384.68666299
50310000,50315000,12284,5000,3809504.0,7384.70029446
50315000,50320000,12285,5000,3809803.0,7384.78504972
50320000,50325000,12286,5000,3810102.0,7384.79775371
50325000,50330000,12287,5000,3810401.0,7385.00246104
50330000,50335000,12288,5000,3810700.0,7385.24212832
50335000,50340000,12289,5000,3810999.0,7385.3542376
50340000,50345000,12290,5000,3811298.0,7385.6520517
50345000,50350000,12291,5000,3811597.0,7385.88469964
50350000,50355000,12292,5000,3811896.0,7386.04708335
50355000,50360000,12293,5000,3812195.0,7386.31099787
50360000,50365000,12294,5000,3812494.0,7386.41953163
50365000,50370000,12295,5000,3812794.0,7386.31489087
50370000,50375000,12296,5000,3813093.0,7386.19754289
50375000,50380000,12297,5000,3813392.0,7386.08472272
50380000,50385000,12298,5000,3813691.0,7385.95960521
50385000,50390000,12299,5000,3813990.0,7385.83198471
50390000,50395000,12300,5000,3814289.0,7386.10938912
50395000,50400000,12301,5000,3814588.0,7386.38901466
50400000,50405000,12302,5000,3814887.0,7386.52766746
50405000,50410000,12303,5000,3815186.0,7386.76075476
50410000,50415000,12304,5000,3815486.0,7387.05098826
50415000,50420000,12305,5000,3815785.0,7387.3398051
50420000,50425000,12306,5000,3816084.0,7387.5648156
50425000,50430000,12307,5000,3816383.0,7387.79387915
50430000,50435000,12308,5000,3816682.0,7387.92198292
50435000,50440000,12309,5000,3816981.0,7388.15348005
50440000,50445000,12310,5000,3817280.0,7388.17217397
50445000,50450000,12311,5000,3817579.0,7388.45414888
50450000,50455000,12312,5000,3817879.0,7388.54601559
50455000,50460000,12313,5000,3818178.0,7388.66690489
50460000,50465000,12314,5000,3818477.0,7388.79832933
50465000,50470000,12315,5000,3818776.0,7389.0954552
50470000,50475000,12316,5000,3819075.0,7389.20293611
50475000,50480000,12317,5000,3819374.0,7389.32823291
50480000,50485000,12318,5000,3819673.0,7389.4289678
50485000,50490000,12319,5000,3819973.0,7389.66648209
50490000,50495000,12320,5000,3820272.0,7389.79487112
50495000,50500000,12321,5000,3820571.0,7389.74213069
50500000,50505000,12322,5000,3820870.0,7389.81010013
50505000,50510000,12323,5000,3821169.0,7389.92124535
50510000,50515000,12324,5000,3821468.0,7390.20888933
50515000,50520000,12325,5000,3821767.0,7390.44470493
50520000,50525000,12326,5000,3822066.0,7390.42666674
50525000,50530000,12327,5000,3822366.0,7390.16711373
50530000,50535000,12328,5000,3822665.0,7390.34463725
50535000,50540000,12329,5000,3822964.0,7390.55081295
50540000,50545000,12330,5000,3823263.0,7390.7865041
50545000,50550000,12331,5000,3823562.0,7391.00888553
50550000,50555000,12332,5000,3823861.0,7391.23025776
50555000,50560000,12333,5000,3824161.0,7391.22166834
50560000,50565000,12334,5000,3824460.0,7391.3435791
50565000,50570000,12335,5000,3824759.0,7391.4975151
50570000,50575000,12336,5000,3825058.0,7391.70195487
50575000,50580000,12337,5000,3825357.0,7391.81965731
50580000,50585000,12338,5000,3825656.0,7391.79925063
50585000,50590000,12339,5000,3825955.0,7392.07922864
50590000,50595000,12340,5000,3826255.0,7392.06065024
50595000,50600000,12341,5000,3826554.0,7392.1809413
50600000,50605000,12342,5000,3826853.0,7392.36743624
50605000,50610000,12343,5000,3827152.0,7392.49816318
50610000,50615000,12344,5000,3827451.0,7392.68393253
50615000,50620000,12345,5000,3827750.0,7392.42346179
50620000,50625000,12346,5000,3828049.0,7392.38071729
50625000,50630000,12347,5000,3828348.0,7392.50230895
50630000,50635000,12348,5000,3828647.0,7392.79955119
50635000,50640000,12349,5000,3828946.0,7393.04121075
50640000,50645000,12350,5000,3829246.0,7393.20379819
50645000,50650000,12351,5000,3829545.0,7393.44737163
50650000,50655000,12352,5000,3829844.0,7393.56564151
50655000,50660000,12353,5000,3830143.0,7393.75025008
50660000,50665000,12354,5000,3830442.0,7393.83788981
50665000,50670000,12355,5000,3830741.0,7394.05870045
50670000,50675000,12356,5000,3831041.0,7393.98784888
50675000,50680000,12357,5000,3831340.0,7394.09949843
50680000,50685000,12358,5000,3831639.0,7394.20823539
50685000,50690000,12359,5000,3831938.0,7394.35391669
50690000,50695000,12360,5000,3832237.0,7394.64973829
50695000,50700000,12361,5000,3832536.0,7394.7755917
50700000,50705000,12362,5000,3832835.0,7394.89084056
50705000,50710000,12363,5000,3833134.0,7395.18339989
50710000,50715000,12364,5000,3833433.0,7395.41006514
50715000,50720000,12365,5000,3833732.0,7395.56427486
50720000,50725000,12366,5000,3834031.0,7395.82573879
50725000,50730000,12367,5000,3834331.0,7396.06879296
50730000,50735000,12368,5000,3834630.0,7396.18690676
50735000,50740000,12369,5000,3834929.0,7396.45838942
50740000,50745000,12370,5000,3835228.0,7396.49645851
50745000,50750000,12371,5000,3835527.0,7396.69138386
50750000,50755000,12372,5000,3835826.0,7396.98298486
50755000,50760000,12373,5000,3836125.0,7397.21780321
50760000,50765000,12374,5000,3836425.0,7397.44570307
50765000,50770000,12375,5000,3836724.0,7397.55594584
50770000,50775000,12376,5000,3837023.0,7397.66162494
50775000,50780000,12377,5000,3837322.0,7397.87303024
50780000,50785000,12378,5000,3837621.0,7397.60052657
50785000,50790000,12379,5000,3837920.0,7397.3708731
50790000,50795000,12380,5000,3838219.0,7396.701424
50795000,50800000,12381,5000,3838518.0,7396.46774239
50800000,50805000,12382,5000,3838817.0,7396.76189556
50805000,50810000,12383,5000,3839117.0,7396.87261914
50810000,50815000,12384,5000,3839416.0,7397.15773295
50815000,50820000,12385,5000,3839715.0,7397.33527032
50820000,50825000,12386,5000,3840014.0,7397.44375574
50825000,50830000,12387,5000,3840313.0,7397.39156683
50830000,50835000,12388,5000,3840612.0,7397.40844428
50835000,50840000,12389,5000,3840911.0,7397.5303524
50840000,50845000,12390,5000,3841210.0,7397.54048155
50845000,50850000,12391,5000,3841510.0,7397.63246574
50850000,50855000,12392,5000,3841809.0,7397.67346386
50855000,50860000,12393,5000,3842108.0,7397.79992377
50860000,50865000,12394,5000,3842407.0,7397.94820412
50865000,50870000,12395,5000,3842706.0,7398.16393584
50870000,50875000,12396,5000,3843005.0,7398.27343759
50875000,50880000,12397,5000,3843305.0,7398.10034903
50880000,50885000,12398,5000,3843604.0,7398.22246664
50885000,50890000,12399,5000,3843903.0,7398.02728497
50890000,50895000,12400,5000,3844202.0,7397.77112618
50895000,50900000,12401,5000,3844501.0,7397.858068
50900000,50905000,12402,5000,3844800.0,7397.89025646
50905000,50910000,12403,5000,3845099.0,7397.91966089
50910000,50915000,12404,5000,3845399.0,7398.02856654
50915000,50920000,12405,5000,3845698.0,7398.14676618
50920000,50925000,12406,5000,3845997.0,7398.38361503
50925000,50930000,12407,5000,3846296.0,7398.56292933
50930000,50935000,12408,5000,3846595.0,7398.79985102
50935000,50940000,12409,5000,3846894.0,7399.0865161
50940000,50945000,12410,5000,3847193.0,7399.32291878
50945000,50950000,12411,5000,3847492.0,7399.56131182
50950000,50955000,12412,5000,3847792.0,7399.79551269
50955000,50960000,12413,5000,3848091.0,7400.03082915
50960000,50965000,12414,5000,3848390.0,7400.17829616
50965000,50970000,12415,5000,3848689.0,7400.33109283
50970000,50975000,12416,5000,3848988.0,7400.30527733
50975000,50980000,12417,5000,3849287.0,7400.42642061
50980000,50985000,12418,5000,3849586.0,7400.70490313
50985000,50990000,12419,5000,3849886.0,7400.84628603
50990000,50995000,12420,5000,3850185.0,7400.90955988
50995000,51000000,12421,5000,3850484.0,7401.0127984
51000000,51005000,12422,5000,3850783.0,7401.18515573
51005000,51010000,12423,5000,3851084.0,7401.42074253
51010000,51015000,12424,5000,3851386.0,7401.54477461
51015000,51020000,12425,5000,3851687.0,7401.54874737
51020000,51025000,12426,5000,3851989.0,7401.2945426
51025000,51030000,12427,5000,3852290.0,7401.06119414
51030000,51035000,12428,5000,3852591.0,7401.12805766
51035000,51040000,12429,5000,3852893.0,7401.3592015
51040000,51045000,12430,5000,3853194.0,7401.25209601
51045000,51050000,12431,5000,3853495.0,7401.29691588
51050000,51055000,12432,5000,3853797.0,7401.32440032
51055000,51060000,12433,5000,3854098.0,7401.43393439
51060000,51065000,12434,5000,3854400.0,7401.71544212
51065000,51070000,12435,5000,3854701.0,7401.89577716
51070000,51075000,12436,5000,3855002.0,7402.16546869
51075000,51080000,12437,5000,3855304.0,7402.40552965
51080000,51085000,12438,5000,3855605.0,7402.45803552
51085000,51090000,12439,5000,3855907.0,7402.51324994
51090000,51095000,12440,5000,3856208.0,7402.59968869
51095000,51100000,12441,5000,3856509.0,7402.55570291
51100000,51105000,12442,5000,3856811.0,7402.33639072
51105000,51110000,12443,5000,3857112.0,7402.6068673
51110000,51115000,12444,5000,3857413.0,7402.69421214
51115000,51120000,12445,5000,3857715.0,7402.83564304
51120000,51125000,12446,5000,3858016.0,7403.03404531
51125000,51130000,12447,5000,3858317.0,7403.15960238
51130000,51135000,12448,5000,3858619.0,7403.35413058
51135000,51140000,12449,5000,3858920.0,7403.6294198
51140000,51145000,12450,5000,3859221.0,7403.74486347
51145000,51150000,12451,5000,3859523.0,7404.00884675
51150000,51155000,12452,5000,3859824.0,7404.12202308
51155000,51160000,12453,5000,3860126.0,7404.33579582
51160000,51165000,12454,5000,3860427.0,7404.46287249
51165000,51170000,12455,5000,3860728.0,7404.73604115
51170000,51175000,12456,5000,3861030.0,7404.97034469
51175000,51180000,12457,5000,3861331.0,7405.07484147
51180000,51185000,12458,5000,3861633.0,7405.19004521
51185000,51190000,12459,5000,3861934.0,7405.44814413
51190000,51195000,12460,5000,3862235.0,7405.66847506
51195000,51200000,12461,5000,3862537.0,7405.82081265
51200000,51205000,12462,5000,3862838.0,7406.07901524
51205000,51210000,12463,5000,3863140.0,7406.14522725
51210000,51215000,12464,5000,3863441.0,7406.25433406
51215000,51220000,12465,5000,3863742.0,7406.48272875
51220000,51225000,12466,5000,3864044.0,7406.58785651
51225000,51230000,12467,5000,3864345.0,7406.79734357
51230000,51235000,12468,5000,3864647.0,7406.75003521
51235000,51240000,12469,5000,3864948.0,7406.70112982
51240000,51245000,12470,5000,3865249.0,7406.70030685
51245000,51250000,12471,5000,3865551.0,7406.63260886
51250000,51255000,12472,5000,3865852.0,7406.64319976
51255000,51260000,12473,5000,3866153.0,7406.61984732
51260000,51265000,12474,5000,3866455.0,7406.66002068
51265000,51270000,12475,5000,3866756.0,7406.72457205
51270000,51275000,12476,5000,3867057.0,7406.83518249
51275000,51280000,12477,5000,3867359.0,7406.80135109
51280000,51285000,12478,5000,3867660.0,7406.65589585
51285000,51290000,12479,5000,3867961.0,7406.75895304
51290000,51295000,12480,5000,3868263.0,7406.69953688
51295000,51300000,12481,5000,3868564.0,7406.81352368
51300000,51305000,12482,5000,3868866.0,7407.10854213
51305000,51310000,12483,5000,3869167.0,7407.14744667
51310000,51315000,12484,5000,3869469.0,7407.20748881
51315000,51320000,12485,5000,3869770.0,7407.43703014
51320000,51325000,12486,5000,3870071.0,7407.55059646
51325000,51330000,12487,5000,3870373.0,7407.66580563
51330000,51335000,12488,5000,3870674.0,7407.77520286
51335000,51340000,12489,5000,3870976.0,7407.6606901
51340000,51345000,12490,5000,3871277.0,7407.93640295
51345000,51350000,12491,5000,3871579.0,7408.1525441
51350000,51355000,12492,5000,3871880.0,7408.13787218
51355000,51360000,12493,5000,3872181.0,7408.00562535
51360000,51365000,12494,5000,3872483.0,7408.22813127
51365000,51370000,12495,5000,3872784.0,7408.36903339
51370000,51375000,12496,5000,3873085.0,7408.45046851
51375000,51380000,12497,5000,3873387.0,7408.52282221
51380000,51385000,12498,5000,3873688.0,7408.75553962
51385000,51390000,12499,5000,3873990.0,7408.97188487
51390000,51395000,12500,5000,3874291.0,7409.09012651
51395000,51400000,12501,5000,3874592.0,7409.30715417
51400000,51405000,12502,5000,3874894.0,7409.42592983
51405000,51410000,12503,5000,3875195.0,7409.64089059
51410000,51415000,12504,5000,3875496.0,7409.86176521
51415000,51420000,12505,5000,3875798.0,7410.08349699
51420000,51425000,12506,5000,3876099.0,7410.31229043
51425000,51430000,12507,5000,3876400.0,7410.53906629
51430000,51435000,12508,5000,3876702.0,7410.62689391
51435000,51440000,12509,5000,3877003.0,7410.83696873
51440000,51445000,12510,5000,3877305.0,7410.95630959
51445000,51450000,12511,5000,3877606.0,7410.75799975
51450000,51455000,12512,5000,3877907.0,7410.8641975
51455000,51460000,12513,5000,3878209.0,7410.84740027
51460000,51465000,12514,5000,3878510.0,7410.92218233
51465000,51470000,12515,5000,3878812.0,7410.89346281
51470000,51475000,12516,5000,3879113.0,7411.17462704
51475000,51480000,12517,5000,3879414.0,7411.39685102
51480000,51485000,12518,5000,3879716.0,7411.50236014
51485000,51490000,12519,5000,3880017.0,7411.43483812
51490000,51495000,12520,5000,3880319.0,7411.52489455
51495000,51500000,12521,5000,3880620.0,7411.53125566
51500000,51505000,12522,5000,3880921.0,7411.649563
51505000,51510000,12523,5000,3881222.0,7411.76583441
51510000,51515000,12524,5000,3881524.0,7411.88214167
51515000,51520000,12525,5000,3881825.0,7411.78447098
51520000,51525000,12526,5000,3882127.0,7411.89323557
51525000,51530000,12527,5000,3882428.0,7412.00138969
51530000,51535000,12528,5000,3882729.0,7411.95486644
51535000,51540000,12529,5000,3883031.0,7412.23233087
51540000,51545000,12530,5000,3883332.0,7412.38628594
51545000,51550000,12531,5000,3883633.0,7412.61410644
51550000,51555000,12532,5000,3883935.0,7412.82787941
51555000,51560000,12533,5000,3884236.0,7413.04602391
51560000,51565000,12534,5000,3884537.0,7413.31885158
51565000,51570000,12535,5000,3884839.0,7413.54369835
51570000,51575000,12536,5000,3885140.0,7413.7655261
51575000,51580000,12537,5000,3885442.0,7413.9864515
51580000,51585000,12538,5000,3885743.0,7414.21262171
51585000,51590000,12539,5000,3886044.0,7414.43297286
51590000,51595000,12540,5000,3886346.0,7414.7129523
51595000,51600000,12541,5000,3886647.0,7414.94134802
51600000,51605000,12542,5000,3886949.0,7415.10260238
51605000,51610000,12543,5000,3887250.0,7415.38174074
51610000,51615000,12544,5000,3887551.0,7415.66602033
51615000,51620000,12545,5000,3887852.0,7415.8900875
51620000,51625000,12546,5000,3888154.0,7415.61510935
51625000,51630000,12547,5000,3888455.0,7415.5528971
51630000,51635000,12548,5000,3888757.0,7415.47952481
51635000,51640000,12549,5000,3889058.0,7415.25155654
51640000,51645000,12550,5000,3889359.0,7415.3755455
51645000,51650000,12551,5000,3889661.0,7415.49958552
51650000,51655000,12552,5000,3889962.0,7415.35964955
51655000,51660000,12553,5000,3890264.0,7415.45369432
51660000,51665000,12554,5000,3890565.0,7415.57080854
51665000,51670000,12555,5000,3890866.0,7415.52246105
51670000,51675000,12556,5000,3891167.0,7415.47494377
51675000,51680000,12557,5000,3891469.0,7412.65139602
51680000,51685000,12558,5000,3891770.0,7412.83150216
51685000,51690000,12559,5000,3892071.0,7412.9156821
51690000,51695000,12560,5000,3892373.0,7413.14244334
51695000,51700000,12561,5000,3892674.0,7413.27271704
51700000,51705000,12562,5000,3892976.0,7413.46460683
51705000,51710000,12563,5000,3893277.0,7413.6410353
51710000,51715000,12564,5000,3893579.0,7413.74764015
51715000,51720000,12565,5000,3893880.0,7413.87400459
51720000,51725000,12566,5000,3894181.0,7413.99709615
51725000,51730000,12567,5000,3894483.0,7414.06956981
51730000,51735000,12568,5000,3894784.0,7413.91055015
51735000,51740000,12569,5000,3895085.0,7414.1483324
51740000,51745000,12570,5000,3895387.0,7414.27904734
51745000,51750000,12571,5000,3895688.0,7414.5017688
51750000,51755000,12572,5000,3895990.0,7414.64831153
51755000,51760000,12573,5000,3896291.0,7414.85389143
51760000,51765000,12574,5000,3896592.0,7414.96067878
51765000,51770000,12575,5000,3896894.0,7415.18743942
51770000,51775000,12576,5000,3897195.0,7415.40759332
51775000,51780000,12577,5000,3897496.0,7415.63034681
51780000,51785000,12578,5000,3897798.0,7415.85831547
51785000,51790000,12579,5000,3898099.0,7416.08204265
51790000,51795000,12580,5000,3898401.0,7416.3072307
51795000,51800000,12581,5000,3898702.0,7416.53818473
51800000,51805000,12582,5000,3899003.0,7416.58668548
51805000,51810000,12583,5000,3899305.0,7416.71581399
51810000,51815000,12584,5000,3899606.0,7416.72938299
51815000,51820000,12585,5000,3899907.0,7416.90439895
51820000,51825000,12586,5000,3900209.0,7417.03679979
51825000,51830000,12587,5000,3900510.0,7417.12407889
51830000,51835000,12588,5000,3900812.0,7417.13553732
51835000,51840000,12589,5000,3901113.0,7417.3004201
51840000,51845000,12590,5000,3901414.0,7417.58470347
51845000,51850000,12591,5000,3901716.0,7417.85904731
51850000,51855000,12592,5000,3902017.0,7417.95775729
51855000,51860000,12593,5000,3902318.0,7418.13123303
51860000,51865000,12594,5000,3902620.0,7418.32317223
51865000,51870000,12595,5000,3902921.0,7418.14902819
51870000,51875000,12596,5000,3903222.0,7417.97111437
51875000,51880000,12597,5000,3903524.0,7418.0736673
51880000,51885000,12598,5000,3903825.0,7418.16391872
51885000,51890000,12599,5000,3904127.0,7418.27990894
51890000,51895000,12600,5000,3904428.0,7417.98250573
51895000,51900000,12601,5000,3904729.0,7417.87399592
51900000,51905000,12602,5000,3905031.0,7418.15663291
51905000,51910000,12603,5000,3905332.0,7418.28573581
51910000,51915000,12604,5000,3905634.0,7418.18668664
51915000,51920000,12605,5000,3905935.0,7418.08578313
51920000,51925000,12606,5000,3906236.0,7418.22442493
51925000,51930000,12607,5000,3906538.0,7418.46745013
51930000,51935000,12608,5000,3906839.0,7418.59646322
51935000,51940000,12609,5000,3907140.0,7418.84059059
51940000,51945000,12610,5000,3907442.0,7418.96773215
51945000,51950000,12611,5000,3907743.0,7418.86517533
51950000,51955000,12612,5000,3908045.0,7418.98914313
51955000,51960000,12613,5000,3908346.0,7419.11523704
51960000,51965000,12614,5000,3908647.0,7419.01569003
51965000,51970000,12615,5000,3908949.0,7419.13995829
51970000,51975000,12616,5000,3909250.0,7419.430654
51975000,51980000,12617,5000,3909552.0,7419.67495481
51980000,51985000,12618,5000,3909853.0,7419.96876223
51985000,51990000,12619,5000,3910154.0,7420.21013788
51990000,51995000,12620,5000,3910456.0,7420.45052937
51995000,52000000,12621,5000,3910757.0,7420.69104292
52000000,52005000,12622,5000,3911059.0,7420.82132755
52005000,52010000,12623,5000,3911371.0,7421.12949975
52010000,52015000,12624,5000,3911684.0,7421.27421994
52015000,52020000,12625,5000,3911997.0,7421.07011508
52020000,52025000,12626,5000,3912310.0,7420.98018515
52025000,52030000,12627,5000,3912623.0,7421.122541
52030000,52035000,12628,5000,3912936.0,7421.26708765
52035000,52040000,12629,5000,3913248.0,7421.40642843
52040000,52045000,12630,5000,3913561.0,7421.32009242
52045000,52050000,12631,5000,3913874.0,7421.62072164
52050000,52055000,12632,5000,3914187.0,7421.75998102
52055000,52060000,12633,5000,3914500.0,7421.90277296
52060000,52065000,12634,5000,3914813.0,7422.0426154
52065000,52070000,12635,5000,3915126.0,7422.18413154
52070000,52075000,12636,5000,3915438.0,7422.32552278
52075000,52080000,12637,5000,3915751.0,7422.24092803
52080000,52085000,12638,5000,3916064.0,7422.15879708
52085000,52090000,12639,5000,3916377.0,7422.40027713
52090000,52095000,12640,5000,3916690.0,7422.69274602
52095000,52100000,12641,5000,3917003.0,7422.77709749
52100000,52105000,12642,5000,3917315.0,7423.02479166
52105000,52110000,12643,5000,3917628.0,7423.02943416
52110000,52115000,12644,5000,3917941.0,7423.02646779
52115000,52120000,12645,5000,3918254.0,7423.00560126
52120000,52125000,12646,5000,3918567.0,7422.98022237
52125000,52130000,12647,5000,3918879.0,7422.97629508
52130000,52135000,12648,5000,3919192.0,7423.27518052
52135000,52140000,12649,5000,3919505.0,7423.52373557
52140000,52145000,12650,5000,3919818.0,7423.77415484
52145000,52150000,12651,5000,3920131.0,7423.22848334
52150000,52155000,12652,5000,3920444.0,7422.68038242
52155000,52160000,12653,5000,3920757.0,7422.13222549
52160000,52165000,12654,5000,3921070.0,7420.72692168
52165000,52170000,12655,5000,3921382.0,7420.16663518
52170000,52175000,12656,5000,3921695.0,7418.87223413
52175000,52180000,12657,5000,3922008.0,7417.61118224
52180000,52185000,12658,5000,3922321.0,7417.06000222
52185000,52190000,12659,5000,3922634.0,7417.21472352
52190000,52195000,12660,5000,3922947.0,7417.36240147
52195000,52200000,12661,5000,3923259.0,7417.47744389
52200000,52205000,12662,5000,3923572.0,7417.78206373
52205000,52210000,12663,5000,3923885.0,7417.88314043
52210000,52215000,12664,5000,3924198.0,7418.12918401
52215000,52220000,12665,5000,3924511.0,7418.37618423
52220000,52225000,12666,5000,3924824.0,7418.62917933
52225000,52230000,12667,5000,3925137.0,7418.69965059
52230000,52235000,12668,5000,3925449.0,7418.93915827
52235000,52240000,12669,5000,3925762.0,7419.19472066
52240000,52245000,12670,5000,3926075.0,7419.44629187
52245000,52250000,12671,5000,3926388.0,7419.68590935
52250000,52255000,12672,5000,3926700.0,7419.93464577
52255000,52260000,12673,5000,3927013.0,7420.22394838
52260000,52265000,12674,5000,3927326.0,7420.46663571
52265000,52270000,12675,5000,3927639.0,7420.50755615
52270000,52275000,12676,5000,3927952.0,7420.29770927
52275000,52280000,12677,5000,3928265.0,7420.25016039
52280000,52285000,12678,5000,3928578.0,7420.37016094
52285000,52290000,12679,5000,3928891.0,7420.62075256
52290000,52295000,12680,5000,3929204.0,7420.86865799
52295000,52300000,12681,5000,3929517.0,7421.0066908
52300000,52305000,12682,5000,3929829.0,7420.78085246
52305000,52310000,12683,5000,3930142.0,7420.67657524
52310000,52315000,12684,5000,3930455.0,7420.57894786
52315000,52320000,12685,5000,3930768.0,7420.42918387
52320000,52325000,12686,5000,3931081.0,7420.61885534
52325000,52330000,12687,5000,3931394.0,7420.66192029
52330000,52335000,12688,5000,3931707.0,7420.48641453
52335000,52340000,12689,5000,3932019.0,7420.47875103
52340000,52345000,12690,5000,3932332.0,7420.450501
52345000,52350000,12691,5000,3932645.0,7420.53858048
52350000,52355000,12692,5000,3932958.0,7420.69544065
52355000,52360000,12693,5000,3933270.0,7420.72337824
52360000,52365000,12694,5000,3933583.0,7420.66753696
52365000,52370000,12695,5000,3933896.0,7420.60985986
52370000,52375000,12696,5000,3934209.0,7420.72005399
52375000,52380000,12697,5000,3934522.0,7420.92512867
52380000,52385000,12698,5000,3934835.0,7420.31227484
52385000,52390000,12699,5000,3935148.0,7419.58022994
52390000,52395000,12700,5000,3935461.0,7418.17418511
52395000,52400000,12701,5000,3935773.0,7417.36027913
52400000,52405000,12702,5000,3936086.0,7417.48666922
52405000,52410000,12703,5000,3936399.0,7417.76895417
52410000,52415000,12704,5000,3936712.0,7417.87986289
52415000,52420000,12705,5000,3937025.0,7417.97727149
52420000,52425000,12706,5000,3937338.0,7418.21945698
52425000,52430000,12707,5000,3937650.0,7418.34746918
52430000,52435000,12708,5000,3937963.0,7418.50120282
52435000,52440000,12709,5000,3938276.0,7418.71980323
52440000,52445000,12710,5000,3938589.0,7418.81813462
52445000,52450000,12711,5000,3938902.0,7418.88267793
52450000,52455000,12712,5000,3939215.0,7419.00923494
52455000,52460000,12713,5000,3939528.0,7418.71776898
52460000,52465000,12714,5000,3939841.0,7418.4320704
52465000,52470000,12715,5000,3940153.0,7418.45350116
52470000,52475000,12716,5000,3940466.0,7418.57480281
52475000,52480000,12717,5000,3940779.0,7418.55790994
52480000,52485000,12718,5000,3941092.0,7418.69260527
52485000,52490000,12719,5000,3941405.0,7418.88456603
52490000,52495000,12720,5000,3941718.0,7418.7098408
52495000,52500000,12721,5000,3942030.0,7418.68366032
52500000,52505000,12722,5000,3942343.0,7418.6658031
52505000,52510000,12723,5000,3942656.0,7418.68891835
52510000,52515000,12724,5000,3942969.0,7418.67477412
52515000,52520000,12725,5000,3943282.0,7418.96190686
52520000,52525000,12726,5000,3943595.0,7419.20622328
52525000,52530000,12727,5000,3943907.0,7419.49634335
52530000,52535000,12728,5000,3944220.0,7419.74242748
52535000,52540000,12729,5000,3944533.0,7419.98739737
52540000,52545000,12730,5000,3944846.0,7420.11372702
52545000,52550000,12731,5000,3945159.0,7420.23921239
52550000,52555000,12732,5000,3945472.0,7420.37007232
52555000,52560000,12733,5000,3945784.0,7420.27745027
52560000,52565000,12734,5000,3946097.0,7420.56610501
52565000,52570000,12735,5000,3946410.0,7420.81418782
52570000,52575000,12736,5000,3946723.0,7421.05082009
52575000,52580000,12737,5000,3947036.0,7421.18720126
52580000,52585000,12738,5000,3947349.0,7421.32794691
52585000,52590000,12739,5000,3947661.0,7421.13010194
52590000,52595000,12740,5000,3947974.0,7421.39967586
52595000,52600000,12741,5000,3948287.0,7421.51673497
52600000,52605000,12742,5000,3948600.0,7421.6208186
52605000,52610000,12743,5000,3948913.0,7421.85936907
52610000,52615000,12744,5000,3949226.0,7421.98975391
52615000,52620000,12745,5000,3949538.0,7422.28291638
52620000,52625000,12746,5000,3949851.0,7422.51858354
52625000,52630000,12747,5000,3950164.0,7422.64874208
52630000,52635000,12748,5000,3950477.0,7422.01371158
52635000,52640000,12749,5000,3950790.0,7421.75444728
52640000,52645000,12750,5000,3951103.0,7421.88303308
52645000,52650000,12751,5000,3951416.0,7422.02443937
52650000,52655000,12752,5000,3951728.0,7421.98631604
52655000,52660000,12753,5000,3952041.0,7422.15090604
52660000,52665000,12754,5000,3952354.0,7422.40364084
52665000,52670000,12755,5000,3952667.0,7422.54076053
52670000,52675000,12756,5000,3952979.0,7422.77546259
52675000,52680000,12757,5000,3953292.0,7423.01831739
52680000,52685000,12758,5000,3953605.0,7423.13109786
52685000,52690000,12759,5000,3953918.0,7423.26697382
52690000,52695000,12760,5000,3954231.0,7423.39111096
52695000,52700000,12761,5000,3954544.0,7423.29949006
52700000,52705000,12762,5000,3954857.0,7423.27986321
52705000,52710000,12763,5000,3955169.0,7423.41094285
52710000,52715000,12764,5000,3955482.0,7423.43647689
52715000,52720000,12765,5000,3955795.0,7423.71273365
52720000,52725000,12766,5000,3956108.0,7423.86476495
52725000,52730000,12767,5000,3956421.0,7424.0288549
52730000,52735000,12768,5000,3956733.0,7423.99309525
52735000,52740000,12769,5000,3957046.0,7424.23268078
52740000,52745000,12770,5000,3957359.0,7424.46856755
52745000,52750000,12771,5000,3957672.0,7424.57815278
52750000,52755000,12772,5000,3957985.0,7424.66459237
52755000,52760000,12773,5000,3958298.0,7424.74251003
52760000,52765000,12774,5000,3958611.0,7424.82260173
52765000,52770000,12775,5000,3958924.0,7424.68773879
52770000,52775000,12776,5000,3959237.0,7424.81461859
52775000,52780000,12777,5000,3959549.0,7424.72280352
52780000,52785000,12778,5000,3959862.0,7424.85476004
52785000,52790000,12779,5000,3960175.0,7424.98078248
52790000,52795000,12780,5000,3960488.0,7424.88410637
52795000,52800000,12781,5000,3960801.0,7424.98398387
52800000,52805000,12782,5000,3961114.0,7425.12017138
52805000,52810000,12783,5000,3961426.0,7425.25967434
52810000,52815000,12784,5000,3961739.0,7425.52981391
52815000,52820000,12785,5000,3962052.0,7425.64086788
52820000,52825000,12786,5000,3962365.0,7425.61797871
52825000,52830000,12787,5000,3962678.0,7425.76021005
52830000,52835000,12788,5000,3962991.0,7426.02700653
52835000,52840000,12789,5000,3963304.0,7426.14852077
52840000,52845000,12790,5000,3963616.0,7426.21379864
52845000,52850000,12791,5000,3963929.0,7426.3390434
52850000,52855000,12792,5000,3964242.0,7426.58012029
52855000,52860000,12793,5000,3964555.0,7426.74726174
52860000,52865000,12794,5000,3964868.0,7426.97621789
52865000,52870000,12795,5000,3965181.0,7427.19366573
52870000,52875000,12796,5000,3965493.0,7427.38467813
52875000,52880000,12797,5000,3965806.0,7427.5141488
52880000,52885000,12798,5000,3966119.0,7427.53762385
52885000,52890000,12799,5000,3966432.0,7427.72262129
52890000,52895000,12800,5000,3966745.0,7427.96827217
52895000,52900000,12801,5000,3967058.0,7428.10033246
52900000,52905000,12802,5000,3967370.0,7428.25495618
52905000,52910000,12803,5000,3967683.0,7428.30253666
52910000,52915000,12804,5000,3967996.0,7428.42648769
52915000,52920000,12805,5000,3968309.0,7428.45826814
52920000,52925000,12806,5000,3968622.0,7428.65182937
52925000,52930000,12807,5000,3968935.0,7428.89295009
52930000,52935000,12808,5000,3969248.0,7428.98007106
52935000,52940000,12809,5000,3969561.0,7429.25641437
52940000,52945000,12810,5000,3969873.0,7429.3507492
52945000,52950000,12811,5000,3970186.0,7429.44922342
52950000,52955000,12812,5000,3970499.0,7429.54791011
52955000,52960000,12813,5000,3970811.0,7429.6135283
52960000,52965000,12814,5000,3971124.0,7429.74854052
52965000,52970000,12815,5000,3971437.0,7429.6744137
52970000,52975000,12816,5000,3971750.0,7429.82085091
52975000,52980000,12817,5000,3972063.0,7429.93252806
52980000,52985000,12818,5000,3972375.0,7430.09082225
52985000,52990000,12819,5000,3972688.0,7430.30833581
52990000,52995000,12820,5000,3973001.0,7430.58630927
52995000,53000000,12821,5000,3973314.0,7430.82006337
53000000,53005000,12822,5000,3973627.0,7431.11514062
53005000,53010000,12823,5000,3973945.0,7431.39923778
53010000,53015000,12824,5000,3974264.0,7431.70835099
53015000,53020000,12825,5000,3974582.0,7431.95204488
53020000,53025000,12826,5000,3974901.0,7432.05366271
53025000,53030000,12827,5000,3975219.0,7432.14658607
53030000,53035000,12828,5000,3975538.0,7432.35040262
53035000,53040000,12829,5000,3975856.0,7432.47287666
53040000,53045000,12830,5000,3976175.0,7432.72598671
53045000,53050000,12831,5000,3976494.0,7432.79691608
53050000,53055000,12832,5000,3976812.0,7433.04823836
53055000,53060000,12833,5000,3977131.0,7433.11992829
53060000,53065000,12834,5000,3977449.0,7433.24838802
53065000,53070000,12835,5000,3977768.0,7433.4719936
53070000,53075000,12836,5000,3978086.0,7433.71685164
53075000,53080000,12837,5000,3978405.0,7433.95955451
53080000,53085000,12838,5000,3978723.0,7434.27066619
53085000,53090000,12839,5000,3979042.0,7434.57983051
53090000,53095000,12840,5000,3979361.0,7434.83470277
53095000,53100000,12841,5000,3979679.0,7434.91949405
53100000,53105000,12842,5000,3979998.0,7435.17637476
53105000,53110000,12843,5000,3980316.0,7435.24225789
53110000,53115000,12844,5000,3980635.0,7435.31762523
53115000,53120000,12845,5000,3980954.0,7435.56145677
53120000,53125000,12846,5000,3981273.0,7435.7959014
53125000,53130000,12847,5000,3981591.0,7436.03152499
53130000,53135000,12848,5000,3981910.0,7436.27870124
53135000,53140000,12849,5000,3982229.0,7436.41263443
53140000,53145000,12850,5000,3982547.0,7436.31824774
53145000,53150000,12851,5000,3982866.0,7436.56324868
53150000,53155000,12852,5000,3983184.0,7436.81769103
53155000,53160000,12853,5000,3983503.0,7437.00916358
53160000,53165000,12854,5000,3983821.0,7437.25417549
53165000,53170000,12855,5000,3984140.0,7437.50207062
53170000,53175000,12856,5000,3984459.0,7437.74773799
53175000,53180000,12857,5000,3984777.0,7437.9999102
53180000,53185000,12858,5000,3985096.0,7438.25218134
53185000,53190000,12859,5000,3985415.0,7438.51157566
53190000,53195000,12860,5000,3985733.0,7438.75643585
53195000,53200000,12861,5000,3986052.0,7439.00769058
53200000,53205000,12862,5000,3986370.0,7439.25895912
53205000,53210000,12863,5000,3986689.0,7439.50801599
53210000,53215000,12864,5000,3987008.0,7439.51960743
53215000,53220000,12865,5000,3987326.0,7439.64922282
53220000,53225000,12866,5000,3987645.0,7439.9094042
53225000,53230000,12867,5000,3987964.0,7440.15876014
53230000,53235000,12868,5000,3988282.0,7440.18400866
53235000,53240000,12869,5000,3988601.0,7440.25083952
53240000,53245000,12870,5000,3988920.0,7440.38695398
53245000,53250000,12871,5000,3989238.0,7440.62745011
53250000,53255000,12872,5000,3989557.0,7440.63737985
53255000,53260000,12873,5000,3989875.0,7440.85457523
53260000,53265000,12874,5000,3990194.0,7441.09108517
53265000,53270000,12875,5000,3990512.0,7441.34836657
53270000,53275000,12876,5000,3990831.0,7441.60073381
53275000,53280000,12877,5000,3991150.0,7441.84927328
53280000,53285000,12878,5000,3991468.0,7441.93555137
53285000,53290000,12879,5000,3991787.0,7442.06899749
53290000,53295000,12880,5000,3992105.0,7442.19925957
53295000,53300000,12881,5000,3992424.0,7442.32247527
53300000,53305000,12882,5000,3992743.0,7442.33347667
53305000,53310000,12883,5000,3993061.0,7442.48319537
53310000,53315000,12884,5000,3993380.0,7442.46778613
53315000,53320000,12885,5000,3993698.0,7442.57328962
53320000,53325000,12886,5000,3994017.0,7442.71960197
53325000,53330000,12887,5000,3994335.0,7442.9704332
53330000,53335000,12888,5000,3994654.0,7443.21893176
53335000,53340000,12889,5000,3994973.0,7443.5208582
53340000,53345000,12890,5000,3995291.0,7443.77922144
53345000,53350000,12891,5000,3995610.0,7443.73507289
53350000,53355000,12892,5000,3995929.0,7443.82570225
53355000,53360000,12893,5000,3996247.0,7443.9144434
53360000,53365000,12894,5000,3996566.0,7444.03261159
53365000,53370000,12895,5000,3996884.0,7444.14154394
53370000,53375000,12896,5000,3997203.0,7444.09656337
53375000,53380000,12897,5000,3997522.0,7444.04894324
53380000,53385000,12898,5000,3997840.0,7444.17402248
53385000,53390000,12899,5000,3998159.0,7444.47346224
53390000,53395000,12900,5000,3998477.0,7444.70922335
53395000,53400000,12901,5000,3998796.0,7444.62932349
53400000,53405000,12902,5000,3999115.0,7443.91910243
53405000,53410000,12903,5000,3999433.0,7443.78946854
53410000,53415000,12904,5000,3999752.0,7443.59643523
53415000,53420000,12905,5000,4000070.0,7443.36417043
53420000,53425000,12906,5000,4000389.0,7443.66478675
53425000,53430000,12907,5000,4000708.0,7443.98008773
53430000,53435000,12908,5000,4001026.0,7444.23094311
53435000,53440000,12909,5000,4001345.0,7444.48763828
53440000,53445000,12910,5000,4001664.0,7444.38620083
53445000,53450000,12911,5000,4001982.0,7444.43336114
53450000,53455000,12912,5000,4002301.0,7444.4799976
53455000,53460000,12913,5000,4002620.0,7444.55312591
53460000,53465000,12914,5000,4002938.0,7444.75147526
53465000,53470000,12915,5000,4003257.0,7444.74430133
53470000,53475000,12916,5000,4003575.0,7444.71298356
53475000,53480000,12917,5000,4003894.0,7444.63006963
53480000,53485000,12918,5000,4004213.0,7444.76885409
53485000,53490000,12919,5000,4004531.0,7444.72011546
53490000,53495000,12920,5000,4004850.0,7444.92407222
53495000,53500000,12921,5000,4005168.0,7445.1733666
53500000,53505000,12922,5000,4005486.0,7445.42366426
53505000,53510000,12923,5000,4005805.0,7445.39217013
53510000,53515000,12924,5000,4006124.0,7445.42091558
53515000,53520000,12925,5000,4006442.0,7445.38622574
53520000,53525000,12926,5000,4006761.0,7445.15328164
53525000,53530000,12927,5000,4007079.0,7445.29108266
53530000,53535000,12928,5000,4007398.0,7445.4828014
53535000,53540000,12929,5000,4007716.0,7445.50150893
53540000,53545000,12930,5000,4008035.0,7445.26798939
53545000,53550000,12931,5000,4008354.0,7445.03169951
53550000,53555000,12932,5000,4008672.0,7444.40073654
53555000,53560000,12933,5000,4008991.0,7443.71381797
53560000,53565000,12934,5000,4009310.0,7442.99710756
53565000,53570000,12935,5000,4009628.0,7442.81764971
53570000,53575000,12936,5000,4009947.0,7442.66580392
53575000,53580000,12937,5000,4010265.0,7442.50909636
53580000,53585000,12938,5000,4010584.0,7442.8032143
53585000,53590000,12939,5000,4010903.0,7443.05438334
53590000,53595000,12940,5000,4011221.0,7443.19146564
53595000,53600000,12941,5000,4011540.0,7443.49501653
53600000,53605000,12942,5000,4011858.0,7443.79896716
53605000,53610000,12943,5000,4012177.0,7444.04529279
53610000,53615000,12944,5000,4012496.0,7444.35473983
53615000,53620000,12945,5000,4012814.0,7444.49201546
53620000,53625000,12946,5000,4013133.0,7444.48499225
53625000,53630000,12947,5000,4013452.0,7444.60838437
53630000,53635000,12948,5000,4013770.0,7444.53947404
53635000,53640000,12949,5000,4014089.0,7444.45186068
53640000,53645000,12950,5000,4014407.0,7444.24635451
53645000,53650000,12951,5000,4014726.0,7443.97328809
53650000,53655000,12952,5000,4015045.0,7443.70154525
53655000,53660000,12953,5000,4015363.0,7443.42073808
53660000,53665000,12954,5000,4015682.0,7442.89249583
53665000,53670000,12955,5000,4016000.0,7442.35880736
53670000,53675000,12956,5000,4016319.0,7442.13037799
53675000,53680000,12957,5000,4016638.0,7442.32330591
53680000,53685000,12958,5000,4016956.0,7442.46867585
53685000,53690000,12959,5000,4017275.0,7442.57345346
53690000,53695000,12960,5000,4017593.0,7442.70172277
53695000,53700000,12961,5000,4017912.0,7442.46634796
53700000,53705000,12962,5000,4018230.0,7441.90238167
53705000,53710000,12963,5000,4018549.0,7441.71715508
53710000,53715000,12964,5000,4018868.0,7442.01779364
53715000,53720000,12965,5000,4019186.0,7442.26931662
53720000,53725000,12966,5000,4019505.0,7442.52141332
53725000,53730000,12967,5000,4019823.0,7442.66727616
53730000,53735000,12968,5000,4020142.0,7442.96973618
53735000,53740000,12969,5000,4020461.0,7443.21743795
53740000,53745000,12970,5000,4020779.0,7443.46905442
53745000,53750000,12971,5000,4021098.0,7443.59575762
53750000,53755000,12972,5000,4021416.0,7443.75455495
53755000,53760000,12973,5000,4021735.0,7443.89203914
53760000,53765000,12974,5000,4022053.0,7444.02696927
53765000,53770000,12975,5000,4022372.0,7444.3326804
53770000,53775000,12976,5000,4022691.0,7444.64170224
53775000,53780000,12977,5000,4023009.0,7444.94270422
53780000,53785000,12978,5000,4023328.0,7445.09092638
53785000,53790000,12979,5000,4023646.0,7445.33899498
53790000,53795000,12980,5000,4023965.0,7445.59227764
53795000,53800000,12981,5000,4024284.0,7445.84115904
53800000,53805000,12982,5000,4024602.0,7446.08396327
53805000,53810000,12983,5000,4024921.0,7446.20875928
53810000,53815000,12984,5000,4025239.0,7446.33422521
53815000,53820000,12985,5000,4025558.0,7446.24276596
53820000,53825000,12986,5000,4025877.0,7446.04668156
53825000,53830000,12987,5000,4026195.0,7446.18529111
53830000,53835000,12988,5000,4026514.0,7446.49439742
53835000,53840000,12989,5000,4026833.0,7446.79764262
53840000,53845000,12990,5000,4027151.0,7447.04651824
53845000,53850000,12991,5000,4027470.0,7447.35430348
53850000,53855000,12992,5000,4027788.0,7447.60904288
53855000,53860000,12993,5000,4028107.0,7447.91016886
53860000,53865000,12994,5000,4028426.0,7448.16563738
53865000,53870000,12995,5000,4028744.0,7448.41204393
53870000,53875000,12996,5000,4029063.0,7448.50129615
53875000,53880000,12997,5000,4029382.0,7448.64090863
53880000,53885000,12998,5000,4029700.0,7448.80222598
53885000,53890000,12999,5000,4030019.0,7448.90204154
53890000,53895000,13000,5000,4030338.0,7449.09045081
53895000,53900000,13001,5000,4030656.0,7449.19168938
53900000,53905000,13002,5000,4030975.0,7449.31380263
53905000,53910000,13003,5000,4031293.0,7449.52485106
53910000,53915000,13004,5000,4031612.0,7449.71242485
53915000,53920000,13005,5000,4031930.0,7449.73117668
53920000,53925000,13006,5000,4032249.0,7449.69762505
53925000,53930000,13007,5000,4032567.0,7449.83553185
53930000,53935000,13008,5000,4032886.0,7449.972792
53935000,53940000,13009,5000,4033205.0,7450.27527701
53940000,53945000,13010,5000,4033523.0,7450.51983564
53945000,53950000,13011,5000,4033842.0,7450.61822652
53950000,53955000,13012,5000,4034161.0,7450.86951694
53955000,53960000,13013,5000,4034479.0,7451.12325869
53960000,53965000,13014,5000,4034798.0,7451.3561077
53965000,53970000,13015,5000,4035116.0,7451.58353463
53970000,53975000,13016,5000,4035435.0,7451.89427772
53975000,53980000,13017,5000,4035753.0,7452.15173738
53980000,53985000,13018,5000,4036072.0,7452.29355486
53985000,53990000,13019,5000,4036391.0,7452.43006712
53990000,53995000,13020,5000,4036709.0,7452.64039247
53995000,54000000,13021,5000,4037028.0,7452.88963733
54000000,54005000,13022,5000,4037347.0,7453.13619253
54005000,54010000,13023,5000,4037657.0,7453.36578994
54010000,54015000,13024,5000,4037968.0,7453.47295116
54015000,54020000,13025,5000,4038278.0,7453.5379193
54020000,54025000,13026,5000,4038589.0,7453.59481604
54025000,54030000,13027,5000,4038899.0,7453.71071536
54030000,54035000,13028,5000,4039210.0,7453.8136588
54035000,54040000,13029,5000,4039521.0,7453.868407
54040000,54045000,13030,5000,4039831.0,7454.10906821
54045000,54050000,13031,5000,4040142.0,7454.16632098
54050000,54055000,13032,5000,4040452.0,7454.16012591
54055000,54060000,13033,5000,4040763.0,7454.17744741
54060000,54065000,13034,5000,4041074.0,7454.23114875
54065000,54070000,13035,5000,4041384.0,7454.52136596
54070000,54075000,13036,5000,4041695.0,7454.79453909
54075000,54080000,13037,5000,4042005.0,7455.00157893
54080000,54085000,13038,5000,4042316.0,7455.0869731
54085000,54090000,13039,5000,4042626.0,7455.21418981
54090000,54095000,13040,5000,4042937.0,7455.5029088
54095000,54100000,13041,5000,4043247.0,7455.72800639
54100000,54105000,13042,5000,4043558.0,7455.95636593
54105000,54110000,13043,5000,4043868.0,7456.11529351
54110000,54115000,13044,5000,4044179.0,7456.3426909
54115000,54120000,13045,5000,4044490.0,7456.56378732
54120000,54125000,13046,5000,4044800.0,7456.6674785
54125000,54130000,13047,5000,4045111.0,7456.90912702
54130000,54135000,13048,5000,4045421.0,7457.20055215
54135000,54140000,13049,5000,4045732.0,7457.43611043
54140000,54145000,13050,5000,4046042.0,7457.71444781
54145000,54150000,13051,5000,4046353.0,7457.81939128
54150000,54155000,13052,5000,4046663.0,7457.94690229
54155000,54160000,13053,5000,4046974.0,7458.1670352
54160000,54165000,13054,5000,4047284.0,7458.28311833
54165000,54170000,13055,5000,4047595.0,7458.38482681
54170000,54175000,13056,5000,4047905.0,7458.58791419
54175000,54180000,13057,5000,4048216.0,7458.80829906
54180000,54185000,13058,5000,4048526.0,7458.8722232
54185000,54190000,13059,5000,4048837.0,7458.9400121
54190000,54195000,13060,5000,4049147.0,7458.88923894
54195000,54200000,13061,5000,4049458.0,7459.03188251
54200000,54205000,13062,5000,4049769.0,7459.02218733
54205000,54210000,13063,5000,4050079.0,7459.10895867
54210000,54215000,13064,5000,4050390.0,7459.19286382
54215000,54220000,13065,5000,4050700.0,7459.31035479
54220000,54225000,13066,5000,4051011.0,7459.4769354
54225000,54230000,13067,5000,4051321.0,7459.56380655
54230000,54235000,13068,5000,4051632.0,7459.68897279
54235000,54240000,13069,5000,4051943.0,7459.81294194
54240000,54245000,13070,5000,4052253.0,7460.03243967
54245000,54250000,13071,5000,4052564.0,7459.34521621
54250000,54255000,13072,5000,4052874.0,7458.70383148
54255000,54260000,13073,5000,4053185.0,7457.99876718
54260000,54265000,13074,5000,4053495.0,7457.3938846
54265000,54270000,13075,5000,4053806.0,7457.52400333
54270000,54275000,13076,5000,4054116.0,7457.54418
54275000,54280000,13077,5000,4054427.0,7457.6724312
54280000,54285000,13078,5000,4054737.0,7457.80031262
54285000,54290000,13079,5000,4055048.0,7458.07309741
54290000,54295000,13080,5000,4055359.0,7458.31161979
54295000,54300000,13081,5000,4055670.0,7458.47328288
54300000,54305000,13082,5000,4055980.0,7458.61925018
54305000,54310000,13083,5000,4056291.0,7458.72076322
54310000,54315000,13084,5000,4056601.0,7458.62435776
54315000,54320000,13085,5000,4056912.0,7458.89378721
54320000,54325000,13086,5000,4057222.0,7459.10981182
54325000,54330000,13087,5000,4057533.0,7459.32925636
54330000,54335000,13088,5000,4057843.0,7459.59933594
54335000,54340000,13089,5000,4058154.0,7459.88209316
54340000,54345000,13090,5000,4058464.0,7460.11507679
54345000,54350000,13091,5000,4058775.0,7460.23641912
54350000,54355000,13092,5000,4059085.0,7460.29232825
54355000,54360000,13093,5000,4059396.0,7460.46822905
54360000,54365000,13094,5000,4059706.0,7460.70572608
54365000,54370000,13095,5000,4060017.0,7460.74965355
54370000,54375000,13096,5000,4060328.0,7460.94541952
54375000,54380000,13097,5000,4060638.0,7461.10180549
54380000,54385000,13098,5000,4060949.0,7461.21605157
54385000,54390000,13099,5000,4061259.0,7461.44116264
54390000,54395000,13100,5000,4061570.0,7461.62653097
54395000,54400000,13101,5000,4061880.0,7461.85478428
54400000,54405000,13102,5000,4062191.0,7462.13813446
54405000,54410000,13103,5000,4062501.0,7462.36727981
54410000,54415000,13104,5000,4062812.0,7462.12289554
54415000,54420000,13105,5000,4063123.0,7461.39699984
54420000,54425000,13106,5000,4063433.0,7460.14810398
54425000,54430000,13107,5000,4063744.0,7460.419624
54430000,54435000,13108,5000,4064054.0,7460.67006954
54435000,54440000,13109,5000,4064365.0,7460.96252956
54440000,54445000,13110,5000,4064675.0,7461.22699913
54445000,54450000,13111,5000,4064986.0,7461.45850662
54450000,54455000,13112,5000,4065297.0,7461.52535079
54455000,54460000,13113,5000,4065607.0,7461.61228795
54460000,54465000,13114,5000,4065918.0,7461.73602181
54465000,54470000,13115,5000,4066228.0,7461.52734088
54470000,54475000,13116,5000,4066539.0,7461.28595988
54475000,54480000,13117,5000,4066849.0,7461.16568848
54480000,54485000,13118,5000,4067160.0,7461.31511015
54485000,54490000,13119,5000,4067470.0,7461.34331237
54490000,54495000,13120,5000,4067781.0,7461.60334925
54495000,54500000,13121,5000,4068091.0,7461.6825643
54500000,54505000,13122,5000,4068402.0,7461.81578641
54505000,54510000,13123,5000,4068712.0,7461.76162243
54510000,54515000,13124,5000,4069023.0,7461.64616612
54515000,54520000,13125,5000,4069334.0,7461.53747667
54520000,54525000,13126,5000,4069644.0,7461.70446896
54525000,54530000,13127,5000,4069955.0,7461.83568234
54530000,54535000,13128,5000,4070265.0,7462.01634823
54535000,54540000,13129,5000,4070576.0,7462.10077275
54540000,54545000,13130,5000,4070886.0,7462.33126324
54545000,54550000,13131,5000,4071197.0,7462.55993929
54550000,54555000,13132,5000,4071507.0,7462.77683418
54555000,54560000,13133,5000,4071818.0,7463.00371735
54560000,54565000,13134,5000,4072128.0,7463.28673404
54565000,54570000,13135,5000,4072439.0,7463.57910826
54570000,54575000,13136,5000,4072749.0,7463.81643466
54575000,54580000,13137,5000,4073060.0,7463.72877532
54580000,54585000,13138,5000,4073370.0,7463.90193385
54585000,54590000,13139,5000,4073681.0,7464.03311269
54590000,54595000,13140,5000,4073991.0,7463.94269049
54595000,54600000,13141,5000,4074302.0,7463.40971463
54600000,54605000,13142,5000,4074612.0,7462.88183334
54605000,54610000,13143,5000,4074923.0,7462.79195466
54610000,54615000,13144,5000,4075234.0,7463.09279512
54615000,54620000,13145,5000,4075544.0,7463.222582
54620000,54625000,13146,5000,4075855.0,7463.1283727
54625000,54630000,13147,5000,4076166.0,7462.60009909
54630000,54635000,13148,5000,4076476.0,7462.07160933
54635000,54640000,13149,5000,4076787.0,7461.97939451
54640000,54645000,13150,5000,4077097.0,7462.21680366
54645000,54650000,13151,5000,4077408.0,7462.3493679
54650000,54655000,13152,5000,4077718.0,7462.63938178
54655000,54660000,13153,5000,4078029.0,7462.75283151
54660000,54665000,13154,5000,4078339.0,7462.86318073
54665000,54670000,13155,5000,4078650.0,7462.75175625
54670000,54675000,13156,5000,4078961.0,7462.63710342
54675000,54680000,13157,5000,4079271.0,7462.61137176
54680000,54685000,13158,5000,4079582.0,7462.6766029
54685000,54690000,13159,5000,4079892.0,7462.57955129
54690000,54695000,13160,5000,4080203.0,7462.70534849
54695000,54700000,13161,5000,4080514.0,7462.98809613
54700000,54705000,13162,5000,4080824.0,7462.26761053
54705000,54710000,13163,5000,4081135.0,7461.57831174
54710000,54715000,13164,5000,4081445.0,7461.03628844
54715000,54720000,13165,5000,4081756.0,7460.44988726
54720000,54725000,13166,5000,4082066.0,7460.5701968
54725000,54730000,13167,5000,4082377.0,7460.69173109
54730000,54735000,13168,5000,4082688.0,7460.70494498
54735000,54740000,13169,5000,4082998.0,7460.79846534
54740000,54745000,13170,5000,4083309.0,7460.92615361
54745000,54750000,13171,5000,4083619.0,7460.38112506
54750000,54755000,13172,5000,4083930.0,7459.74409291
54755000,54760000,13173,5000,4084241.0,7459.99210876
54760000,54765000,13174,5000,4084551.0,7460.09996548
54765000,54770000,13175,5000,4084862.0,7460.27526578
54770000,54775000,13176,5000,4085172.0,7459.86806331
54775000,54780000,13177,5000,4085483.0,7459.76690753
54780000,54785000,13178,5000,4085793.0,7460.01950121
54785000,54790000,13179,5000,4086104.0,7460.25126163
54790000,54795000,13180,5000,4086414.0,7460.29385907
54795000,54800000,13181,5000,4086725.0,7460.37075588
54800000,54805000,13182,5000,4087035.0,7460.60068831
54805000,54810000,13183,5000,4087346.0,7460.82782124
54810000,54815000,13184,5000,4087657.0,7461.05370611
54815000,54820000,13185,5000,4087967.0,7461.25859862
54820000,54825000,13186,5000,4088278.0,7461.48350742
54825000,54830000,13187,5000,4088588.0,7461.60981345
54830000,54835000,13188,5000,4088899.0,7461.7762642
54835000,54840000,13189,5000,4089209.0,7461.89596484
54840000,54845000,13190,5000,4089520.0,7462.01618059
54845000,54850000,13191,5000,4089830.0,7462.2880975
54850000,54855000,13192,5000,4090141.0,7462.52582039
54855000,54860000,13193,5000,4090451.0,7462.56813192
54860000,54865000,13194,5000,4090762.0,7462.85597183
54865000,54870000,13195,5000,4091073.0,7462.98814846
54870000,54875000,13196,5000,4091383.0,7463.26217946
54875000,54880000,13197,5000,4091694.0,7463.37550744
54880000,54885000,13198,5000,4092005.0,7463.09364871
54885000,54890000,13199,5000,4092315.0,7462.994672
54890000,54895000,13200,5000,4092626.0,7461.78110509
54895000,54900000,13201,5000,4092936.0,7461.23409569
54900000,54905000,13202,5000,4093247.0,7460.58194393
54905000,54910000,13203,5000,4093558.0,7460.03607247
54910000,54915000,13204,5000,4093868.0,7459.33081244
54915000,54920000,13205,5000,4094179.0,7458.64523449
54920000,54925000,13206,5000,4094489.0,7458.10968489
54925000,54930000,13207,5000,4094800.0,7457.56964782
54930000,54935000,13208,5000,4095110.0,7457.01973655
54935000,54940000,13209,5000,4095421.0,7455.64751899
54940000,54945000,13210,5000,4095731.0,7455.08677369
54945000,54950000,13211,5000,4096042.0,7453.86508429
54950000,54955000,13212,5000,4096353.0,7453.31859651
54955000,54960000,13213,5000,4096663.0,7452.64042874
54960000,54965000,13214,5000,4096974.0,7451.8055889
54965000,54970000,13215,5000,4097284.0,7451.93380865
54970000,54975000,13216,5000,4097595.0,7452.19754485
54975000,54980000,13217,5000,4097905.0,7452.30797691
54980000,54985000,13218,5000,4098216.0,7452.54147622
54985000,54990000,13219,5000,4098526.0,7452.64996299
54990000,54995000,13220,5000,4098837.0,7452.69369386
54995000,55000000,13221,5000,4099147.0,7452.92101995
55000000,55005000,13222,5000,4099457.0,7453.03800283
55005000,55010000,13223,5000,4099768.0,7453.16017515
55010000,55015000,13224,5000,4100078.0,7453.0519525
55015000,55020000,13225,5000,4100388.0,7452.98651815
55020000,55025000,13226,5000,4100698.0,7453.11007062
55025000,55030000,13227,5000,4101008.0,7453.1331974
55030000,55035000,13228,5000,4101318.0,7453.21322006
55035000,55040000,13229,5000,4101629.0,7453.26840958
55040000,55045000,13230,5000,4101939.0,7453.32728944
55045000,55050000,13231,5000,4102250.0,7453.44426752
55050000,55055000,13232,5000,4102560.0,7453.61156969
55055000,55060000,13233,5000,4102870.0,7453.65206205
55060000,55065000,13234,5000,4103181.0,7453.74598482
55065000,55070000,13235,5000,4103491.0,7453.84499707
55070000,55075000,13236,5000,4103801.0,7454.02712718
55075000,55080000,13237,5000,4104111.0,7454.24835171
55080000,55085000,13238,5000,4104422.0,7454.45449021
55085000,55090000,13239,5000,4104732.0,7454.71148425
55090000,55095000,13240,5000,4105042.0,7454.93064305
55095000,55100000,13241,5000,4105352.0,7455.15434571
55100000,55105000,13242,5000,4105663.0,7455.37597384
55105000,55110000,13243,5000,4105973.0,7455.64972631
55110000,55115000,13244,5000,4106283.0,7455.87325736
55115000,55120000,13245,5000,4106593.0,7456.09175881
55120000,55125000,13246,5000,4106904.0,7456.19547816
55125000,55130000,13247,5000,4107214.0,7456.27628861
55130000,55135000,13248,5000,4107524.0,7456.07533409
55135000,55140000,13249,5000,4107835.0,7456.08503787
55140000,55145000,13250,5000,4108145.0,7456.03661549
55145000,55150000,13251,5000,4108455.0,7456.01548068
55150000,55155000,13252,5000,4108765.0,7455.84366779
55155000,55160000,13253,5000,4109076.0,7455.81269026
55160000,55165000,13254,5000,4109386.0,7455.81312573
55165000,55170000,13255,5000,4109696.0,7455.91255171
55170000,55175000,13256,5000,4110006.0,7455.88066749
55175000,55180000,13257,5000,4110317.0,7456.00222992
55180000,55185000,13258,5000,4110627.0,7455.93979252
55185000,55190000,13259,5000,4110937.0,7456.05815328
55190000,55195000,13260,5000,4111247.0,7456.22399019
55195000,55200000,13261,5000,4111558.0,7456.01135568
55200000,55205000,13262,5000,4111868.0,7455.36967852
55205000,55210000,13263,5000,4112178.0,7455.23882189
55210000,55215000,13264,5000,4112489.0,7454.56038223
55215000,55220000,13265,5000,4112799.0,7454.51075769
55220000,55225000,13266,5000,4113109.0,7454.62541709
55225000,55230000,13267,5000,4113420.0,7454.90291991
55230000,55235000,13268,5000,4113730.0,7455.01781508
55235000,55240000,13269,5000,4114040.0,7455.20197306
55240000,55245000,13270,5000,4114351.0,7455.29945016
55245000,55250000,13271,5000,4114661.0,7455.42002808
55250000,55255000,13272,5000,4114971.0,7455.53544528
55255000,55260000,13273,5000,4115281.0,7455.64852674
55260000,55265000,13274,5000,4115592.0,7454.97184209
55265000,55270000,13275,5000,4115902.0,7454.68864314
55270000,55275000,13276,5000,4116212.0,7454.09229602
55275000,55280000,13277,5000,4116522.0,7453.54627403
55280000,55285000,13278,5000,4116832.0,7453.27893849
55285000,55290000,13279,5000,4117143.0,7453.03618246
55290000,55295000,13280,5000,4117453.0,7452.84377886
55295000,55300000,13281,5000,4117763.0,7453.10916869
55300000,55305000,13282,5000,4118073.0,7453.22333421
55305000,55310000,13283,5000,4118384.0,7453.33354884
55310000,55315000,13284,5000,4118694.0,7453.28749009
55315000,55320000,13285,5000,4119004.0,7453.40938744
55320000,55325000,13286,5000,4119315.0,7453.45007436
55325000,55330000,13287,5000,4119625.0,7453.67467104
55330000,55335000,13288,5000,4119936.0,7453.8980472
55335000,55340000,13289,5000,4120246.0,7453.62276736
55340000,55345000,13290,5000,4120556.0,7453.80290583
55345000,55350000,13291,5000,4120866.0,7454.07815388
55350000,55355000,13292,5000,4121177.0,7454.30946739
55355000,55360000,13293,5000,4121487.0,7454.54359997
55360000,55365000,13294,5000,4121797.0,7454.66634814
55365000,55370000,13295,5000,4122108.0,7454.78892319
55370000,55375000,13296,5000,4122418.0,7454.69199688
55375000,55380000,13297,5000,4122728.0,7454.81210781
55380000,55385000,13298,5000,4123039.0,7454.2808876
55385000,55390000,13299,5000,4123349.0,7453.99668524
55390000,55395000,13300,5000,4123660.0,7454.28507497
55395000,55400000,13301,5000,4123970.0,7454.41404672
55400000,55405000,13302,5000,4124280.0,7454.30282735
55405000,55410000,13303,5000,4124590.0,7454.03665442
55410000,55415000,13304,5000,4124900.0,7454.304262
55415000,55420000,13305,5000,4125210.0,7454.57506993
55420000,55425000,13306,5000,4125521.0,7454.78863275
55425000,55430000,13307,5000,4125831.0,7454.7274521
55430000,55435000,13308,5000,4126141.0,7454.83778026
55435000,55440000,13309,5000,4126451.0,7454.84444253
55440000,55445000,13310,5000,4126762.0,7454.60337779
55445000,55450000,13311,5000,4127072.0,7454.55743631
55450000,55455000,13312,5000,4127382.0,7454.67351406
55455000,55460000,13313,5000,4127693.0,7454.78156789
55460000,55465000,13314,5000,4128003.0,7454.99977932
55465000,55470000,13315,5000,4128313.0,7455.11897309
55470000,55475000,13316,5000,4128624.0,7455.23215265
55475000,55480000,13317,5000,4128934.0,7455.34558629
55480000,55485000,13318,5000,4129244.0,7455.45542472
55485000,55490000,13319,5000,4129554.0,7455.5208732
55490000,55495000,13320,5000,4129865.0,7455.51538087
55495000,55500000,13321,5000,4130175.0,7455.39296829
55500000,55505000,13322,5000,4130485.0,7455.47229156
55505000,55510000,13323,5000,4130796.0,7455.37729761
55510000,55515000,13324,5000,4131106.0,7455.44067936
55515000,55520000,13325,5000,4131416.0,7455.50285619
55520000,55525000,13326,5000,4131727.0,7455.45297349
55525000,55530000,13327,5000,4132037.0,7455.47101534
55530000,55535000,13328,5000,4132347.0,7455.31523416
55535000,55540000,13329,5000,4132658.0,7455.32088497
55540000,55545000,13330,5000,4132968.0,7455.59723284
55545000,55550000,13331,5000,4133278.0,7455.81980496
55550000,55555000,13332,5000,4133588.0,7455.932142
55555000,55560000,13333,5000,4133899.0,7456.15252265
55560000,55565000,13334,5000,4134209.0,7456.26621617
55565000,55570000,13335,5000,4134519.0,7456.37150266
55570000,55575000,13336,5000,4134829.0,7456.49193066
55575000,55580000,13337,5000,4135140.0,7456.33944204
55580000,55585000,13338,5000,4135450.0,7455.62362212
55585000,55590000,13339,5000,4135760.0,7455.5173817
55590000,55595000,13340,5000,4136070.0,7455.41662951
55595000,55600000,13341,5000,4136381.0,7455.68861155
55600000,55605000,13342,5000,4136691.0,7455.16252705
55605000,55610000,13343,5000,4137001.0,7455.06007526
55610000,55615000,13344,5000,4137311.0,7454.40555811
55615000,55620000,13345,5000,4137622.0,7454.5198652
55620000,55625000,13346,5000,4137932.0,7454.45649949
55625000,55630000,13347,5000,4138242.0,7454.32379165
55630000,55635000,13348,5000,4138553.0,7454.44376851
55635000,55640000,13349,5000,4138863.0,7453.73904565
55640000,55645000,13350,5000,4139173.0,7453.21010097
55645000,55650000,13351,5000,4139483.0,7452.5769051
55650000,55655000,13352,5000,4139794.0,7452.43432724
55655000,55660000,13353,5000,4140104.0,7452.34220992
55660000,55665000,13354,5000,4140414.0,7452.1099709
55665000,55670000,13355,5000,4140724.0,7451.88203366
55670000,55675000,13356,5000,4141035.0,7451.30008529
55675000,55680000,13357,5000,4141345.0,7451.14658918
55680000,55685000,13358,5000,4141655.0,7450.8997039
55685000,55690000,13359,5000,4141965.0,7450.77460826
55690000,55695000,13360,5000,4142276.0,7450.23917152
55695000,55700000,13361,5000,4142586.0,7450.34133281
55700000,55705000,13362,5000,4142896.0,7450.28412195
55705000,55710000,13363,5000,4143207.0,7450.42127423
55710000,55715000,13364,5000,4143517.0,7450.55986762
55715000,55720000,13365,5000,4143827.0,7450.59537707
55720000,55725000,13366,5000,4144138.0,7450.71278111
55725000,55730000,13367,5000,4144448.0,7450.82611237
55730000,55735000,13368,5000,4144758.0,7450.94810679
55735000,55740000,13369,5000,4145069.0,7451.04006299
55740000,55745000,13370,5000,4145379.0,7451.0822493
55745000,55750000,13371,5000,4145689.0,7451.12323883
55750000,55755000,13372,5000,4145999.0,7451.35415532
55755000,55760000,13373,5000,4146309.0,7451.57975789
55760000,55765000,13374,5000,4146620.0,7451.81019295
55765000,55770000,13375,5000,4146930.0,7452.08487904
55770000,55775000,13376,5000,4147240.0,7452.35501695
55775000,55780000,13377,5000,4147550.0,7452.55508226
55780000,55785000,13378,5000,4147861.0,7452.8367388
55785000,55790000,13379,5000,4148171.0,7453.10207323
55790000,55795000,13380,5000,4148482.0,7453.14558413
55795000,55800000,13381,5000,4148792.0,7453.23124108
55800000,55805000,13382,5000,4149102.0,7453.34284596
55805000,55810000,13383,5000,4149413.0,7453.46733253
55810000,55815000,13384,5000,4149723.0,7453.67304076
55815000,55820000,13385,5000,4150033.0,7453.6548768
55820000,55825000,13386,5000,4150343.0,7453.12358602
55825000,55830000,13387,5000,4150653.0,7453.02106029
55830000,55835000,13388,5000,4150964.0,7452.77247641
55835000,55840000,13389,5000,4151274.0,7452.67373731
55840000,55845000,13390,5000,4151584.0,7452.78060502
55845000,55850000,13391,5000,4151895.0,7452.8926774
55850000,55855000,13392,5000,4152205.0,7452.88458059
55855000,55860000,13393,5000,4152515.0,7452.6829461
55860000,55865000,13394,5000,4152825.0,7452.78563276
55865000,55870000,13395,5000,4153136.0,7453.04508814
55870000,55875000,13396,5000,4153446.0,7453.1467826
55875000,55880000,13397,5000,4153756.0,7453.19848481
55880000,55885000,13398,5000,4154066.0,7453.30875579
55885000,55890000,13399,5000,4154377.0,7453.21033189
55890000,55895000,13400,5000,4154687.0,7453.16539053
55895000,55900000,13401,5000,4154997.0,7453.31459733
55900000,55905000,13402,5000,4155307.0,7453.42087128
55905000,55910000,13403,5000,4155618.0,7453.51848749
55910000,55915000,13404,5000,4155928.0,7453.38174043
55915000,55920000,13405,5000,4156238.0,7453.4605713
55920000,55925000,13406,5000,4156548.0,7453.34757429
55925000,55930000,13407,5000,4156859.0,7453.4484755
55930000,55935000,13408,5000,4157169.0,7453.49839644
55935000,55940000,13409,5000,4157479.0,7453.62359488
55940000,55945000,13410,5000,4157789.0,7453.74876611
55945000,55950000,13411,5000,4158099.0,7453.87928129
55950000,55955000,13412,5000,4158410.0,7454.02035046
55955000,55960000,13413,5000,4158720.0,7454.14559846
55960000,55965000,13414,5000,4159031.0,7454.27465339
55965000,55970000,13415,5000,4159341.0,7454.39881479
55970000,55975000,13416,5000,4159651.0,7454.57304783
55975000,55980000,13417,5000,4159962.0,7454.70168406
55980000,55985000,13418,5000,4160272.0,7454.82256742
55985000,55990000,13419,5000,4160582.0,7455.05061127
55990000,55995000,13420,5000,4160892.0,7455.09871766
55995000,56000000,13421,5000,4161203.0,7455.24483153
56000000,56005000,13422,5000,4161513.0,7455.4669784
56005000,56010000,13423,5000,4161826.0,7455.59568396
56010000,56015000,13424,5000,4162139.0,7455.07440122
56015000,56020000,13425,5000,4162451.0,7454.8709683
56020000,56025000,13426,5000,4162765.0,7454.6775911
56025000,56030000,13427,5000,4163077.0,7454.43094019
56030000,56035000,13428,5000,4163390.0,7454.20201094
56035000,56040000,13429,5000,4163703.0,7453.95115541
56040000,56045000,13430,5000,4164016.0,7453.76475872
56045000,56050000,13431,5000,4164329.0,7453.66267336
56050000,56055000,13432,5000,4164642.0,7453.55385402
56055000,56060000,13433,5000,4164954.0,7453.46434257
56060000,56065000,13434,5000,4165267.0,7453.36861976
56065000,56070000,13435,5000,4165580.0,7453.27868776
56070000,56075000,13436,5000,4165893.0,7453.19573069
56075000,56080000,13437,5000,4166206.0,7453.11209812
56080000,56085000,13438,5000,4166519.0,7453.03065096
56085000,56090000,13439,5000,4166832.0,7452.5160229
56090000,56095000,13440,5000,4167144.0,7452.39268652
56095000,56100000,13441,5000,4167457.0,7451.76012542
56100000,56105000,13442,5000,4167770.0,7451.01462979
56105000,56110000,13443,5000,4168083.0,7451.23242343
56110000,56115000,13444,5000,4168396.0,7451.37629703
56115000,56120000,13445,5000,4168709.0,7451.63083922
56120000,56125000,13446,5000,4169021.0,7451.74513149
56125000,56130000,13447,5000,4169334.0,7451.96913516
56130000,56135000,13448,5000,4169647.0,7452.11090011
56135000,56140000,13449,5000,4169960.0,7452.21909922
56140000,56145000,13450,5000,4170273.0,7451.68808147
56145000,56150000,13451,5000,4170586.0,7451.13203125
56150000,56155000,13452,5000,4170898.0,7450.61013535
56155000,56160000,13453,5000,4171211.0,7449.96241297
56160000,56165000,13454,5000,4171524.0,7449.30308619
56165000,56170000,13455,5000,4171837.0,7449.42098471
56170000,56175000,13456,5000,4172150.0,7449.59022586
56175000,56180000,13457,5000,4172462.0,7449.71608567
56180000,56185000,13458,5000,4172775.0,7449.8061009
56185000,56190000,13459,5000,4173088.0,7449.90904528
56190000,56195000,13460,5000,4173401.0,7450.01924129
56195000,56200000,13461,5000,4173714.0,7449.85679821
56200000,56205000,13462,5000,4174026.0,7449.84827509
56205000,56210000,13463,5000,4174339.0,7449.80371164
56210000,56215000,13464,5000,4174652.0,7450.00250296
56215000,56220000,13465,5000,4174965.0,7450.28328976
56220000,56225000,13466,5000,4175278.0,7450.37273408
56225000,56230000,13467,5000,4175591.0,7450.46181849
56230000,56235000,13468,5000,4175904.0,7450.64505976
56235000,56240000,13469,5000,4176217.0,7450.62188947
56240000,56245000,13470,5000,4176530.0,7450.61865832
56245000,56250000,13471,5000,4176842.0,7450.57741355
56250000,56255000,13472,5000,4177155.0,7450.68678946
56255000,56260000,13473,5000,4177468.0,7450.80712736
56260000,56265000,13474,5000,4177781.0,7450.92212217
56265000,56270000,13475,5000,4178094.0,7450.91339522
56270000,56275000,13476,5000,4178407.0,7450.93714209
56275000,56280000,13477,5000,4178720.0,7450.9032527
56280000,56285000,13478,5000,4179033.0,7450.86623315
56285000,56290000,13479,5000,4179346.0,7451.03657489
56290000,56295000,13480,5000,4179658.0,7450.99622781
56295000,56300000,13481,5000,4179971.0,7451.16854485
56300000,56305000,13482,5000,4180284.0,7450.50894121
56305000,56310000,13483,5000,4180597.0,7449.8568045
56310000,56315000,13484,5000,4180910.0,7450.03682876
56315000,56320000,13485,5000,4181222.0,7450.15951384
56320000,56325000,13486,5000,4181535.0,7450.29212846
56325000,56330000,13487,5000,4181848.0,7450.2307078
56330000,56335000,13488,5000,4182161.0,7450.40027938
56335000,56340000,13489,5000,4182474.0,7450.50307223
56340000,56345000,13490,5000,4182786.0,7450.58776012
56345000,56350000,13491,5000,4183099.0,7450.86071731
56350000,56355000,13492,5000,4183412.0,7451.13401119
56355000,56360000,13493,5000,4183725.0,7451.36371448
56360000,56365000,13494,5000,4184038.0,7451.58422818
56365000,56370000,13495,5000,4184351.0,7451.35209655
56370000,56375000,13496,5000,4184664.0,7451.57197953
56375000,56380000,13497,5000,4184976.0,7451.63741024
56380000,56385000,13498,5000,4185289.0,7451.70705162
56385000,56390000,13499,5000,4185602.0,7451.74443388
56390000,56395000,13500,5000,4185915.0,7451.8897679
56395000,56400000,13501,5000,4186228.0,7451.94696592
56400000,56405000,13502,5000,4186541.0,7452.17593157
56405000,56410000,13503,5000,4186854.0,7452.40382075
56410000,56415000,13504,5000,4187167.0,7452.55691174
56415000,56420000,13505,5000,4187480.0,7452.0288121
56420000,56425000,13506,5000,4187792.0,7451.50636382
56425000,56430000,13507,5000,4188105.0,7450.87221948
56430000,56435000,13508,5000,4188418.0,7450.34493123
56435000,56440000,13509,5000,4188731.0,7449.81607474
56440000,56445000,13510,5000,4189044.0,7448.49525159
56445000,56450000,13511,5000,4189357.0,7447.97538909
56450000,56455000,13512,5000,4189669.0,7448.24099227
56455000,56460000,13513,5000,4189982.0,7448.51286696
56460000,56465000,13514,5000,4190295.0,7448.74988737
56465000,56470000,13515,5000,4190608.0,7448.98179857
56470000,56475000,13516,5000,4190921.0,7449.10771623
56475000,56480000,13517,5000,4191233.0,7449.37786344
56480000,56485000,13518,5000,4191546.0,7449.32759267
56485000,56490000,13519,5000,4191859.0,7449.55764094
56490000,56495000,13520,5000,4192171.0,7449.78439904
56495000,56500000,13521,5000,4192484.0,7449.9130681
56500000,56505000,13522,5000,4192797.0,7449.98501048
56505000,56510000,13523,5000,4193110.0,7449.95089421
56510000,56515000,13524,5000,4193423.0,7449.89172841
56515000,56520000,13525,5000,4193736.0,7449.8986247
56520000,56525000,13526,5000,4194049.0,7449.69735154
56525000,56530000,13527,5000,4194361.0,7449.77683452
56530000,56535000,13528,5000,4194674.0,7450.05362983
56535000,56540000,13529,5000,4194987.0,7450.28853838
56540000,56545000,13530,5000,4195300.0,7450.51771363
56545000,56550000,13531,5000,4195612.0,7450.64441211
56550000,56555000,13532,5000,4195925.0,7450.91571464
56555000,56560000,13533,5000,4196238.0,7451.01281518
56560000,56565000,13534,5000,4196551.0,7451.13911496
56565000,56570000,13535,5000,4196864.0,7451.40821103
56570000,56575000,13536,5000,4197177.0,7451.63480572
56575000,56580000,13537,5000,4197490.0,7451.76974135
56580000,56585000,13538,5000,4197802.0,7451.89348468
56585000,56590000,13539,5000,4198115.0,7452.00288557
56590000,56595000,13540,5000,4198428.0,7452.19787045
56595000,56600000,13541,5000,4198741.0,7452.2247101
56600000,56605000,13542,5000,4199054.0,7452.3943201
56605000,56610000,13543,5000,4199367.0,7452.47929107
56610000,56615000,13544,5000,4199679.0,7452.60285534
56615000,56620000,13545,5000,4199992.0,7452.41269266
56620000,56625000,13546,5000,4200305.0,7452.17551358
56625000,56630000,13547,5000,4200618.0,7452.32824494
56630000,56635000,13548,5000,4200931.0,7452.45628861
56635000,56640000,13549,5000,4201244.0,7452.47360154
56640000,56645000,13550,5000,4201557.0,7452.57190298
56645000,56650000,13551,5000,4201869.0,7452.69403758
56650000,56655000,13552,5000,4202182.0,7452.69603667
56655000,56660000,13553,5000,4202495.0,7452.82054216
56660000,56665000,13554,5000,4202808.0,7452.9333208
56665000,56670000,13555,5000,4203120.0,7452.90033173
56670000,56675000,13556,5000,4203433.0,7452.92304883
56675000,56680000,13557,5000,4203746.0,7453.04639899
56680000,56685000,13558,5000,4204059.0,7453.06499168
56685000,56690000,13559,5000,4204372.0,7452.81910109
56690000,56695000,13560,5000,4204685.0,7452.80433735
56695000,56700000,13561,5000,4204998.0,7452.9254889
56700000,56705000,13562,5000,4205311.0,7452.86528331
56705000,56710000,13563,5000,4205623.0,7452.88110818
56710000,56715000,13564,5000,4205936.0,7453.13600394
56715000,56720000,13565,5000,4206249.0,7453.24679029
56720000,56725000,13566,5000,4206562.0,7453.37241854
56725000,56730000,13567,5000,4206874.0,7453.53368989
56730000,56735000,13568,5000,4207187.0,7453.61106436
56735000,56740000,13569,5000,4207500.0,7453.71079675
56740000,56745000,13570,5000,4207813.0,7453.89885204
56745000,56750000,13571,5000,4208126.0,7453.98162932
56750000,56755000,13572,5000,4208439.0,7454.19420997
56755000,56760000,13573,5000,4208751.0,7454.20524015
56760000,56765000,13574,5000,4209064.0,7454.17901785
56765000,56770000,13575,5000,4209377.0,7454.04922173
56770000,56775000,13576,5000,4209690.0,7454.17118998
56775000,56780000,13577,5000,4210003.0,7454.24934703
56780000,56785000,13578,5000,4210315.0,7454.37007212
56785000,56790000,13579,5000,4210628.0,7454.50007695
56790000,56795000,13580,5000,4210941.0,7454.6458745
56795000,56800000,13581,5000,4211254.0,7454.77442071
56800000,56805000,13582,5000,4211567.0,7454.88622102
56805000,56810000,13583,5000,4211879.0,7454.93368033
56810000,56815000,13584,5000,4212192.0,7454.92818618
56815000,56820000,13585,5000,4212505.0,7454.72213974
56820000,56825000,13586,5000,4212818.0,7454.92301903
56825000,56830000,13587,5000,4213131.0,7455.02210909
56830000,56835000,13588,5000,4213443.0,7455.14493897
56835000,56840000,13589,5000,4213756.0,7455.20299566
56840000,56845000,13590,5000,4214069.0,7455.31055654
56845000,56850000,13591,5000,4214382.0,7455.33281123
56850000,56855000,13592,5000,4214695.0,7455.43797631
56855000,56860000,13593,5000,4215008.0,7455.37781414
56860000,56865000,13594,5000,4215321.0,7455.44863719
56865000,56870000,13595,5000,4215633.0,7455.53664503
56870000,56875000,13596,5000,4215946.0,7455.66188805
56875000,56880000,13597,5000,4216259.0,7455.85094399
56880000,56885000,13598,5000,4216572.0,7455.95590638
56885000,56890000,13599,5000,4216885.0,7456.06572177
56890000,56895000,13600,5000,4217198.0,7456.02339518
56895000,56900000,13601,5000,4217511.0,7456.12562663
56900000,56905000,13602,5000,4217824.0,7456.35525229
56905000,56910000,13603,5000,4218136.0,7456.36532823
56910000,56915000,13604,5000,4218449.0,7456.38423409
56915000,56920000,13605,5000,4218762.0,7456.49329647
56920000,56925000,13606,5000,4219075.0,7456.55218746
56925000,56930000,13607,5000,4219388.0,7456.61338926
56930000,56935000,13608,5000,4219701.0,7456.80448351
56935000,56940000,13609,5000,4220013.0,7457.00248816
56940000,56945000,13610,5000,4220326.0,7457.23149225
56945000,56950000,13611,5000,4220639.0,7457.34975733
56950000,56955000,13612,5000,4220952.0,7456.82672201
56955000,56960000,13613,5000,4221265.0,7456.47208528
56960000,56965000,13614,5000,4221578.0,7455.94474757
56965000,56970000,13615,5000,4221890.0,7456.22463985
56970000,56975000,13616,5000,4222203.0,7456.18667268
56975000,56980000,13617,5000,4222516.0,7456.41338344
56980000,56985000,13618,5000,4222829.0,7455.80507027
56985000,56990000,13619,5000,4223142.0,7454.53817735
56990000,56995000,13620,5000,4223455.0,7454.63530557
56995000,57000000,13621,5000,4223767.0,7454.72541832
57000000,57005000,13622,5000,4224081.0,7454.95322404
57005000,57010000,13623,5000,4224391.0,7455.1757951
57010000,57015000,13624,5000,4224702.0,7455.44824904
57015000,57020000,13625,5000,4225012.0,7455.67041047
57020000,57025000,13626,5000,4225322.0,7455.93983618
57025000,57030000,13627,5000,4225633.0,7456.16451007
57030000,57035000,13628,5000,4225944.0,7456.43946495
57035000,57040000,13629,5000,4226254.0,7456.48699401
57040000,57045000,13630,5000,4226564.0,7456.42588399
57045000,57050000,13631,5000,4226875.0,7456.53820367
57050000,57055000,13632,5000,4227186.0,7456.46484157
57055000,57060000,13633,5000,4227496.0,7456.3668855
57060000,57065000,13634,5000,4227806.0,7456.27263965
57065000,57070000,13635,5000,4228117.0,7456.14586825
57070000,57075000,13636,5000,4228427.0,7456.24686272
57075000,57080000,13637,5000,4228737.0,7456.32144563
57080000,57085000,13638,5000,4229048.0,7456.22586702
57085000,57090000,13639,5000,4229359.0,7456.33782855
57090000,57095000,13640,5000,4229669.0,7456.45067797
57095000,57100000,13641,5000,4229980.0,7456.39365836
57100000,57105000,13642,5000,4230290.0,7456.40932718
57105000,57110000,13643,5000,4230600.0,7456.20643497
57110000,57115000,13644,5000,4230911.0,7456.09692824
57115000,57120000,13645,5000,4231221.0,7456.07323491
57120000,57125000,13646,5000,4231532.0,7456.2195519
57125000,57130000,13647,5000,4231842.0,7456.21369316
57130000,57135000,13648,5000,4232153.0,7456.32726321
57135000,57140000,13649,5000,4232463.0,7456.37711895
57140000,57145000,13650,5000,4232774.0,7456.59924075
57145000,57150000,13651,5000,4233084.0,7456.61358541
57150000,57155000,13652,5000,4233395.0,7456.05025914
57155000,57160000,13653,5000,4233705.0,7455.40302278
57160000,57165000,13654,5000,4234016.0,7455.63083353
57165000,57170000,13655,5000,4234326.0,7455.76330797
57170000,57175000,13656,5000,4234637.0,7455.85715041
57175000,57180000,13657,5000,4234947.0,7456.06097352
57180000,57185000,13658,5000,4235258.0,7456.28282547
57185000,57190000,13659,5000,4235568.0,7456.40662698
57190000,57195000,13660,5000,4235879.0,7456.47824198
57195000,57200000,13661,5000,4236189.0,7456.6043426
57200000,57205000,13662,5000,4236500.0,7456.72898488
57205000,57210000,13663,5000,4236810.0,7456.86094916
57210000,57215000,13664,5000,4237121.0,7457.03836084
57215000,57220000,13665,5000,4237431.0,7457.05595181
57220000,57225000,13666,5000,4237742.0,7457.32946863
57225000,57230000,13667,5000,4238052.0,7457.4028977
57230000,57235000,13668,5000,4238363.0,7457.47292135
57235000,57240000,13669,5000,4238673.0,7457.51030406
57240000,57245000,13670,5000,4238984.0,7457.48133502
57245000,57250000,13671,5000,4239294.0,7457.59872102
57250000,57255000,13672,5000,4239605.0,7457.74633678
57255000,57260000,13673,5000,4239915.0,7457.97325928
57260000,57265000,13674,5000,4240226.0,7458.10833668
57265000,57270000,13675,5000,4240536.0,7458.22637525
57270000,57275000,13676,5000,4240847.0,7458.20487553
57275000,57280000,13677,5000,4241157.0,7458.30787038
57280000,57285000,13678,5000,4241468.0,7458.31029069
57285000,57290000,13679,5000,4241779.0,7458.40770754
57290000,57295000,13680,5000,4242089.0,7458.3649952
57295000,57300000,13681,5000,4242400.0,7458.34262956
57300000,57305000,13682,5000,4242710.0,7458.24420691
57305000,57310000,13683,5000,4243021.0,7458.2891461
57310000,57315000,13684,5000,4243331.0,7458.39474731
57315000,57320000,13685,5000,4243641.0,7458.26311387
57320000,57325000,13686,5000,4243952.0,7458.16138547
57325000,57330000,13687,5000,4244262.0,7457.50955316
57330000,57335000,13688,5000,4244573.0,7456.95968154
57335000,57340000,13689,5000,4244883.0,7456.95348576
57340000,57345000,13690,5000,4245194.0,7457.07370517
57345000,57350000,13691,5000,4245504.0,7457.28135864
57350000,57355000,13692,5000,4245815.0,7457.50727958
57355000,57360000,13693,5000,4246125.0,7457.73048474
57360000,57365000,13694,5000,4246436.0,7457.80335526
57365000,57370000,13695,5000,4246746.0,7457.91757725
57370000,57375000,13696,5000,4247057.0,7458.02784358
57375000,57380000,13697,5000,4247367.0,7458.03416685
57380000,57385000,13698,5000,4247678.0,7458.15413115
57385000,57390000,13699,5000,4247988.0,7458.18758959
57390000,57395000,13700,5000,4248299.0,7457.93139042
57395000,57400000,13701,5000,4248609.0,7457.69104382
57400000,57405000,13702,5000,4248920.0,7457.79209619
57405000,57410000,13703,5000,4249230.0,7458.04760735
57410000,57415000,13704,5000,4249541.0,7458.31697538
57415000,57420000,13705,5000,4249851.0,7458.5416345
57420000,57425000,13706,5000,4250162.0,7458.57231843
57425000,57430000,13707,5000,4250472.0,7458.64351637
57430000,57435000,13708,5000,4250783.0,7458.62853969
57435000,57440000,13709,5000,4251093.0,7458.90167998
57440000,57445000,13710,5000,4251403.0,7459.11305744
57445000,57450000,13711,5000,4251714.0,7459.22892296
57450000,57455000,13712,5000,4252024.0,7459.44090696
57455000,57460000,13713,5000,4252335.0,7459.61117792
57460000,57465000,13714,5000,4252646.0,7459.67803216
57465000,57470000,13715,5000,4252956.0,7459.8800699
57470000,57475000,13716,5000,4253267.0,7459.91117798
57475000,57480000,13717,5000,4253577.0,7460.02733897
57480000,57485000,13718,5000,4253888.0,7459.99508949
57485000,57490000,13719,5000,4254198.0,7460.09100348
57490000,57495000,13720,5000,4254509.0,7460.07192383
57495000,57500000,13721,5000,4254819.0,7460.08812586
57500000,57505000,13722,5000,4255130.0,7459.88954442
57505000,57510000,13723,5000,4255440.0,7459.89755651
57510000,57515000,13724,5000,4255751.0,7460.01022061
57515000,57520000,13725,5000,4256061.0,7460.0147563
57520000,57525000,13726,5000,4256372.0,7460.12650736
57525000,57530000,13727,5000,4256682.0,7459.95879517
57530000,57535000,13728,5000,4256993.0,7459.99012339
57535000,57540000,13729,5000,4257303.0,7459.92817313
57540000,57545000,13730,5000,4257614.0,7459.90294048
57545000,57550000,13731,5000,4257924.0,7459.37887266
57550000,57555000,13732,5000,4258235.0,7458.75811863
57555000,57560000,13733,5000,4258545.0,7458.17000074
57560000,57565000,13734,5000,4258856.0,7457.48408321
57565000,57570000,13735,5000,4259166.0,7456.16596503
57570000,57575000,13736,5000,4259477.0,7455.63792999
57575000,57580000,13737,5000,4259787.0,7455.74521076
57580000,57585000,13738,5000,4260098.0,7455.94677338
57585000,57590000,13739,5000,4260408.0,7456.09102172
57590000,57595000,13740,5000,4260718.0,7456.35170959
57595000,57600000,13741,5000,4261029.0,7456.56930688
57600000,57605000,13742,5000,4261339.0,7456.7900817
57605000,57610000,13743,5000,4261650.0,7457.01548045
57610000,57615000,13744,5000,4261961.0,7457.22670533
57615000,57620000,13745,5000,4262271.0,7457.33615255
57620000,57625000,13746,5000,4262581.0,7457.37647584
57625000,57630000,13747,5000,4262892.0,7457.46709013
57630000,57635000,13748,5000,4263202.0,7457.61284683
57635000,57640000,13749,5000,4263512.0,7457.8718075
57640000,57645000,13750,5000,4263823.0,7457.94440129
57645000,57650000,13751,5000,4264134.0,7458.12604787
57650000,57655000,13752,5000,4264444.0,7458.35061859
57655000,57660000,13753,5000,4264755.0,7458.56869939
57660000,57665000,13754,5000,4265065.0,7458.620482
57665000,57670000,13755,5000,4265376.0,7458.8463264
57670000,57675000,13756,5000,4265686.0,7459.10793116
57675000,57680000,13757,5000,4265996.0,7459.220031
57680000,57685000,13758,5000,4266307.0,7459.37295273
57685000,57690000,13759,5000,4266618.0,7458.86323554
57690000,57695000,13760,5000,4266928.0,7458.32348053
57695000,57700000,13761,5000,4267238.0,7458.49089562
57700000,57705000,13762,5000,4267549.0,7458.61695549
57705000,57710000,13763,5000,4267860.0,7458.7838263
57710000,57715000,13764,5000,4268170.0,7458.76079096
57715000,57720000,13765,5000,4268480.0,7458.77526875
57720000,57725000,13766,5000,4268791.0,7458.88937052
57725000,57730000,13767,5000,4269101.0,7459.00435615
57730000,57735000,13768,5000,4269412.0,7459.12575185
57735000,57740000,13769,5000,4269722.0,7459.38286129
57740000,57745000,13770,5000,4270033.0,7459.42360061
57745000,57750000,13771,5000,4270343.0,7459.56315748
57750000,57755000,13772,5000,4270654.0,7459.82373929
57755000,57760000,13773,5000,4270964.0,7459.9407855
57760000,57765000,13774,5000,4271275.0,7460.10076629
57765000,57770000,13775,5000,4271585.0,7460.17443484
57770000,57775000,13776,5000,4271896.0,7460.24021448
57775000,57780000,13777,5000,4272206.0,7460.32431357
57780000,57785000,13778,5000,4272517.0,7460.40895274
57785000,57790000,13779,5000,4272827.0,7460.68561764
57790000,57795000,13780,5000,4273138.0,7460.80833984
57795000,57800000,13781,5000,4273448.0,7460.19446525
57800000,57805000,13782,5000,4273759.0,7459.50212959
57805000,57810000,13783,5000,4274069.0,7459.41069308
57810000,57815000,13784,5000,4274380.0,7459.01013647
57815000,57820000,13785,5000,4274691.0,7458.35362673
57820000,57825000,13786,5000,4275001.0,7458.62081818
57825000,57830000,13787,5000,4275311.0,7458.83840829
57830000,57835000,13788,5000,4275622.0,7459.04747043
57835000,57840000,13789,5000,4275933.0,7459.25102259
57840000,57845000,13790,5000,4276243.0,7459.36867691
57845000,57850000,13791,5000,4276554.0,7459.62710356
57850000,57855000,13792,5000,4276864.0,7459.84017972
57855000,57860000,13793,5000,4277174.0,7459.95046956
57860000,57865000,13794,5000,4277485.0,7459.95062941
57865000,57870000,13795,5000,4277795.0,7459.95255953
57870000,57875000,13796,5000,4278106.0,7459.97389577
57875000,57880000,13797,5000,4278416.0,7459.93211876
57880000,57885000,13798,5000,4278727.0,7459.92113198
57885000,57890000,13799,5000,4279037.0,7459.92481867
57890000,57895000,13800,5000,4279348.0,7460.04034232
57895000,57900000,13801,5000,4279658.0,7460.19934252
57900000,57905000,13802,5000,4279969.0,7460.37552823
57905000,57910000,13803,5000,4280279.0,7460.37336851
57910000,57915000,13804,5000,4280590.0,7460.49789214
57915000,57920000,13805,5000,4280900.0,7460.61927959
57920000,57925000,13806,5000,4281211.0,7460.70063853
57925000,57930000,13807,5000,4281521.0,7460.82040086
57930000,57935000,13808,5000,4281832.0,7460.8327836
57935000,57940000,13809,5000,4282142.0,7461.04757775
57940000,57945000,13810,5000,4282453.0,7461.2677465
57945000,57950000,13811,5000,4282763.0,7461.48405271
57950000,57955000,13812,5000,4283074.0,7461.70010185
57955000,57960000,13813,5000,4283384.0,7461.90697052
57960000,57965000,13814,5000,4283695.0,7462.01278322
57965000,57970000,13815,5000,4284006.0,7462.0792891
57970000,57975000,13816,5000,4284316.0,7462.19638294
57975000,57980000,13817,5000,4284626.0,7462.4111625
57980000,57985000,13818,5000,4284937.0,7462.63173353
57985000,57990000,13819,5000,4285247.0,7462.73612475
57990000,57995000,13820,5000,4285558.0,7462.78012223
57995000,58000000,13821,5000,4285869.0,7462.93886007
58000000,58005000,13822,5000,4286179.0,7462.92098896
58005000,58010000,13823,5000,4286481.0,7463.01186093
58010000,58015000,13824,5000,4286782.0,7463.09014541
58015000,58020000,13825,5000,4287083.0,7463.17489143
58020000,58025000,13826,5000,4287385.0,7463.15557616
58025000,58030000,13827,5000,4287687.0,7463.08626705
58030000,58035000,13828,5000,4287988.0,7463.04790626
58035000,58040000,13829,5000,4288290.0,7463.17910283
58040000,58045000,13830,5000,4288591.0,7463.26932366
58045000,58050000,13831,5000,4288893.0,7463.25039819
58050000,58055000,13832,5000,4289195.0,7463.45000001
58055000,58060000,13833,5000,4289496.0,7463.2297099
58060000,58065000,13834,5000,4289798.0,7463.0426384
58065000,58070000,13835,5000,4290099.0,7462.94150656
58070000,58075000,13836,5000,4290401.0,7462.83651068
58075000,58080000,13837,5000,4290703.0,7462.13991911
58080000,58085000,13838,5000,4291004.0,7461.62043007
58085000,58090000,13839,5000,4291306.0,7461.35360959
58090000,58095000,13840,5000,4291607.0,7461.0672753
58095000,58100000,13841,5000,4291909.0,7461.07888078
58100000,58105000,13842,5000,4292210.0,7461.16237478
58105000,58110000,13843,5000,4292512.0,7461.34402508
58110000,58115000,13844,5000,4292813.0,7461.52016981
58115000,58120000,13845,5000,4293115.0,7461.7212914
58120000,58125000,13846,5000,4293416.0,7461.97349388
58125000,58130000,13847,5000,4293718.0,7462.17944347
58130000,58135000,13848,5000,4294019.0,7462.42454112
58135000,58140000,13849,5000,4294320.0,7462.61822319
58140000,58145000,13850,5000,4294622.0,7462.72583652
58145000,58150000,13851,5000,4294924.0,7462.97554571
58150000,58155000,13852,5000,4295225.0,7463.18730995
58155000,58160000,13853,5000,4295527.0,7463.29230478
58160000,58165000,13854,5000,4295828.0,7463.32505615
58165000,58170000,13855,5000,4296129.0,7463.26907669
58170000,58175000,13856,5000,4296431.0,7463.34701815
58175000,58180000,13857,5000,4296733.0,7463.29782575
58180000,58185000,13858,5000,4297034.0,7463.32557634
58185000,58190000,13859,5000,4297336.0,7463.36421055
58190000,58195000,13860,5000,4297637.0,7463.33012541
58195000,58200000,13861,5000,4297939.0,7463.21747367
58200000,58205000,13862,5000,4298240.0,7462.94989965
58205000,58210000,13863,5000,4298542.0,7462.96529945
58210000,58215000,13864,5000,4298844.0,7463.2218821
58215000,58220000,13865,5000,4299145.0,7463.33018507
58220000,58225000,13866,5000,4299447.0,7463.4526232
58225000,58230000,13867,5000,4299748.0,7463.53127081
58230000,58235000,13868,5000,4300050.0,7463.57135702
58235000,58240000,13869,5000,4300351.0,7463.60623109
58240000,58245000,13870,5000,4300653.0,7463.64676118
58245000,58250000,13871,5000,4300954.0,7463.72509315
58250000,58255000,13872,5000,4301256.0,7463.93812833
58255000,58260000,13873,5000,4301557.0,7464.03131862
58260000,58265000,13874,5000,4301859.0,7464.12747457
58265000,58270000,13875,5000,4302160.0,7464.21933104
58270000,58275000,13876,5000,4302462.0,7464.31679895
58275000,58280000,13877,5000,4302763.0,7464.40582758
58280000,58285000,13878,5000,4303065.0,7464.66398098
58285000,58290000,13879,5000,4303366.0,7464.67004483
58290000,58295000,13880,5000,4303668.0,7464.68888729
58295000,58300000,13881,5000,4303969.0,7464.72262717
58300000,58305000,13882,5000,4304271.0,7464.68984794
58305000,58310000,13883,5000,4304573.0,7464.48900691
58310000,58315000,13884,5000,4304874.0,7464.38243801
58315000,58320000,13885,5000,4305176.0,7464.62814329
58320000,58325000,13886,5000,4305477.0,7464.72032287
58325000,58330000,13887,5000,4305779.0,7464.79500595
58330000,58335000,13888,5000,4306080.0,7464.74540208
58335000,58340000,13889,5000,4306382.0,7464.83382983
58340000,58345000,13890,5000,4306683.0,7464.73293852
58345000,58350000,13891,5000,4306985.0,7464.8771685
58350000,58355000,13892,5000,4307286.0,7464.91863464
58355000,58360000,13893,5000,4307588.0,7464.96228183
58360000,58365000,13894,5000,4307889.0,7464.88743256
58365000,58370000,13895,5000,4308191.0,7464.97673559
58370000,58375000,13896,5000,4308493.0,7465.06332377
58375000,58380000,13897,5000,4308794.0,7465.14846532
58380000,58385000,13898,5000,4309096.0,7465.14429692
58385000,58390000,13899,5000,4309397.0,7465.20083179
58390000,58395000,13900,5000,4309699.0,7465.2521611
58395000,58400000,13901,5000,4310000.0,7465.34854726
58400000,58405000,13902,5000,4310302.0,7465.55985931
58405000,58410000,13903,5000,4310603.0,7465.6531542
58410000,58415000,13904,5000,4310905.0,7465.7316598
58415000,58420000,13905,5000,4311206.0,7465.76327607
58420000,58425000,13906,5000,4311507.0,7465.83675109
58425000,58430000,13907,5000,4311809.0,7465.89471375
58430000,58435000,13908,5000,4312110.0,7466.10135366
58435000,58440000,13909,5000,4312412.0,7466.3039565
58440000,58445000,13910,5000,4312713.0,7466.51048763
58445000,58450000,13911,5000,4313015.0,7466.71550889
58450000,58455000,13912,5000,4313317.0,7466.9145709
58455000,58460000,13913,5000,4313618.0,7467.04782078
58460000,58465000,13914,5000,4313919.0,7467.23694889
58465000,58470000,13915,5000,4314221.0,7467.44122083
58470000,58475000,13916,5000,4314522.0,7467.51468676
58475000,58480000,13917,5000,4314824.0,7467.63180244
58480000,58485000,13918,5000,4315125.0,7467.72070702
58485000,58490000,13919,5000,4315427.0,7467.96687413
58490000,58495000,13920,5000,4315728.0,7468.09843623
58495000,58500000,13921,5000,4316030.0,7468.22373828
58500000,58505000,13922,5000,4316331.0,7468.4760827
58505000,58510000,13923,5000,4316633.0,7468.68630948
58510000,58515000,13924,5000,4316934.0,7468.93106937
58515000,58520000,13925,5000,4317236.0,7469.10535917
58520000,58525000,13926,5000,4317537.0,7469.24176223
58525000,58530000,13927,5000,4317839.0,7469.40445867
58530000,58535000,13928,5000,4318140.0,7469.55401146
58535000,58540000,13929,5000,4318442.0,7469.76519207
58540000,58545000,13930,5000,4318743.0,7469.93808471
58545000,58550000,13931,5000,4319045.0,7470.14199477
58550000,58555000,13932,5000,4319346.0,7470.23954685
58555000,58560000,13933,5000,4319648.0,7470.32623487
58560000,58565000,13934,5000,4319949.0,7470.41141449
58565000,58570000,13935,5000,4320251.0,7470.51474443
58570000,58575000,13936,5000,4320552.0,7470.64614875
58575000,58580000,13937,5000,4320854.0,7470.74855202
58580000,58585000,13938,5000,4321155.0,7470.48635964
58585000,58590000,13939,5000,4321457.0,7470.44939622
58590000,58595000,13940,5000,4321758.0,7470.3387826
58595000,58600000,13941,5000,4322060.0,7469.81547072
58600000,58605000,13942,5000,4322361.0,7469.13900511
58605000,58610000,13943,5000,4322663.0,7468.60902193
58610000,58615000,13944,5000,4322964.0,7467.99817003
58615000,58620000,13945,5000,4323266.0,7467.39191187
58620000,58625000,13946,5000,4323567.0,7466.87373369
58625000,58630000,13947,5000,4323869.0,7467.13300366
58630000,58635000,13948,5000,4324171.0,7467.33754193
58635000,58640000,13949,5000,4324472.0,7467.53672359
58640000,58645000,13950,5000,4324774.0,7467.80111019
58645000,58650000,13951,5000,4325075.0,7468.00262995
58650000,58655000,13952,5000,4325377.0,7468.22476317
58655000,58660000,13953,5000,4325678.0,7468.22445454
58660000,58665000,13954,5000,4325980.0,7468.24665505
58665000,58670000,13955,5000,4326281.0,7468.22855436
58670000,58675000,13956,5000,4326583.0,7468.32291793
58675000,58680000,13957,5000,4326884.0,7468.40792567
58680000,58685000,13958,5000,4327186.0,7468.50992671
58685000,58690000,13959,5000,4327487.0,7468.61295936
58690000,58695000,13960,5000,4327789.0,7468.56845243
58695000,58700000,13961,5000,4328090.0,7468.6849885
58700000,58705000,13962,5000,4328392.0,7468.84342209
58705000,58710000,13963,5000,4328694.0,7468.95277708
58710000,58715000,13964,5000,4328995.0,7469.0609262
58715000,58720000,13965,5000,4329297.0,7469.06810982
58720000,58725000,13966,5000,4329598.0,7469.12054517
58725000,58730000,13967,5000,4329899.0,7468.83254287
58730000,58735000,13968,5000,4330201.0,7468.85683601
58735000,58740000,13969,5000,4330502.0,7468.84897462
58740000,58745000,13970,5000,4330804.0,7469.10579238
58745000,58750000,13971,5000,4331106.0,7469.27935412
58750000,58755000,13972,5000,4331407.0,7469.42121409
58755000,58760000,13973,5000,4331709.0,7469.56161491
58760000,58765000,13974,5000,4332010.0,7469.55067807
58765000,58770000,13975,5000,4332312.0,7469.66666229
58770000,58775000,13976,5000,4332613.0,7469.84388588
58775000,58780000,13977,5000,4332915.0,7469.94444148
58780000,58785000,13978,5000,4333216.0,7469.68902523
58785000,58790000,13979,5000,4333518.0,7469.45942332
58790000,58795000,13980,5000,4333819.0,7469.2576266
58795000,58800000,13981,5000,4334121.0,7468.98637174
58800000,58805000,13982,5000,4334422.0,7468.72268999
58805000,58810000,13983,5000,4334724.0,7468.6178047
58810000,58815000,13984,5000,4335025.0,7468.4662937
58815000,58820000,13985,5000,4335327.0,7468.71788037
58820000,58825000,13986,5000,4335628.0,7468.82116177
58825000,58830000,13987,5000,4335930.0,7468.66126991
58830000,58835000,13988,5000,4336231.0,7467.96349145
58835000,58840000,13989,5000,4336533.0,7467.86128125
58840000,58845000,13990,5000,4336834.0,7467.73788592
58845000,58850000,13991,5000,4337136.0,7467.51385961
58850000,58855000,13992,5000,4337437.0,7467.60750789
58855000,58860000,13993,5000,4337739.0,7467.44414426
58860000,58865000,13994,5000,4338040.0,7467.56226733
58865000,58870000,13995,5000,4338342.0,7467.70692322
58870000,58875000,13996,5000,4338643.0,7467.81846477
58875000,58880000,13997,5000,4338945.0,7468.02976461
58880000,58885000,13998,5000,4339247.0,7468.06888932
58885000,58890000,13999,5000,4339548.0,7468.15074368
58890000,58895000,14000,5000,4339850.0,7468.08232752
58895000,58900000,14001,5000,4340151.0,7468.21496832
58900000,58905000,14002,5000,4340453.0,7468.41963608
58905000,58910000,14003,5000,4340754.0,7468.61893849
58910000,58915000,14004,5000,4341055.0,7468.82469141
58915000,58920000,14005,5000,4341357.0,7469.01559455
58920000,58925000,14006,5000,4341658.0,7469.2183691
58925000,58930000,14007,5000,4341960.0,7469.35785368
58930000,58935000,14008,5000,4342262.0,7469.57507147
58935000,58940000,14009,5000,4342563.0,7469.78228023
58940000,58945000,14010,5000,4342865.0,7469.97523153
58945000,58950000,14011,5000,4343166.0,7470.21894882
58950000,58955000,14012,5000,4343468.0,7470.30914459
58955000,58960000,14013,5000,4343769.0,7470.40756527
58960000,58965000,14014,5000,4344071.0,7470.50472965
58965000,58970000,14015,5000,4344372.0,7470.5506775
58970000,58975000,14016,5000,4344674.0,7470.44994866
58975000,58980000,14017,5000,4344975.0,7470.54260935
58980000,58985000,14018,5000,4345277.0,7470.53129961
58985000,58990000,14019,5000,4345578.0,7470.51629437
58990000,58995000,14020,5000,4345880.0,7470.50612094
58995000,59000000,14021,5000,4346181.0,7470.45043898
59000000,59005000,14022,5000,4346483.0,7470.4281095
59005000,59010000,14023,5000,4346804.0,7470.52016921
59010000,59015000,14024,5000,4347125.0,7470.59875267
59015000,59020000,14025,5000,4347446.0,7470.82492084
59020000,59025000,14026,5000,4347768.0,7470.96825193
59025000,59030000,14027,5000,4348089.0,7471.07894897
59030000,59035000,14028,5000,4348410.0,7471.25434117
59035000,59040000,14029,5000,4348731.0,7471.38107939
59040000,59045000,14030,5000,4349052.0,7471.40762302
59045000,59050000,14031,5000,4349373.0,7471.42938933
59050000,59055000,14032,5000,4349695.0,7471.40448612
59055000,59060000,14033,5000,4350016.0,7471.52092812
59060000,59065000,14034,5000,4350337.0,7471.3702055
59065000,59070000,14035,5000,4350659.0,7471.17976502
59070000,59075000,14036,5000,4350980.0,7470.94452987
59075000,59080000,14037,5000,4351301.0,7470.8615832
59080000,59085000,14038,5000,4351622.0,7470.98391962
59085000,59090000,14039,5000,4351943.0,7471.21610871
59090000,59095000,14040,5000,4352265.0,7471.44830055
59095000,59100000,14041,5000,4352586.0,7471.53510877
59100000,59105000,14042,5000,4352907.0,7471.7389342
59105000,59110000,14043,5000,4353228.0,7471.9593502
59110000,59115000,14044,5000,4353549.0,7472.01815819
59115000,59120000,14045,5000,4353871.0,7472.24394725
59120000,59125000,14046,5000,4354192.0,7472.37089677
59125000,59130000,14047,5000,4354513.0,7472.53552195
59130000,59135000,14048,5000,4354834.0,7472.68238007
59135000,59140000,14049,5000,4355155.0,7472.79983778
59140000,59145000,14050,5000,4355477.0,7472.62041514
59145000,59150000,14051,5000,4355798.0,7472.51352309
59150000,59155000,14052,5000,4356119.0,7472.7897492
59155000,59160000,14053,5000,4356441.0,7472.96338851
59160000,59165000,14054,5000,4356762.0,7473.21715311
59165000,59170000,14055,5000,4357084.0,7473.34210703
59170000,59175000,14056,5000,4357405.0,7473.47071626
59175000,59180000,14057,5000,4357726.0,7473.49269503
59180000,59185000,14058,5000,4358047.0,7473.65479444
59185000,59190000,14059,5000,4358369.0,7473.85775914
59190000,59195000,14060,5000,4358690.0,7473.98696104
59195000,59200000,14061,5000,4359011.0,7473.93484379
59200000,59205000,14062,5000,4359332.0,7474.06218139
59205000,59210000,14063,5000,4359654.0,7474.30115916
59210000,59215000,14064,5000,4359975.0,7474.4585371
59215000,59220000,14065,5000,4360296.0,7474.67377467
59220000,59225000,14066,5000,4360617.0,7474.76279886
59225000,59230000,14067,5000,4360938.0,7474.93940902
59230000,59235000,14068,5000,4361260.0,7475.07744908
59235000,59240000,14069,5000,4361581.0,7474.93210387
59240000,59245000,14070,5000,4361902.0,7474.69259087
59245000,59250000,14071,5000,4362224.0,7474.63528395
59250000,59255000,14072,5000,4362545.0,7474.55541275
59255000,59260000,14073,5000,4362866.0,7474.51382786
59260000,59265000,14074,5000,4363187.0,7474.53176728
59265000,59270000,14075,5000,4363509.0,7474.72940507
59270000,59275000,14076,5000,4363830.0,7474.81861431
59275000,59280000,14077,5000,4364151.0,7474.96766901
59280000,59285000,14078,5000,4364473.0,7475.03281017
59285000,59290000,14079,5000,4364794.0,7475.10032324
59290000,59295000,14080,5000,4365115.0,7475.25363896
59295000,59300000,14081,5000,4365436.0,7475.35873877
59300000,59305000,14082,5000,4365757.0,7475.59210175
59305000,59310000,14083,5000,4366079.0,7475.6856627
59310000,59315000,14084,5000,4366400.0,7475.91832242
59315000,59320000,14085,5000,4366721.0,7476.06142682
59320000,59325000,14086,5000,4367043.0,7476.1587586
59325000,59330000,14087,5000,4367364.0,7476.25911458
59330000,59335000,14088,5000,4367685.0,7476.21741919
59335000,59340000,14089,5000,4368006.0,7476.27593881
59340000,59345000,14090,5000,4368328.0,7476.49908038
59345000,59350000,14091,5000,4368649.0,7476.6211182
59350000,59355000,14092,5000,4368970.0,7476.69478724
59355000,59360000,14093,5000,4369292.0,7476.76597602
59360000,59365000,14094,5000,4369613.0,7476.88930594
59365000,59370000,14095,5000,4369934.0,7476.63389755
59370000,59375000,14096,5000,4370256.0,7476.76379897
59375000,59380000,14097,5000,4370577.0,7476.82254534
59380000,59385000,14098,5000,4370898.0,7477.04749676
59385000,59390000,14099,5000,4371219.0,7477.14295054
59390000,59395000,14100,5000,4371541.0,7477.27219327
59395000,59400000,14101,5000,4371862.0,7477.39222854
59400000,59405000,14102,5000,4372183.0,7477.41772034
59405000,59410000,14103,5000,4372504.0,7477.34384024
59410000,59415000,14104,5000,4372826.0,7477.29501754
59415000,59420000,14105,5000,4373147.0,7477.32214706
59420000,59425000,14106,5000,4373468.0,7477.60553589
59425000,59430000,14107,5000,4373789.0,7477.74367394
59430000,59435000,14108,5000,4374111.0,7477.5855325
59435000,59440000,14109,5000,4374432.0,7477.70639249
59440000,59445000,14110,5000,4374753.0,7477.77623982
59445000,59450000,14111,5000,4375075.0,7477.9053138
59450000,59455000,14112,5000,4375396.0,7478.16240595
59455000,59460000,14113,5000,4375717.0,7478.39978058
59460000,59465000,14114,5000,4376038.0,7478.54934605
59465000,59470000,14115,5000,4376360.0,7478.80745987
59470000,59475000,14116,5000,4376681.0,7478.88652168
59475000,59480000,14117,5000,4377002.0,7478.90078051
59480000,59485000,14118,5000,4377323.0,7478.84887286
59485000,59490000,14119,5000,4377645.0,7479.11185399
59490000,59495000,14120,5000,4377966.0,7479.38881114
59495000,59500000,14121,5000,4378287.0,7479.55366329
59500000,59505000,14122,5000,4378608.0,7479.5424471
59505000,59510000,14123,5000,4378930.0,7479.67569431
59510000,59515000,14124,5000,4379251.0,7479.63334838
59515000,59520000,14125,5000,4379572.0,7479.72349241
59520000,59525000,14126,5000,4379893.0,7479.7130675
59525000,59530000,14127,5000,4380215.0,7479.66439003
59530000,59535000,14128,5000,4380536.0,7479.86231644
59535000,59540000,14129,5000,4380857.0,7479.82258881
59540000,59545000,14130,5000,4381178.0,7479.8932137
59545000,59550000,14131,5000,4381499.0,7479.66262165
59550000,59555000,14132,5000,4381821.0,7479.58726759
59555000,59560000,14133,5000,4382142.0,7479.33876324
59560000,59565000,14134,5000,4382463.0,7479.62310915
59565000,59570000,14135,5000,4382784.0,7479.85730481
59570000,59575000,14136,5000,4383106.0,7480.08433999
59575000,59580000,14137,5000,4383427.0,7480.31155125
59580000,59585000,14138,5000,4383748.0,7480.58579747
59585000,59590000,14139,5000,4384069.0,7480.72014333
59590000,59595000,14140,5000,4384391.0,7480.78531683
59595000,59600000,14141,5000,4384712.0,7480.75344614
59600000,59605000,14142,5000,4385033.0,7480.77126136
59605000,59610000,14143,5000,4385354.0,7480.7818816
59610000,59615000,14144,5000,4385676.0,7480.9153485
59615000,59620000,14145,5000,4385997.0,7480.76796869
59620000,59625000,14146,5000,4386318.0,7480.79058683
59625000,59630000,14147,5000,4386639.0,7480.61244769
59630000,59635000,14148,5000,4386960.0,7480.43409678
59635000,59640000,14149,5000,4387282.0,7480.62666332
59640000,59645000,14150,5000,4387603.0,7480.73271331
59645000,59650000,14151,5000,4387924.0,7480.50434642
59650000,59655000,14152,5000,4388245.0,7480.64592517
59655000,59660000,14153,5000,4388566.0,7480.77769587
59660000,59665000,14154,5000,4388888.0,7480.90915604
59665000,59670000,14155,5000,4389209.0,7480.66812017
59670000,59675000,14156,5000,4389530.0,7480.81680393
59675000,59680000,14157,5000,4389851.0,7480.93588524
59680000,59685000,14158,5000,4390173.0,7481.164529
59685000,59690000,14159,5000,4390494.0,7481.44217755
59690000,59695000,14160,5000,4390816.0,7481.6744168
59695000,59700000,14161,5000,4391137.0,7481.89718209
59700000,59705000,14162,5000,4391458.0,7482.16060694
59705000,59710000,14163,5000,4391779.0,7482.41905159
59710000,59715000,14164,5000,4392100.0,7482.57558319
59715000,59720000,14165,5000,4392422.0,7482.85292768
59720000,59725000,14166,5000,4392743.0,7483.0812698
59725000,59730000,14167,5000,4393064.0,7483.22738289
59730000,59735000,14168,5000,4393386.0,7483.33238213
59735000,59740000,14169,5000,4393707.0,7483.43080657
59740000,59745000,14170,5000,4394028.0,7483.57824316
59745000,59750000,14171,5000,4394349.0,7483.68494019
59750000,59755000,14172,5000,4394671.0,7483.81744111
59755000,59760000,14173,5000,4394992.0,7483.9480057
59760000,59765000,14174,5000,4395313.0,7484.0789143
59765000,59770000,14175,5000,4395635.0,7484.21004661
59770000,59775000,14176,5000,4395956.0,7484.42090949
59775000,59780000,14177,5000,4396277.0,7484.5443435
59780000,59785000,14178,5000,4396598.0,7484.60014435
59785000,59790000,14179,5000,4396919.0,7484.71135991
59790000,59795000,14180,5000,4397241.0,7484.77972237
59795000,59800000,14181,5000,4397562.0,7485.05599911
59800000,59805000,14182,5000,4397883.0,7485.27367484
59805000,59810000,14183,5000,4398204.0,7485.2541739
59810000,59815000,14184,5000,4398526.0,7485.4782426
59815000,59820000,14185,5000,4398847.0,7485.61422375
59820000,59825000,14186,5000,4399168.0,7485.83587902
59825000,59830000,14187,5000,4399490.0,7485.92744369
59830000,59835000,14188,5000,4399811.0,7486.05089441
59835000,59840000,14189,5000,4400132.0,7486.230959
59840000,59845000,14190,5000,4400453.0,7486.32451502
59845000,59850000,14191,5000,4400775.0,7486.5071283
59850000,59855000,14192,5000,4401096.0,7486.62527299
59855000,59860000,14193,5000,4401417.0,7486.67821707
59860000,59865000,14194,5000,4401739.0,7486.65100257
59865000,59870000,14195,5000,4402060.0,7486.8300687
59870000,59875000,14196,5000,4402381.0,7486.81406793
59875000,59880000,14197,5000,4402703.0,7486.89072331
59880000,59885000,14198,5000,4403024.0,7487.00109978
59885000,59890000,14199,5000,4403345.0,7487.10399078
59890000,59895000,14200,5000,4403666.0,7487.22676439
59895000,59900000,14201,5000,4403988.0,7487.14846528
59900000,59905000,14202,5000,4404309.0,7486.96914049
59905000,59910000,14203,5000,4404630.0,7487.22584374
59910000,59915000,14204,5000,4404951.0,7487.48872642
59915000,59920000,14205,5000,4405272.0,7487.60790493
59920000,59925000,14206,5000,4405594.0,7487.82432793
59925000,59930000,14207,5000,4405915.0,7488.03810684
59930000,59935000,14208,5000,4406236.0,7488.2547644
59935000,59940000,14209,5000,4406557.0,7488.51798242
59940000,59945000,14210,5000,4406878.0,7488.74111841
59945000,59950000,14211,5000,4407200.0,7488.95830082
59950000,59955000,14212,5000,4407521.0,7489.18180498
59955000,59960000,14213,5000,4407842.0,7489.25930809
59960000,59965000,14214,5000,4408163.0,7489.48526953
59965000,59970000,14215,5000,4408485.0,7489.57318739
59970000,59975000,14216,5000,4408806.0,7489.74009964
59975000,59980000,14217,5000,4409127.0,7489.79647201
59980000,59985000,14218,5000,4409448.0,7490.02263996
59985000,59990000,14219,5000,4409770.0,7490.24083521
59990000,59995000,14220,5000,4410091.0,7490.32917204
59995000,60000000,14221,5000,4410412.0,7490.39391354
60000000,60005000,14222,5000,4410733.0,7490.50877649
60005000,60010000,14223,5000,4411039.0,7490.75666547
60010000,60015000,14224,5000,4411344.0,7490.96108855
60015000,60020000,14225,5000,4411649.0,7491.1567814
60020000,60025000,14226,5000,4411954.0,7491.18773687
60025000,60030000,14227,5000,4412260.0,7491.2732834
60030000,60035000,14228,5000,4412565.0,7491.52328001
60035000,60040000,14229,5000,4412870.0,7491.72093182
60040000,60045000,14230,5000,4413176.0,7491.91984286
60045000,60050000,14231,5000,4413481.0,7492.16872777
60050000,60055000,14232,5000,4413786.0,7492.37444234
60055000,60060000,14233,5000,4414091.0,7492.56884779
60060000,60065000,14234,5000,4414397.0,7492.77804188
60065000,60070000,14235,5000,4414702.0,7492.97194349
60070000,60075000,14236,5000,4415008.0,7493.17994797
60075000,60080000,14237,5000,4415313.0,7493.27720142
60080000,60085000,14238,5000,4415618.0,7493.31514808
60085000,60090000,14239,5000,4415924.0,7493.38015525
60090000,60095000,14240,5000,4416229.0,7493.24734581
60095000,60100000,14241,5000,4416534.0,7493.4498161
60100000,60105000,14242,5000,4416839.0,7493.57733263
60105000,60110000,14243,5000,4417145.0,7493.67927736
60110000,60115000,14244,5000,4417450.0,7493.63155524
60115000,60120000,14245,5000,4417756.0,7493.75745606
60120000,60125000,14246,5000,4418061.0,7493.79151686
60125000,60130000,14247,5000,4418366.0,7493.90996502
60130000,60135000,14248,5000,4418672.0,7494.10396886
60135000,60140000,14249,5000,4418977.0,7494.23798543
60140000,60145000,14250,5000,4419282.0,7494.34926252
60145000,60150000,14251,5000,4419588.0,7494.27559047
60150000,60155000,14252,5000,4419893.0,7494.37687692
60155000,60160000,14253,5000,4420198.0,7494.57392718
60160000,60165000,14254,5000,4420504.0,7494.78203269
60165000,60170000,14255,5000,4420809.0,7494.98344496
60170000,60175000,14256,5000,4421114.0,7495.22865033
60175000,60180000,14257,5000,4421419.0,7495.43456317
60180000,60185000,14258,5000,4421725.0,7495.63498942
60185000,60190000,14259,5000,4422030.0,7495.6475599
60190000,60195000,14260,5000,4422335.0,7495.7560997
60195000,60200000,14261,5000,4422641.0,7495.52695143
60200000,60205000,14262,5000,4422946.0,7495.3663157
60205000,60210000,14263,5000,4423251.0,7495.26579848
60210000,60215000,14264,5000,4423557.0,7495.02372722
60215000,60220000,14265,5000,4423862.0,7494.35769526
60220000,60225000,14266,5000,4424167.0,7494.25377842
60225000,60230000,14267,5000,4424473.0,7494.49897174
60230000,60235000,14268,5000,4424778.0,7494.59860254
60235000,60240000,14269,5000,4425083.0,7494.63211104
60240000,60245000,14270,5000,4425389.0,7494.83353999
60245000,60250000,14271,5000,4425694.0,7495.01686822
60250000,60255000,14272,5000,4425999.0,7495.14077966
60255000,60260000,14273,5000,4426305.0,7495.33683924
60260000,60265000,14274,5000,4426610.0,7495.3514315
60265000,60270000,14275,5000,4426915.0,7495.45916281
60270000,60275000,14276,5000,4427221.0,7495.56042738
60275000,60280000,14277,5000,4427526.0,7495.70253876
60280000,60285000,14278,5000,4427831.0,7495.65338084
60285000,60290000,14279,5000,4428137.0,7495.76382795
60290000,60295000,14280,5000,4428442.0,7495.84546899
60295000,60300000,14281,5000,4428747.0,7496.05606908
60300000,60305000,14282,5000,4429052.0,7496.22531919
60305000,60310000,14283,5000,4429358.0,7496.37133648
60310000,60315000,14284,5000,4429663.0,7496.58922148
60315000,60320000,14285,5000,4429968.0,7496.70030423
60320000,60325000,14286,5000,4430274.0,7496.93478971
60325000,60330000,14287,5000,4430579.0,7497.14184083
60330000,60335000,14288,5000,4430884.0,7497.27859335
60335000,60340000,14289,5000,4431190.0,7497.49974602
60340000,60345000,14290,5000,4431495.0,7497.59082421
60345000,60350000,14291,5000,4431801.0,7497.54666157
60350000,60355000,14292,5000,4432106.0,7497.61369061
60355000,60360000,14293,5000,4432411.0,7497.57987508
60360000,60365000,14294,5000,4432716.0,7497.69927088
60365000,60370000,14295,5000,4433022.0,7497.73091734
60370000,60375000,14296,5000,4433327.0,7497.77706101
60375000,60380000,14297,5000,4433632.0,7497.74157942
60380000,60385000,14298,5000,4433938.0,7497.83315109
60385000,60390000,14299,5000,4434243.0,7497.1579321
60390000,60395000,14300,5000,4434548.0,7497.06554694
60395000,60400000,14301,5000,4434854.0,7497.05883159
60400000,60405000,14302,5000,4435159.0,7497.22177573
60405000,60410000,14303,5000,4435464.0,7497.4184426
60410000,60415000,14304,5000,4435770.0,7497.66490015
60415000,60420000,14305,5000,4436075.0,7497.79284662
60420000,60425000,14306,5000,4436380.0,7497.89608086
60425000,60430000,14307,5000,4436686.0,7497.98901793
60430000,60435000,14308,5000,4436991.0,7497.87700674
60435000,60440000,14309,5000,4437297.0,7497.8489121
60440000,60445000,14310,5000,4437602.0,7498.05493743
60445000,60450000,14311,5000,4437907.0,7498.14028664
60450000,60455000,14312,5000,4438213.0,7498.3451934
60455000,60460000,14313,5000,4438518.0,7498.44085585
60460000,60465000,14314,5000,4438823.0,7498.45800926
60465000,60470000,14315,5000,4439129.0,7498.65540975
60470000,60475000,14316,5000,4439434.0,7498.7449087
60475000,60480000,14317,5000,4439739.0,7498.76911722
60480000,60485000,14318,5000,4440044.0,7498.97480217
60485000,60490000,14319,5000,4440350.0,7499.1842969
60490000,60495000,14320,5000,4440655.0,7499.27505195
60495000,60500000,14321,5000,4440960.0,7499.20973924
60500000,60505000,14322,5000,4441266.0,7498.94720531
60505000,60510000,14323,5000,4441571.0,7499.02694918
60510000,60515000,14324,5000,4441876.0,7499.22383402
60515000,60520000,14325,5000,4442181.0,7499.3006561
60520000,60525000,14326,5000,4442487.0,7499.51209833
60525000,60530000,14327,5000,4442792.0,7499.71413539
60530000,60535000,14328,5000,4443098.0,7499.91630123
60535000,60540000,14329,5000,4443403.0,7500.11835888
60540000,60545000,14330,5000,4443708.0,7500.18446348
60545000,60550000,14331,5000,4444013.0,7500.38909706
60550000,60555000,14332,5000,4444319.0,7500.59534708
60555000,60560000,14333,5000,4444624.0,7500.80117508
60560000,60565000,14334,5000,4444929.0,7500.87004839
60565000,60570000,14335,5000,4445234.0,7500.85018802
60570000,60575000,14336,5000,4445540.0,7500.92914343
60575000,60580000,14337,5000,4445845.0,7501.09899079
60580000,60585000,14338,5000,4446150.0,7501.13735596
60585000,60590000,14339,5000,4446455.0,7501.21686021
60590000,60595000,14340,5000,4446761.0,7501.29111825
60595000,60600000,14341,5000,4447066.0,7501.32093589
60600000,60605000,14342,5000,4447371.0,7501.47439251
60605000,60610000,14343,5000,4447677.0,7501.57248654
60610000,60615000,14344,5000,4447982.0,7501.65910084
60615000,60620000,14345,5000,4448287.0,7501.76088624
60620000,60625000,14346,5000,4448592.0,7501.96788099
60625000,60630000,14347,5000,4448898.0,7502.05018593
60630000,60635000,14348,5000,4449203.0,7502.25994428
60635000,60640000,14349,5000,4449508.0,7502.34447393
60640000,60645000,14350,5000,4449814.0,7502.58154822
60645000,60650000,14351,5000,4450119.0,7502.70523871
60650000,60655000,14352,5000,4450425.0,7502.78357558
60655000,60660000,14353,5000,4450730.0,7502.90691322
60660000,60665000,14354,5000,4451035.0,7502.86373444
60665000,60670000,14355,5000,4451341.0,7502.87419776
60670000,60675000,14356,5000,4451646.0,7502.7611644
60675000,60680000,14357,5000,4451951.0,7502.77324878
60680000,60685000,14358,5000,4452257.0,7503.02882996
60685000,60690000,14359,5000,4452562.0,7503.07126267
60690000,60695000,14360,5000,4452867.0,7503.15344256
60695000,60700000,14361,5000,4453173.0,7503.31015415
60700000,60705000,14362,5000,4453478.0,7503.35203458
60705000,60710000,14363,5000,4453783.0,7503.11983112
60710000,60715000,14364,5000,4454088.0,7503.210403
60715000,60720000,14365,5000,4454394.0,7503.46117225
60720000,60725000,14366,5000,4454699.0,7503.65630681
60725000,60730000,14367,5000,4455005.0,7503.91287794
60730000,60735000,14368,5000,4455310.0,7504.14666786
60735000,60740000,14369,5000,4455615.0,7504.40222755
60740000,60745000,14370,5000,4455920.0,7504.64297062
60745000,60750000,14371,5000,4456226.0,7504.8420806
60750000,60755000,14372,5000,4456531.0,7505.03230894
60755000,60760000,14373,5000,4456836.0,7504.99193614
60760000,60765000,14374,5000,4457142.0,7505.09160339
60765000,60770000,14375,5000,4457447.0,7505.17985641
60770000,60775000,14376,5000,4457752.0,7505.07711085
60775000,60780000,14377,5000,4458058.0,7505.29401149
60780000,60785000,14378,5000,4458363.0,7505.39573279
60785000,60790000,14379,5000,4458668.0,7505.60402761
60790000,60795000,14380,5000,4458974.0,7505.70076051
60795000,60800000,14381,5000,4459279.0,7505.94614222
60800000,60805000,14382,5000,4459584.0,7506.14958876
60805000,60810000,14383,5000,4459890.0,7506.39582343
60810000,60815000,14384,5000,4460195.0,7506.6019135
60815000,60820000,14385,5000,4460501.0,7506.84187198
60820000,60825000,14386,5000,4460806.0,7507.03453315
60825000,60830000,14387,5000,4461111.0,7507.2347862
60830000,60835000,14388,5000,4461417.0,7507.47663822
60835000,60840000,14389,5000,4461722.0,7507.71900074
60840000,60845000,14390,5000,4462027.0,7507.9202867
60845000,60850000,14391,5000,4462333.0,7508.11375402
60850000,60855000,14392,5000,4462638.0,7508.20155493
60855000,60860000,14393,5000,4462943.0,7508.2393141
60860000,60865000,14394,5000,4463249.0,7508.27786539
60865000,60870000,14395,5000,4463554.0,7508.52337168
60870000,60875000,14396,5000,4463859.0,7508.72173552
60875000,60880000,14397,5000,4464165.0,7508.9206536
60880000,60885000,14398,5000,4464470.0,7508.66643419
60885000,60890000,14399,5000,4464775.0,7508.79627095
60890000,60895000,14400,5000,4465080.0,7508.87898342
60895000,60900000,14401,5000,4465386.0,7508.95666059
60900000,60905000,14402,5000,4465691.0,7509.07565357
60905000,60910000,14403,5000,4465996.0,7509.1427912
60910000,60915000,14404,5000,4466302.0,7509.21126202
60915000,60920000,14405,5000,4466607.0,7509.36595904
60920000,60925000,14406,5000,4466912.0,7509.32989151
60925000,60930000,14407,5000,4467218.0,7509.09799274
60930000,60935000,14408,5000,4467523.0,7508.8651273
60935000,60940000,14409,5000,4467828.0,7508.73963261
60940000,60945000,14410,5000,4468134.0,7508.64213914
60945000,60950000,14411,5000,4468439.0,7508.37459627
60950000,60955000,14412,5000,4468744.0,7507.72318842
60955000,60960000,14413,5000,4469050.0,7507.12167093
60960000,60965000,14414,5000,4469355.0,7506.99772208
60965000,60970000,14415,5000,4469660.0,7506.74740158
60970000,60975000,14416,5000,4469966.0,7506.61260563
60975000,60980000,14417,5000,4470271.0,7506.01408524
60980000,60985000,14418,5000,4470576.0,7505.80276352
60985000,60990000,14419,5000,4470882.0,7505.860342
60990000,60995000,14420,5000,4471187.0,7505.96004784
60995000,61000000,14421,5000,4471492.0,7505.85201326
61000000,61005000,14422,5000,4471798.0,7505.58050332
61005000,61010000,14423,5000,4472104.0,7504.93513562
61010000,61015000,14424,5000,4472410.0,7505.07966707
61015000,61020000,14425,5000,4472715.0,7505.21863897
61020000,61025000,14426,5000,4473021.0,7505.39779718
61025000,61030000,14427,5000,4473328.0,7505.54938842
61030000,61035000,14428,5000,4473633.0,7505.04049977
61035000,61040000,14429,5000,4473939.0,7505.28138374
61040000,61045000,14430,5000,4474245.0,7505.37642548
61045000,61050000,14431,5000,4474551.0,7505.46026984
61050000,61055000,14432,5000,4474857.0,7505.58757127
61055000,61060000,14433,5000,4475163.0,7504.93250053
61060000,61065000,14434,5000,4475469.0,7504.39811509
61065000,61070000,14435,5000,4475775.0,7503.89618902
61070000,61075000,14436,5000,4476081.0,7503.39063513
61075000,61080000,14437,5000,4476387.0,7502.73767405
61080000,61085000,14438,5000,4476693.0,7501.54730823
61085000,61090000,14439,5000,4476999.0,7501.0406269
61090000,61095000,14440,5000,4477305.0,7500.39028927
61095000,61100000,14441,5000,4477611.0,7499.79050132
61100000,61105000,14442,5000,4477917.0,7499.18477691
61105000,61110000,14443,5000,4478223.0,7499.41627149
61110000,61115000,14444,5000,4478529.0,7499.46805078
61115000,61120000,14445,5000,4478835.0,7499.66160106
61120000,61125000,14446,5000,4479141.0,7499.89623368
61125000,61130000,14447,5000,4479447.0,7500.00049195
61130000,61135000,14448,5000,4479753.0,7500.09291944
61135000,61140000,14449,5000,4480059.0,7500.23449854
61140000,61145000,14450,5000,4480365.0,7500.43144552
61145000,61150000,14451,5000,4480671.0,7500.52975043
61150000,61155000,14452,5000,4480977.0,7500.62952621
61155000,61160000,14453,5000,4481283.0,7500.87254528
61160000,61165000,14454,5000,4481589.0,7500.96637849
61165000,61170000,14455,5000,4481895.0,7501.17171147
61170000,61175000,14456,5000,4482201.0,7501.42031207
61175000,61180000,14457,5000,4482507.0,7501.6713197
61180000,61185000,14458,5000,4482813.0,7501.8719168
61185000,61190000,14459,5000,4483119.0,7501.99901718
61190000,61195000,14460,5000,4483425.0,7502.07163927
61195000,61200000,14461,5000,4483731.0,7502.27775012
61200000,61205000,14462,5000,4484037.0,7502.43331967
61205000,61210000,14463,5000,4484343.0,7502.47688319
61210000,61215000,14464,5000,4484649.0,7502.69878918
61215000,61220000,14465,5000,4484955.0,7502.84506279
61220000,61225000,14466,5000,4485261.0,7503.04647569
61225000,61230000,14467,5000,4485567.0,7503.16286145
61230000,61235000,14468,5000,4485873.0,7503.26426484
61235000,61240000,14469,5000,4486179.0,7503.35882918
61240000,61245000,14470,5000,4486485.0,7503.60445326
61245000,61250000,14471,5000,4486791.0,7503.81007702
61250000,61255000,14472,5000,4487097.0,7503.88809517
61255000,61260000,14473,5000,4487402.0,7503.97604311
61260000,61265000,14474,5000,4487709.0,7504.15139436
61265000,61270000,14475,5000,4488014.0,7504.34398911
61270000,61275000,14476,5000,4488320.0,7504.53836524
61275000,61280000,14477,5000,4488627.0,7504.79359426
61280000,61285000,14478,5000,4488933.0,7505.04197931
61285000,61290000,14479,5000,4489239.0,7505.24043255
61290000,61295000,14480,5000,4489545.0,7505.43732562
61295000,61300000,14481,5000,4489851.0,7505.62506926
61300000,61305000,14482,5000,4490157.0,7505.83052377
61305000,61310000,14483,5000,4490463.0,7505.88258211
61310000,61315000,14484,5000,4490769.0,7505.97337484
61315000,61320000,14485,5000,4491075.0,7506.03707111
61320000,61325000,14486,5000,4491381.0,7506.13470565
61325000,61330000,14487,5000,4491687.0,7505.97796004
61330000,61335000,14488,5000,4491993.0,7505.94211934
61335000,61340000,14489,5000,4492299.0,7506.02961926
61340000,61345000,14490,5000,4492605.0,7506.2749014
61345000,61350000,14491,5000,4492910.0,7506.5337062
61350000,61355000,14492,5000,4493216.0,7506.79026825
61355000,61360000,14493,5000,4493522.0,7506.99666859
61360000,61365000,14494,5000,4493828.0,7507.20135979
61365000,61370000,14495,5000,4494134.0,7507.40116953
61370000,61375000,14496,5000,4494440.0,7507.63643885
61375000,61380000,14497,5000,4494747.0,7507.74153521
61380000,61385000,14498,5000,4495053.0,7507.66983497
61385000,61390000,14499,5000,4495359.0,7507.17256929
61390000,61395000,14500,5000,4495665.0,7506.62899741
61395000,61400000,14501,5000,4495971.0,7505.34698159
61400000,61405000,14502,5000,4496277.0,7505.59151564
61405000,61410000,14503,5000,4496583.0,7505.77441113
61410000,61415000,14504,5000,4496889.0,7505.84567881
61415000,61420000,14505,5000,4497195.0,7505.95581152
61420000,61425000,14506,5000,4497500.0,7505.77613744
61425000,61430000,14507,5000,4497806.0,7505.76426971
61430000,61435000,14508,5000,4498112.0,7505.83090793
61435000,61440000,14509,5000,4498418.0,7505.98247816
61440000,61445000,14510,5000,4498724.0,7505.9502737
61445000,61450000,14511,5000,4499030.0,7506.04509162
61450000,61455000,14512,5000,4499336.0,7506.28613733
61455000,61460000,14513,5000,4499642.0,7506.48673116
61460000,61465000,14514,5000,4499948.0,7506.53165526
61465000,61470000,14515,5000,4500254.0,7506.63387394
61470000,61475000,14516,5000,4500560.0,7506.7238093
61475000,61480000,14517,5000,4500866.0,7506.82650475
61480000,61485000,14518,5000,4501172.0,7506.76225566
61485000,61490000,14519,5000,4501478.0,7506.84216232
61490000,61495000,14520,5000,4501784.0,7506.78489228
61495000,61500000,14521,5000,4502090.0,7506.78291652
61500000,61505000,14522,5000,4502396.0,7506.90448806
61505000,61510000,14523,5000,4502702.0,7507.09275553
61510000,61515000,14524,5000,4503008.0,7507.04791982
61515000,61520000,14525,5000,4503314.0,7506.91993566
61520000,61525000,14526,5000,4503620.0,7506.95656479
61525000,61530000,14527,5000,4503926.0,7507.08714903
61530000,61535000,14528,5000,4504232.0,7507.26762875
61535000,61540000,14529,5000,4504538.0,7507.36194931
61540000,61545000,14530,5000,4504844.0,7507.44840235
61545000,61550000,14531,5000,4505150.0,7507.55282307
61550000,61555000,14532,5000,4505456.0,7507.60924408
61555000,61560000,14533,5000,4505762.0,7507.70877665
61560000,61565000,14534,5000,4506068.0,7507.75966435
61565000,61570000,14535,5000,4506374.0,7507.95602127
61570000,61575000,14536,5000,4506680.0,7508.18487184
61575000,61580000,14537,5000,4506986.0,7508.43054038
61580000,61585000,14538,5000,4507292.0,7508.52370084
61585000,61590000,14539,5000,4507598.0,7508.5979806
61590000,61595000,14540,5000,4507904.0,7508.69337255
61595000,61600000,14541,5000,4508210.0,7508.62683781
61600000,61605000,14542,5000,4508516.0,7508.6903909
61605000,61610000,14543,5000,4508823.0,7508.58352823
61610000,61615000,14544,5000,4509129.0,7508.55037351
61615000,61620000,14545,5000,4509434.0,7508.5030334
61620000,61625000,14546,5000,4509740.0,7508.6470107
61625000,61630000,14547,5000,4510046.0,7508.79230033
61630000,61635000,14548,5000,4510352.0,7508.83565367
61635000,61640000,14549,5000,4510658.0,7509.03334518
61640000,61645000,14550,5000,4510964.0,7509.12234181
61645000,61650000,14551,5000,4511270.0,7509.07991461
61650000,61655000,14552,5000,4511576.0,7508.84775069
61655000,61660000,14553,5000,4511882.0,7508.59987856
61660000,61665000,14554,5000,4512188.0,7508.09172675
61665000,61670000,14555,5000,4512494.0,7508.27873952
61670000,61675000,14556,5000,4512800.0,7508.3487846
61675000,61680000,14557,5000,4513106.0,7508.42341694
61680000,61685000,14558,5000,4513412.0,7508.65661961
61685000,61690000,14559,5000,4513718.0,7508.73188821
61690000,61695000,14560,5000,4514024.0,7508.88156796
61695000,61700000,14561,5000,4514330.0,7508.94791179
61700000,61705000,14562,5000,4514636.0,7508.35400042
61705000,61710000,14563,5000,4514942.0,7507.73170089
61710000,61715000,14564,5000,4515248.0,7507.86632521
61715000,61720000,14565,5000,4515554.0,7507.92944292
61720000,61725000,14566,5000,4515860.0,7508.13081332
61725000,61730000,14567,5000,4516166.0,7508.37910463
61730000,61735000,14568,5000,4516472.0,7508.58013187
61735000,61740000,14569,5000,4516778.0,7508.76130388
61740000,61745000,14570,5000,4517084.0,7508.96218536
61745000,61750000,14571,5000,4517390.0,7509.1624135
61750000,61755000,14572,5000,4517696.0,7509.40417599
61755000,61760000,14573,5000,4518002.0,7509.49794867
61760000,61765000,14574,5000,4518308.0,7509.56167088
61765000,61770000,14575,5000,4518614.0,7509.52570202
61770000,61775000,14576,5000,4518920.0,7509.7079837
61775000,61780000,14577,5000,4519226.0,7509.78277421
61780000,61785000,14578,5000,4519532.0,7509.81718936
61785000,61790000,14579,5000,4519838.0,7510.06682029
61790000,61795000,14580,5000,4520144.0,7510.27120357
61795000,61800000,14581,5000,4520450.0,7510.36488841
61800000,61805000,14582,5000,4520756.0,7510.33247097
61805000,61810000,14583,5000,4521062.0,7510.43421061
61810000,61815000,14584,5000,4521368.0,7510.52976719
61815000,61820000,14585,5000,4521674.0,7510.53237171
61820000,61825000,14586,5000,4521980.0,7510.6212729
61825000,61830000,14587,5000,4522286.0,7510.81904168
61830000,61835000,14588,5000,4522592.0,7510.90704387
61835000,61840000,14589,5000,4522898.0,7510.86106691
61840000,61845000,14590,5000,4523204.0,7510.76287648
61845000,61850000,14591,5000,4523510.0,7510.66331937
61850000,61855000,14592,5000,4523816.0,7510.81533869
61855000,61860000,14593,5000,4524122.0,7510.97180907
61860000,61865000,14594,5000,4524428.0,7510.90612704
61865000,61870000,14595,5000,4524734.0,7511.01311459
61870000,61875000,14596,5000,4525040.0,7511.19529365
61875000,61880000,14597,5000,4525346.0,7511.29834958
61880000,61885000,14598,5000,4525653.0,7511.49705908
61885000,61890000,14599,5000,4525959.0,7511.54290506
61890000,61895000,14600,5000,4526265.0,7511.58448043
61895000,61900000,14601,5000,4526571.0,7511.57575699
61900000,61905000,14602,5000,4526876.0,7511.6301022
61905000,61910000,14603,5000,4527183.0,7511.67078276
61910000,61915000,14604,5000,4527489.0,7511.81448875
61915000,61920000,14605,5000,4527795.0,7511.93180981
61920000,61925000,14606,5000,4528101.0,7512.04028216
61925000,61930000,14607,5000,4528407.0,7512.2158527
61930000,61935000,14608,5000,4528713.0,7512.30464875
61935000,61940000,14609,5000,4529019.0,7512.41590114
61940000,61945000,14610,5000,4529325.0,7512.61950029
61945000,61950000,14611,5000,4529631.0,7512.65435622
61950000,61955000,14612,5000,4529937.0,7512.89503183
61955000,61960000,14613,5000,4530243.0,7512.98163814
61960000,61965000,14614,5000,4530549.0,7513.01757387
61965000,61970000,14615,5000,4530855.0,7513.12029767
61970000,61975000,14616,5000,4531161.0,7513.08393121
61975000,61980000,14617,5000,4531467.0,7513.19562854
61980000,61985000,14618,5000,4531773.0,7513.31576036
61985000,61990000,14619,5000,4532079.0,7512.80547273
61990000,61995000,14620,5000,4532384.0,7512.03457129
61995000,62000000,14621,5000,4532690.0,7511.40658084
62000000,62005000,14622,5000,4532996.0,7510.76546702
62005000,62010000,14623,5000,4533310.0,7509.56916901
62010000,62015000,14624,5000,4533623.0,7509.0579771
62015000,62020000,14625,5000,4533936.0,7508.55937106
62020000,62025000,14626,5000,4534250.0,7508.06882199
62025000,62030000,14627,5000,4534563.0,7506.96439594
62030000,62035000,14628,5000,4534876.0,7506.36472989
62035000,62040000,14629,5000,4535190.0,7505.86258382
62040000,62045000,14630,5000,4535503.0,7505.37261785
62045000,62050000,14631,5000,4535817.0,7505.47596728
62050000,62055000,14632,5000,4536130.0,7505.53040987
62055000,62060000,14633,5000,4536443.0,7505.52498983
62060000,62065000,14634,5000,4536756.0,7505.47990087
62065000,62070000,14635,5000,4537070.0,7505.47571608
62070000,62075000,14636,5000,4537383.0,7505.46580775
62075000,62080000,14637,5000,4537696.0,7504.82675252
62080000,62085000,14638,5000,4538010.0,7504.64823159
62085000,62090000,14639,5000,4538323.0,7504.07479618
62090000,62095000,14640,5000,4538636.0,7503.98847831
62095000,62100000,14641,5000,4538950.0,7503.87050587
62100000,62105000,14642,5000,4539263.0,7503.98552202
62105000,62110000,14643,5000,4539576.0,7504.05136394
62110000,62115000,14644,5000,4539890.0,7504.31703309
62115000,62120000,14645,5000,4540203.0,7504.53857445
62120000,62125000,14646,5000,4540516.0,7504.76071347
62125000,62130000,14647,5000,4540830.0,7504.97784261
62130000,62135000,14648,5000,4541143.0,7505.185512
62135000,62140000,14649,5000,4541456.0,7505.28094617
62140000,62145000,14650,5000,4541770.0,7505.54255063
62145000,62150000,14651,5000,4542083.0,7505.58883077
62150000,62155000,14652,5000,4542396.0,7505.80609504
62155000,62160000,14653,5000,4542710.0,7506.01492585
62160000,62165000,14654,5000,4543023.0,7506.16211855
62165000,62170000,14655,5000,4543336.0,7506.36084255
62170000,62175000,14656,5000,4543650.0,7506.56299654
62175000,62180000,14657,5000,4543963.0,7506.55348306
62180000,62185000,14658,5000,4544276.0,7506.59593794
62185000,62190000,14659,5000,4544589.0,7506.62605413
62190000,62195000,14660,5000,4544903.0,7506.39152773
62195000,62200000,14661,5000,4545216.0,7506.48767586
62200000,62205000,14662,5000,4545529.0,7506.59485817
62205000,62210000,14663,5000,4545843.0,7506.70335798
62210000,62215000,14664,5000,4546156.0,7506.80496374
62215000,62220000,14665,5000,4546469.0,7506.69715225
62220000,62225000,14666,5000,4546783.0,7506.8155777
62225000,62230000,14667,5000,4547096.0,7506.92503826
62230000,62235000,14668,5000,4547410.0,7507.04404751
62235000,62240000,14669,5000,4547723.0,7506.96615304
62240000,62245000,14670,5000,4548036.0,7506.88079981
62245000,62250000,14671,5000,4548350.0,7506.97535318
62250000,62255000,14672,5000,4548663.0,7507.23445379
62255000,62260000,14673,5000,4548976.0,7507.49673291
62260000,62265000,14674,5000,4549289.0,7507.62032504
62265000,62270000,14675,5000,4549603.0,7507.83280277
62270000,62275000,14676,5000,4549916.0,7508.04825652
62275000,62280000,14677,5000,4550230.0,7508.15744996
62280000,62285000,14678,5000,4550543.0,7508.37169474
62285000,62290000,14679,5000,4550856.0,7508.57507048
62290000,62295000,14680,5000,4551169.0,7508.68768605
62295000,62300000,14681,5000,4551483.0,7508.90133573
62300000,62305000,14682,5000,4551796.0,7509.16261235
62305000,62310000,14683,5000,4552109.0,7509.26913626
62310000,62315000,14684,5000,4552423.0,7509.37965186
62315000,62320000,14685,5000,4552736.0,7509.63575983
62320000,62325000,14686,5000,4553049.0,7509.85268086
62325000,62330000,14687,5000,4553363.0,7510.05968982
62330000,62335000,14688,5000,4553676.0,7510.33104222
62335000,62340000,14689,5000,4553989.0,7510.54207534
62340000,62345000,14690,5000,4554303.0,7510.6587614
62345000,62350000,14691,5000,4554616.0,7510.75120769
62350000,62355000,14692,5000,4554929.0,7510.90722995
62355000,62360000,14693,5000,4555242.0,7511.12723937
62360000,62365000,14694,5000,4555556.0,7511.24098637
62365000,62370000,14695,5000,4555869.0,7511.37276339
62370000,62375000,14696,5000,4556182.0,7511.34396049
62375000,62380000,14697,5000,4556496.0,7511.50944719
62380000,62385000,14698,5000,4556809.0,7511.63711394
62385000,62390000,14699,5000,4557122.0,7511.71029839
62390000,62395000,14700,5000,4557436.0,7511.8235184
62395000,62400000,14701,5000,4557749.0,7511.93591932
62400000,62405000,14702,5000,4558062.0,7511.85291169
62405000,62410000,14703,5000,4558376.0,7511.97258719
62410000,62415000,14704,5000,4558689.0,7512.21987972
62415000,62420000,14705,5000,4559002.0,7512.43902736
62420000,62425000,14706,5000,4559316.0,7512.71065839
62425000,62430000,14707,5000,4559629.0,7512.83455371
62430000,62435000,14708,5000,4559942.0,7513.08877935
62435000,62440000,14709,5000,4560256.0,7513.16364018
62440000,62445000,14710,5000,4560569.0,7513.25701812
62445000,62450000,14711,5000,4560882.0,7513.24285531
62450000,62455000,14712,5000,4561196.0,7513.21822644
62455000,62460000,14713,5000,4561509.0,7513.33674167
62460000,62465000,14714,5000,4561822.0,7513.60740854
62465000,62470000,14715,5000,4562135.0,7513.78447693
62470000,62475000,14716,5000,4562449.0,7513.90860321
62475000,62480000,14717,5000,4562762.0,7514.01877014
62480000,62485000,14718,5000,4563075.0,7514.13127643
62485000,62490000,14719,5000,4563389.0,7514.25517889
62490000,62495000,14720,5000,4563702.0,7514.51570437
62495000,62500000,14721,5000,4564016.0,7514.73714863
62500000,62505000,14722,5000,4564329.0,7514.95879929
62505000,62510000,14723,5000,4564642.0,7515.23371175
62510000,62515000,14724,5000,4564956.0,7515.45208553
62515000,62520000,14725,5000,4565269.0,7515.62666529
62520000,62525000,14726,5000,4565582.0,7515.69568343
62525000,62530000,14727,5000,4565896.0,7515.61531204
62530000,62535000,14728,5000,4566209.0,7515.5227435
62535000,62540000,14729,5000,4566522.0,7515.33628586
62540000,62545000,14730,5000,4566836.0,7515.48294569
62545000,62550000,14731,5000,4567149.0,7515.60873794
62550000,62555000,14732,5000,4567463.0,7515.58000788
62555000,62560000,14733,5000,4567776.0,7515.84667059
62560000,62565000,14734,5000,4568089.0,7515.98379887
62565000,62570000,14735,5000,4568403.0,7516.19612685
62570000,62575000,14736,5000,4568716.0,7516.2940407
62575000,62580000,14737,5000,4569029.0,7516.45792461
62580000,62585000,14738,5000,4569343.0,7516.53030814
62585000,62590000,14739,5000,4569656.0,7516.63376202
62590000,62595000,14740,5000,4569969.0,7516.68388373
62595000,62600000,14741,5000,4570283.0,7516.78797443
62600000,62605000,14742,5000,4570596.0,7517.02957758
62605000,62610000,14743,5000,4570909.0,7517.15764674
62610000,62615000,14744,5000,4571223.0,7517.25019914
62615000,62620000,14745,5000,4571536.0,7517.37636577
62620000,62625000,14746,5000,4571849.0,7517.54321318
62625000,62630000,14747,5000,4572163.0,7517.6870638
62630000,62635000,14748,5000,4572476.0,7517.82085426
62635000,62640000,14749,5000,4572789.0,7517.92770881
62640000,62645000,14750,5000,4573103.0,7518.01728379
62645000,62650000,14751,5000,4573416.0,7518.1518138
62650000,62655000,14752,5000,4573729.0,7518.2940648
62655000,62660000,14753,5000,4574043.0,7518.35254138
62660000,62665000,14754,5000,4574356.0,7518.58040388
62665000,62670000,14755,5000,4574669.0,7518.70902154
62670000,62675000,14756,5000,4574983.0,7518.91788193
62675000,62680000,14757,5000,4575296.0,7519.07448198
62680000,62685000,14758,5000,4575609.0,7519.33791548
62685000,62690000,14759,5000,4575923.0,7519.56167908
62690000,62695000,14760,5000,4576236.0,7519.77101679
62695000,62700000,14761,5000,4576549.0,7519.98547832
62700000,62705000,14762,5000,4576863.0,7520.18738092
62705000,62710000,14763,5000,4577176.0,7520.27109316
62710000,62715000,14764,5000,4577489.0,7520.43944164
62715000,62720000,14765,5000,4577803.0,7520.4669306
62720000,62725000,14766,5000,4578116.0,7520.59507468
62725000,62730000,14767,5000,4578429.0,7520.85418645
62730000,62735000,14768,5000,4578743.0,7520.94220046
62735000,62740000,14769,5000,4579056.0,7521.20189251
62740000,62745000,14770,5000,4579369.0,7521.30747166
62745000,62750000,14771,5000,4579683.0,7521.51975344
62750000,62755000,14772,5000,4579996.0,7521.58044013
62755000,62760000,14773,5000,4580309.0,7521.82260922
62760000,62765000,14774,5000,4580623.0,7521.93848182
62765000,62770000,14775,5000,4580936.0,7521.85394771
62770000,62775000,14776,5000,4581250.0,7522.11394775
62775000,62780000,14777,5000,4581563.0,7522.18609278
62780000,62785000,14778,5000,4581876.0,7522.40531556
62785000,62790000,14779,5000,4582190.0,7522.47563321
62790000,62795000,14780,5000,4582503.0,7522.68810712
62795000,62800000,14781,5000,4582816.0,7522.80104
62800000,62805000,14782,5000,4583130.0,7523.06581248
62805000,62810000,14783,5000,4583443.0,7523.32328187
62810000,62815000,14784,5000,4583756.0,7523.5815257
62815000,62820000,14785,5000,4584070.0,7523.79725697
62820000,62825000,14786,5000,4584383.0,7524.00581253
62825000,62830000,14787,5000,4584696.0,7524.21391543
62830000,62835000,14788,5000,4585010.0,7524.32618077
62835000,62840000,14789,5000,4585323.0,7524.45017889
62840000,62845000,14790,5000,4585636.0,7524.57385212
62845000,62850000,14791,5000,4585950.0,7524.69408141
62850000,62855000,14792,5000,4586263.0,7524.7449267
62855000,62860000,14793,5000,4586576.0,7524.8711102
62860000,62865000,14794,5000,4586890.0,7524.92119537
62865000,62870000,14795,5000,4587203.0,7524.96721472
62870000,62875000,14796,5000,4587516.0,7525.04447041
62875000,62880000,14797,5000,4587830.0,7525.0123715
62880000,62885000,14798,5000,4588143.0,7524.93209918
62885000,62890000,14799,5000,4588456.0,7524.85409323
62890000,62895000,14800,5000,4588770.0,7524.77664496
62895000,62900000,14801,5000,4589083.0,7524.56355256
62900000,62905000,14802,5000,4589396.0,7524.39029575
62905000,62910000,14803,5000,4589710.0,7524.21540731
62910000,62915000,14804,5000,4590023.0,7524.03213964
62915000,62920000,14805,5000,4590337.0,7523.41463074
62920000,62925000,14806,5000,4590650.0,7523.68305262
62925000,62930000,14807,5000,4590963.0,7523.89371549
62930000,62935000,14808,5000,4591277.0,7524.1131351
62935000,62940000,14809,5000,4591590.0,7524.24805708
62940000,62945000,14810,5000,4591903.0,7524.27387241
62945000,62950000,14811,5000,4592217.0,7524.38218504
62950000,62955000,14812,5000,4592530.0,7524.48288376
62955000,62960000,14813,5000,4592843.0,7524.48258027
62960000,62965000,14814,5000,4593157.0,7524.46576158
62965000,62970000,14815,5000,4593470.0,7524.72354492
62970000,62975000,14816,5000,4593783.0,7524.83258042
62975000,62980000,14817,5000,4594097.0,7524.90427013
62980000,62985000,14818,5000,4594410.0,7524.95868684
62985000,62990000,14819,5000,4594723.0,7525.05189436
62990000,62995000,14820,5000,4595037.0,7525.18400626
62995000,63000000,14821,5000,4595350.0,7525.31297752
63000000,63005000,14822,5000,4595663.0,7525.43569821
63005000,63010000,14823,5000,4595975.0,7525.44866666
63010000,63015000,14824,5000,4596286.0,7525.3532319
63015000,63020000,14825,5000,4596597.0,7525.24908873
63020000,63025000,14826,5000,4596908.0,7525.40329823
63025000,63030000,14827,5000,4597219.0,7525.49351729
63030000,63035000,14828,5000,4597531.0,7525.58307237
63035000,63040000,14829,5000,4597842.0,7525.60008954
63040000,63045000,14830,5000,4598153.0,7525.84953267
63045000,63050000,14831,5000,4598464.0,7526.05625554
63050000,63055000,14832,5000,4598775.0,7526.25695042
63055000,63060000,14833,5000,4599087.0,7526.45257573
63060000,63065000,14834,5000,4599398.0,7526.69406829
63065000,63070000,14835,5000,4599709.0,7526.60711298
63070000,63075000,14836,5000,4600021.0,7526.41454509
63075000,63080000,14837,5000,4600332.0,7526.22362693
63080000,63085000,14838,5000,4600643.0,7525.56972488
63085000,63090000,14839,5000,4600954.0,7525.39929279
63090000,63095000,14840,5000,4601265.0,7525.50594803
63095000,63100000,14841,5000,4601577.0,7525.65163506
63100000,63105000,14842,5000,4601888.0,7525.88958993
63105000,63110000,14843,5000,4602199.0,7525.40124526
63110000,63115000,14844,5000,4602510.0,7524.80710317
63115000,63120000,14845,5000,4602822.0,7523.61926108
63120000,63125000,14846,5000,4603133.0,7523.02041251
63125000,63130000,14847,5000,4603444.0,7521.9000663
63130000,63135000,14848,5000,4603755.0,7521.31583265
63135000,63140000,14849,5000,4604066.0,7521.43567222
63140000,63145000,14850,5000,4604378.0,7521.43578875
63145000,63150000,14851,5000,4604689.0,7521.64959664
63150000,63155000,14852,5000,4605001.0,7521.6209993
63155000,63160000,14853,5000,4605311.0,7521.77455342
63160000,63165000,14854,5000,4605623.0,7521.93432365
63165000,63170000,14855,5000,4605934.0,7522.13422348
63170000,63175000,14856,5000,4606245.0,7522.33674877
63175000,63180000,14857,5000,4606556.0,7522.53128538
63180000,63185000,14858,5000,4606868.0,7522.77054165
63185000,63190000,14859,5000,4607179.0,7522.81741823
63190000,63195000,14860,5000,4607490.0,7522.90018067
63195000,63200000,14861,5000,4607801.0,7523.01050451
63200000,63205000,14862,5000,4608113.0,7522.98668768
63205000,63210000,14863,5000,4608424.0,7523.12018366
63210000,63215000,14864,5000,4608735.0,7523.17504184
63215000,63220000,14865,5000,4609046.0,7523.12748416
63220000,63225000,14866,5000,4609358.0,7523.23774894
63225000,63230000,14867,5000,4609669.0,7523.24196904
63230000,63235000,14868,5000,4609980.0,7523.36487647
63235000,63240000,14869,5000,4610292.0,7523.4289222
63240000,63245000,14870,5000,4610603.0,7523.58138143
63245000,63250000,14871,5000,4610914.0,7523.73055975
63250000,63255000,14872,5000,4611225.0,7523.80109652
63255000,63260000,14873,5000,4611537.0,7523.84946561
63260000,63265000,14874,5000,4611848.0,7523.79200024
63265000,63270000,14875,5000,4612159.0,7523.73988087
63270000,63275000,14876,5000,4612470.0,7523.71762878
63275000,63280000,14877,5000,4612781.0,7523.72999764
63280000,63285000,14878,5000,4613092.0,7523.78014927
63285000,63290000,14879,5000,4613403.0,7523.13216233
63290000,63295000,14880,5000,4613715.0,7523.2338613
63295000,63300000,14881,5000,4614026.0,7523.28197942
63300000,63305000,14882,5000,4614337.0,7523.23388868
63305000,63310000,14883,5000,4614648.0,7523.33698267
63310000,63315000,14884,5000,4614959.0,7523.58061636
63315000,63320000,14885,5000,4615271.0,7523.69014936
63320000,63325000,14886,5000,4615582.0,7523.80674563
63325000,63330000,14887,5000,4615893.0,7523.99954096
63330000,63335000,14888,5000,4616204.0,7524.19206287
63335000,63340000,14889,5000,4616515.0,7524.394206
63340000,63345000,14890,5000,4616827.0,7524.59288669
63345000,63350000,14891,5000,4617138.0,7524.78952946
63350000,63355000,14892,5000,4617449.0,7525.04513269
63355000,63360000,14893,5000,4617760.0,7525.14450615
63360000,63365000,14894,5000,4618072.0,7525.05493003
63365000,63370000,14895,5000,4618383.0,7524.89005433
63370000,63375000,14896,5000,4618694.0,7525.01152095
63375000,63380000,14897,5000,4619005.0,7524.96864806
63380000,63385000,14898,5000,4619317.0,7524.98635943
63385000,63390000,14899,5000,4619628.0,7525.08225239
63390000,63395000,14900,5000,4619939.0,7525.18561036
63395000,63400000,14901,5000,4620250.0,7525.38414569
63400000,63405000,14902,5000,4620561.0,7525.34565863
63405000,63410000,14903,5000,4620872.0,7525.49531391
63410000,63415000,14904,5000,4621184.0,7525.60955951
63415000,63420000,14905,5000,4621495.0,7525.38567922
63420000,63425000,14906,5000,4621806.0,7525.32421449
63425000,63430000,14907,5000,4622117.0,7525.42055582
63430000,63435000,14908,5000,4622429.0,7525.31889956
63435000,63440000,14909,5000,4622740.0,7525.25829983
63440000,63445000,14910,5000,4623051.0,7525.36390889
63445000,63450000,14911,5000,4623362.0,7525.42935369
63450000,63455000,14912,5000,4623673.0,7525.49331025
63455000,63460000,14913,5000,4623985.0,7525.55767203
63460000,63465000,14914,5000,4624296.0,7525.53327654
63465000,63470000,14915,5000,4624607.0,7525.64912573
63470000,63475000,14916,5000,4624918.0,7525.84637655
63475000,63480000,14917,5000,4625230.0,7526.05443546
63480000,63485000,14918,5000,4625541.0,7526.25684489
63485000,63490000,14919,5000,4625852.0,7526.36013492
63490000,63495000,14920,5000,4626163.0,7526.13425736
63495000,63500000,14921,5000,4626475.0,7525.5143575
63500000,63505000,14922,5000,4626786.0,7525.28722016
63505000,63510000,14923,5000,4627097.0,7525.09897449
63510000,63515000,14924,5000,4627408.0,7524.52276711
63515000,63520000,14925,5000,4627719.0,7524.28241983
63520000,63525000,14926,5000,4628031.0,7524.09433701
63525000,63530000,14927,5000,4628342.0,7523.87917679
63530000,63535000,14928,5000,4628653.0,7523.63989245
63535000,63540000,14929,5000,4628965.0,7523.11511036
63540000,63545000,14930,5000,4629276.0,7523.2348689
63545000,63550000,14931,5000,4629587.0,7523.4376902
63550000,63555000,14932,5000,4629899.0,7523.64652171
63555000,63560000,14933,5000,4630210.0,7523.85443461
63560000,63565000,14934,5000,4630521.0,7524.04741294
63565000,63570000,14935,5000,4630832.0,7524.14012841
63570000,63575000,14936,5000,4631143.0,7524.37118566
63575000,63580000,14937,5000,4631455.0,7524.57565721
63580000,63585000,14938,5000,4631766.0,7524.67930766
63585000,63590000,14939,5000,4632077.0,7524.86367737
63590000,63595000,14940,5000,4632388.0,7524.96198669
63595000,63600000,14941,5000,4632700.0,7525.1005499
63600000,63605000,14942,5000,4633011.0,7525.33206801
63605000,63610000,14943,5000,4633322.0,7525.42607201
63610000,63615000,14944,5000,4633633.0,7525.67473017
63615000,63620000,14945,5000,4633944.0,7525.87103688
63620000,63625000,14946,5000,4634256.0,7526.07673201
63625000,63630000,14947,5000,4634567.0,7526.27925105
63630000,63635000,14948,5000,4634878.0,7526.47901468
63635000,63640000,14949,5000,4635190.0,7526.68909858
63640000,63645000,14950,5000,4635501.0,7526.20153869
63645000,63650000,14951,5000,4635812.0,7526.30247067
63650000,63655000,14952,5000,4636123.0,7526.51078304
63655000,63660000,14953,5000,4636434.0,7526.61447395
63660000,63665000,14954,5000,4636746.0,7526.84451318
63665000,63670000,14955,5000,4637057.0,7526.91244086
63670000,63675000,14956,5000,4637368.0,7527.02298677
63675000,63680000,14957,5000,4637679.0,7527.09025872
63680000,63685000,14958,5000,4637990.0,7527.10623041
63685000,63690000,14959,5000,4638302.0,7527.14899994
63690000,63695000,14960,5000,4638613.0,7527.2343311
63695000,63700000,14961,5000,4638924.0,7527.32623699
63700000,63705000,14962,5000,4639235.0,7527.34094328
63705000,63710000,14963,5000,4639546.0,7527.44215291
63710000,63715000,14964,5000,4639858.0,7527.25018778
63715000,63720000,14965,5000,4640169.0,7526.76604706
63720000,63725000,14966,5000,4640480.0,7526.14539727
63725000,63730000,14967,5000,4640791.0,7526.25421722
63730000,63735000,14968,5000,4641102.0,7526.31070183
63735000,63740000,14969,5000,4641414.0,7526.40339005
63740000,63745000,14970,5000,4641725.0,7526.49680054
63745000,63750000,14971,5000,4642036.0,7526.58951999
63750000,63755000,14972,5000,4642347.0,7526.68119064
63755000,63760000,14973,5000,4642658.0,7526.82240595
63760000,63765000,14974,5000,4642970.0,7526.88466907
63765000,63770000,14975,5000,4643281.0,7527.0379265
63770000,63775000,14976,5000,4643592.0,7527.27611792
63775000,63780000,14977,5000,4643904.0,7527.51974475
63780000,63785000,14978,5000,4644215.0,7527.76136718
63785000,63790000,14979,5000,4644526.0,7527.80987473
63790000,63795000,14980,5000,4644837.0,7527.86034276
63795000,63800000,14981,5000,4645148.0,7527.76446823
63800000,63805000,14982,5000,4645459.0,7527.88519585
63805000,63810000,14983,5000,4645771.0,7527.99556385
63810000,63815000,14984,5000,4646082.0,7528.17737794
63815000,63820000,14985,5000,4646393.0,7528.23500405
63820000,63825000,14986,5000,4646704.0,7528.3877729
63825000,63830000,14987,5000,4647016.0,7528.50658055
63830000,63835000,14988,5000,4647327.0,7528.54821442
63835000,63840000,14989,5000,4647638.0,7528.7521636
63840000,63845000,14990,5000,4647949.0,7528.69967017
63845000,63850000,14991,5000,4648261.0,7528.47089578
63850000,63855000,14992,5000,4648572.0,7528.57843345
63855000,63860000,14993,5000,4648883.0,7528.54915203
63860000,63865000,14994,5000,4649194.0,7528.74587942
63865000,63870000,14995,5000,4649506.0,7528.95388942
63870000,63875000,14996,5000,4649817.0,7529.15663041
63875000,63880000,14997,5000,4650128.0,7529.26013254
63880000,63885000,14998,5000,4650440.0,7529.40844445
63885000,63890000,14999,5000,4650751.0,7529.4204605
63890000,63895000,15000,5000,4651062.0,7529.410252
63895000,63900000,15001,5000,4651374.0,7529.50278139
63900000,63905000,15002,5000,4651685.0,7529.75182444
63905000,63910000,15003,5000,4651996.0,7529.95764206
63910000,63915000,15004,5000,4652307.0,7530.15039886
63915000,63920000,15005,5000,4652619.0,7530.34229994
63920000,63925000,15006,5000,4652930.0,7530.40780255
63925000,63930000,15007,5000,4653241.0,7530.52741681
63930000,63935000,15008,5000,4653552.0,7530.58026282
63935000,63940000,15009,5000,4653864.0,7530.67002591
63940000,63945000,15010,5000,4654175.0,7530.7191881
63945000,63950000,15011,5000,4654486.0,7530.66666764
63950000,63955000,15012,5000,4654798.0,7530.81409588
63955000,63960000,15013,5000,4655109.0,7530.92546233
63960000,63965000,15014,5000,4655420.0,7530.98842929
63965000,63970000,15015,5000,4655731.0,7530.95921739
63970000,63975000,15016,5000,4656043.0,7531.05388838
63975000,63980000,15017,5000,4656354.0,7531.14547089
63980000,63985000,15018,5000,4656665.0,7531.11513223
63985000,63990000,15019,5000,4656976.0,7530.99148584
63990000,63995000,15020,5000,4657288.0,7531.2202018
63995000,64000000,15021,5000,4657599.0,7531.29271758
64000000,64005000,15022,5000,4657910.0,7531.49797638
64005000,64010000,15023,5000,4658235.0,7531.62128453
64010000,64015000,15024,5000,4658559.0,7531.82351337
64015000,64020000,15025,5000,4658884.0,7531.94216464
64020000,64025000,15026,5000,4659208.0,7532.20028928
64025000,64030000,15027,5000,4659533.0,7532.42922727
64030000,64035000,15028,5000,4659857.0,7532.65393826
64035000,64040000,15029,5000,4660181.0,7532.87187305
64040000,64045000,15030,5000,4660506.0,7532.79391729
64045000,64050000,15031,5000,4660830.0,7532.71025654
64050000,64055000,15032,5000,4661155.0,7532.62797863
64055000,64060000,15033,5000,4661479.0,7532.54065629
64060000,64065000,15034,5000,4661804.0,7532.0709782
64065000,64070000,15035,5000,4662128.0,7532.22294692
64070000,64075000,15036,5000,4662453.0,7532.4193103
64075000,64080000,15037,5000,4662777.0,7532.40969916
64080000,64085000,15038,5000,4663102.0,7532.46634882
64085000,64090000,15039,5000,4663426.0,7532.66795289
64090000,64095000,15040,5000,4663751.0,7532.50856858
64095000,64100000,15041,5000,4664075.0,7532.6288778
64100000,64105000,15042,5000,4664399.0,7532.73820211
64105000,64110000,15043,5000,4664724.0,7532.85919889
64110000,64115000,15044,5000,4665048.0,7532.96803466
64115000,64120000,15045,5000,4665373.0,7532.88548277
64120000,64125000,15046,5000,4665697.0,7532.87091758
64125000,64130000,15047,5000,4666021.0,7532.993242
64130000,64135000,15048,5000,4666346.0,7533.07777631
64135000,64140000,15049,5000,4666670.0,7532.87023802
64140000,64145000,15050,5000,4666995.0,7532.69921078
64145000,64150000,15051,5000,4667319.0,7532.8137016
64150000,64155000,15052,5000,4667644.0,7532.9225129
64155000,64160000,15053,5000,4667968.0,7533.03220261
64160000,64165000,15054,5000,4668293.0,7532.98128581
64165000,64170000,15055,5000,4668617.0,7533.23537666
64170000,64175000,15056,5000,4668942.0,7533.44744668
64175000,64180000,15057,5000,4669266.0,7533.47375207
64180000,64185000,15058,5000,4669591.0,7533.74233277
64185000,64190000,15059,5000,4669915.0,7533.79730069
64190000,64195000,15060,5000,4670239.0,7534.01415587
64195000,64200000,15061,5000,4670564.0,7534.09880038
64200000,64205000,15062,5000,4670888.0,7534.27278499
64205000,64210000,15063,5000,4671213.0,7534.32668204
64210000,64215000,15064,5000,4671537.0,7534.37683301
64215000,64220000,15065,5000,4671862.0,7534.59376445
64220000,64225000,15066,5000,4672186.0,7534.81601277
64225000,64230000,15067,5000,4672511.0,7534.94591638
64230000,64235000,15068,5000,4672835.0,7535.0677077
64235000,64240000,15069,5000,4673160.0,7535.19061185
64240000,64245000,15070,5000,4673484.0,7535.31367492
64245000,64250000,15071,5000,4673808.0,7535.30028384
64250000,64255000,15072,5000,4674133.0,7535.30276515
64255000,64260000,15073,5000,4674457.0,7535.43249155
64260000,64265000,15074,5000,4674782.0,7535.54321665
64265000,64270000,15075,5000,4675106.0,7535.63420944
64270000,64275000,15076,5000,4675431.0,7535.58338308
64275000,64280000,15077,5000,4675755.0,7535.66123298
64280000,64285000,15078,5000,4676079.0,7535.74413488
64285000,64290000,15079,5000,4676404.0,7535.91718008
64290000,64295000,15080,5000,4676728.0,7536.17957712
64295000,64300000,15081,5000,4677053.0,7536.44274517
64300000,64305000,15082,5000,4677377.0,7536.52020782
64305000,64310000,15083,5000,4677702.0,7536.54047708
64310000,64315000,15084,5000,4678026.0,7536.631232
64315000,64320000,15085,5000,4678350.0,7536.88498103
64320000,64325000,15086,5000,4678675.0,7536.99475389
64325000,64330000,15087,5000,4678999.0,7536.97296237
64330000,64335000,15088,5000,4679324.0,7537.1903388
64335000,64340000,15089,5000,4679648.0,7537.21301548
64340000,64345000,15090,5000,4679973.0,7537.46960584
64345000,64350000,15091,5000,4680297.0,7537.74092337
64350000,64355000,15092,5000,4680622.0,7537.70997404
64355000,64360000,15093,5000,4680946.0,7537.4972354
64360000,64365000,15094,5000,4681271.0,7537.31536005
64365000,64370000,15095,5000,4681595.0,7536.95849076
64370000,64375000,15096,5000,4681920.0,7536.87871559
64375000,64380000,15097,5000,4682244.0,7536.79917442
64380000,64385000,15098,5000,4682569.0,7536.7164516
64385000,64390000,15099,5000,4682893.0,7536.86091349
64390000,64395000,15100,5000,4683218.0,7536.96779011
64395000,64400000,15101,5000,4683542.0,7537.20445799
64400000,64405000,15102,5000,4683867.0,7537.22737499
64405000,64410000,15103,5000,4684191.0,7537.2531531
64410000,64415000,15104,5000,4684515.0,7536.68924883
64415000,64420000,15105,5000,4684840.0,7535.51982736
64420000,64425000,15106,5000,4685164.0,7534.96317858
64425000,64430000,15107,5000,4685489.0,7533.75554167
64430000,64435000,15108,5000,4685813.0,7533.29075576
64435000,64440000,15109,5000,4686138.0,7532.8176321
64440000,64445000,15110,5000,4686462.0,7532.34844109
64445000,64450000,15111,5000,4686786.0,7531.77987973
64450000,64455000,15112,5000,4687111.0,7530.71280163
64455000,64460000,15113,5000,4687435.0,7530.1868332
64460000,64465000,15114,5000,4687760.0,7528.84500363
64465000,64470000,15115,5000,4688084.0,7528.26197892
64470000,64475000,15116,5000,4688408.0,7527.79999373
64475000,64480000,15117,5000,4688733.0,7528.05210573
64480000,64485000,15118,5000,4689057.0,7528.27161601
64485000,64490000,15119,5000,4689381.0,7528.52297124
64490000,64495000,15120,5000,4689706.0,7528.60282503
64495000,64500000,15121,5000,4690030.0,7528.68066367
64500000,64505000,15122,5000,4690355.0,7528.48273903
64505000,64510000,15123,5000,4690679.0,7528.28371682
64510000,64515000,15124,5000,4691004.0,7528.08298183
64515000,64520000,15125,5000,4691328.0,7527.87666602
64520000,64525000,15126,5000,4691653.0,7527.32531541
64525000,64530000,15127,5000,4691977.0,7527.50525322
64530000,64535000,15128,5000,4692302.0,7527.62693173
64535000,64540000,15129,5000,4692626.0,7527.84829793
64540000,64545000,15130,5000,4692950.0,7528.11737136
64545000,64550000,15131,5000,4693275.0,7528.34180033
64550000,64555000,15132,5000,4693599.0,7528.44378185
64555000,64560000,15133,5000,4693924.0,7528.50932012
64560000,64565000,15134,5000,4694248.0,7528.58690047
64565000,64570000,15135,5000,4694573.0,7528.67330932
64570000,64575000,15136,5000,4694897.0,7528.79914017
64575000,64580000,15137,5000,4695222.0,7529.07204107
64580000,64585000,15138,5000,4695546.0,7529.26106785
64585000,64590000,15139,5000,4695870.0,7529.43158151
64590000,64595000,15140,5000,4696195.0,7529.66095583
64595000,64600000,15141,5000,4696519.0,7529.69407833
64600000,64605000,15142,5000,4696844.0,7529.81328757
64605000,64610000,15143,5000,4697168.0,7530.0756312
64610000,64615000,15144,5000,4697493.0,7530.30328192
64615000,64620000,15145,5000,4697817.0,7530.54469215
64620000,64625000,15146,5000,4698141.0,7530.66133859
64625000,64630000,15147,5000,4698466.0,7530.8788126
64630000,64635000,15148,5000,4698790.0,7531.15069587
64635000,64640000,15149,5000,4699115.0,7531.41506117
64640000,64645000,15150,5000,4699439.0,7531.66132114
64645000,64650000,15151,5000,4699763.0,7531.62894206
64650000,64655000,15152,5000,4700088.0,7531.70872357
64655000,64660000,15153,5000,4700412.0,7531.77371203
64660000,64665000,15154,5000,4700737.0,7531.90693817
64665000,64670000,15155,5000,4701061.0,7532.00851062
64670000,64675000,15156,5000,4701385.0,7532.14032412
64675000,64680000,15157,5000,4701710.0,7532.29443463
64680000,64685000,15158,5000,4702034.0,7532.40706016
64685000,64690000,15159,5000,4702359.0,7532.58592272
64690000,64695000,15160,5000,4702683.0,7532.84395317
64695000,64700000,15161,5000,4703008.0,7532.93761046
64700000,64705000,15162,5000,4703332.0,7533.02364924
64705000,64710000,15163,5000,4703657.0,7533.15122194
64710000,64715000,15164,5000,4703981.0,7533.20670408
64715000,64720000,15165,5000,4704306.0,7533.29767628
64720000,64725000,15166,5000,4704630.0,7533.46452108
64725000,64730000,15167,5000,4704955.0,7533.57711089
64730000,64735000,15168,5000,4705279.0,7533.79939979
64735000,64740000,15169,5000,4705604.0,7534.02003972
64740000,64745000,15170,5000,4705928.0,7534.28898989
64745000,64750000,15171,5000,4706253.0,7534.41501262
64750000,64755000,15172,5000,4706577.0,7534.67428978
64755000,64760000,15173,5000,4706901.0,7534.92354694
64760000,64765000,15174,5000,4707226.0,7535.1826608
64765000,64770000,15175,5000,4707550.0,7535.32028488
64770000,64775000,15176,5000,4707875.0,7535.40197753
64775000,64780000,15177,5000,4708199.0,7535.51498433
64780000,64785000,15178,5000,4708524.0,7535.61583225
64785000,64790000,15179,5000,4708848.0,7535.67155496
64790000,64795000,15180,5000,4709172.0,7535.79720427
64795000,64800000,15181,5000,4709497.0,7535.96670345
64800000,64805000,15182,5000,4709821.0,7536.09038152
64805000,64810000,15183,5000,4710146.0,7536.21650334
64810000,64815000,15184,5000,4710470.0,7536.30315206
64815000,64820000,15185,5000,4710794.0,7536.46902631
64820000,64825000,15186,5000,4711119.0,7536.68526924
64825000,64830000,15187,5000,4711443.0,7536.89316857
64830000,64835000,15188,5000,4711768.0,7537.00810008
64835000,64840000,15189,5000,4712092.0,7537.11145153
64840000,64845000,15190,5000,4712416.0,7537.02144281
64845000,64850000,15191,5000,4712741.0,7537.28235091
64850000,64855000,15192,5000,4713065.0,7537.24462782
64855000,64860000,15193,5000,4713390.0,7537.47001409
64860000,64865000,15194,5000,4713714.0,7537.69486708
64865000,64870000,15195,5000,4714038.0,7537.76249697
64870000,64875000,15196,5000,4714363.0,7537.98519113
64875000,64880000,15197,5000,4714687.0,7538.03439249
64880000,64885000,15198,5000,4715011.0,7538.25575625
64885000,64890000,15199,5000,4715336.0,7538.37298495
64890000,64895000,15200,5000,4715660.0,7538.48550522
64895000,64900000,15201,5000,4715985.0,7538.6204591
64900000,64905000,15202,5000,4716309.0,7538.82803142
64905000,64910000,15203,5000,4716633.0,7539.08554891
64910000,64915000,15204,5000,4716958.0,7539.3052546
64915000,64920000,15205,5000,4717282.0,7539.51151927
64920000,64925000,15206,5000,4717607.0,7539.68272363
64925000,64930000,15207,5000,4717931.0,7539.93039914
64930000,64935000,15208,5000,4718256.0,7539.99607478
64935000,64940000,15209,5000,4718580.0,7540.05087176
64940000,64945000,15210,5000,4718904.0,7540.26596011
64945000,64950000,15211,5000,4719229.0,7540.48818453
64950000,64955000,15212,5000,4719553.0,7540.70247988
64955000,64960000,15213,5000,4719878.0,7540.77474852
64960000,64965000,15214,5000,4720202.0,7540.8543092
64965000,64970000,15215,5000,4720526.0,7540.96818531
64970000,64975000,15216,5000,4720851.0,7541.07065649
64975000,64980000,15217,5000,4721175.0,7541.19114559
64980000,64985000,15218,5000,4721500.0,7541.22098678
64985000,64990000,15219,5000,4721824.0,7541.32053121
64990000,64995000,15220,5000,4722149.0,7541.30153777
64995000,65000000,15221,5000,4722473.0,7541.49206264
65000000,65005000,15222,5000,4722797.0,7541.65271543
65005000,65010000,15223,5000,4723117.0,7541.72788546
65010000,65015000,15224,5000,4723437.0,7541.88084582
65015000,65020000,15225,5000,4723757.0,7542.09299164
65020000,65025000,15226,5000,4724077.0,7542.20316464
65025000,65030000,15227,5000,4724396.0,7542.31912179
65030000,65035000,15228,5000,4724716.0,7542.36228988
65035000,65040000,15229,5000,4725036.0,7542.50527492
65040000,65045000,15230,5000,4725356.0,7542.57741779
65045000,65050000,15231,5000,4725676.0,7542.52413181
65050000,65055000,15232,5000,4725996.0,7542.49938405
65055000,65060000,15233,5000,4726315.0,7542.58590167
65060000,65065000,15234,5000,4726635.0,7542.55455541
65065000,65070000,15235,5000,4726955.0,7542.66693056
65070000,65075000,15236,5000,4727275.0,7542.82985312
65075000,65080000,15237,5000,4727595.0,7542.80614978
65080000,65085000,15238,5000,4727915.0,7542.78615658
65085000,65090000,15239,5000,4728235.0,7542.77333823
65090000,65095000,15240,5000,4728554.0,7542.78823525
65095000,65100000,15241,5000,4728874.0,7542.77407032
65100000,65105000,15242,5000,4729194.0,7542.7642728
65105000,65110000,15243,5000,4729514.0,7542.7666285
65110000,65115000,15244,5000,4729834.0,7542.88392889
65115000,65120000,15245,5000,4730154.0,7543.13686778
65120000,65125000,15246,5000,4730473.0,7543.34929151
65125000,65130000,15247,5000,4730793.0,7543.4735844
65130000,65135000,15248,5000,4731113.0,7543.44133724
65135000,65140000,15249,5000,4731433.0,7543.41548035
65140000,65145000,15250,5000,4731753.0,7543.58128407
65145000,65150000,15251,5000,4732072.0,7543.69306872
65150000,65155000,15252,5000,4732392.0,7543.70789243
65155000,65160000,15253,5000,4732712.0,7543.79796054
65160000,65165000,15254,5000,4733032.0,7543.80902018
65165000,65170000,15255,5000,4733352.0,7543.7818966
65170000,65175000,15256,5000,4733672.0,7543.937549
65175000,65180000,15257,5000,4733991.0,7544.10143045
65180000,65185000,15258,5000,4734311.0,7544.31476037
65185000,65190000,15259,5000,4734631.0,7544.42389152
65190000,65195000,15260,5000,4734951.0,7544.34800972
65195000,65200000,15261,5000,4735270.0,7544.26475207
65200000,65205000,15262,5000,4735590.0,7544.21872666
65205000,65210000,15263,5000,4735910.0,7544.16855918
65210000,65215000,15264,5000,4736230.0,7544.39154934
65215000,65220000,15265,5000,4736550.0,7544.5555146
65220000,65225000,15266,5000,4736870.0,7544.48163451
65225000,65230000,15267,5000,4737189.0,7544.58606811
65230000,65235000,15268,5000,4737509.0,7544.79446742
65235000,65240000,15269,5000,4737829.0,7545.00051823
65240000,65245000,15270,5000,4738149.0,7545.20640922
65245000,65250000,15271,5000,4738469.0,7545.41541754
65250000,65255000,15272,5000,4738789.0,7545.54708315
65255000,65260000,15273,5000,4739109.0,7545.74612504
65260000,65265000,15274,5000,4739429.0,7545.86210816
65265000,65270000,15275,5000,4739749.0,7546.10970386
65270000,65275000,15276,5000,4740069.0,7546.32052973
65275000,65280000,15277,5000,4740389.0,7546.24328282
65280000,65285000,15278,5000,4740708.0,7546.02197398
65285000,65290000,15279,5000,4741028.0,7546.15233199
65290000,65295000,15280,5000,4741348.0,7546.13062845
65295000,65300000,15281,5000,4741668.0,7546.03699019
65300000,65305000,15282,5000,4741988.0,7545.94566008
65305000,65310000,15283,5000,4742308.0,7545.85158491
65310000,65315000,15284,5000,4742628.0,7545.75585602
65315000,65320000,15285,5000,4742947.0,7545.54288979
65320000,65325000,15286,5000,4743267.0,7545.78206558
65325000,65330000,15287,5000,4743587.0,7545.89404494
65330000,65335000,15288,5000,4743907.0,7546.13849298
65335000,65340000,15289,5000,4744227.0,7546.38127828
65340000,65345000,15290,5000,4744546.0,7546.63272143
65345000,65350000,15291,5000,4744866.0,7546.88366034
65350000,65355000,15292,5000,4745186.0,7547.13430448
65355000,65360000,15293,5000,4745506.0,7547.21112811
65360000,65365000,15294,5000,4745826.0,7547.20506311
65365000,65370000,15295,5000,4746146.0,7547.32206463
65370000,65375000,15296,5000,4746465.0,7547.33986784
65375000,65380000,15297,5000,4746785.0,7547.11571398
65380000,65385000,15298,5000,4747105.0,7547.35785697
65385000,65390000,15299,5000,4747425.0,7547.56612163
65390000,65395000,15300,5000,4747745.0,7547.61544593
65395000,65400000,15301,5000,4748064.0,7547.67334669
65400000,65405000,15302,5000,4748384.0,7547.70955793
65405000,65410000,15303,5000,4748704.0,7547.6608628
65410000,65415000,15304,5000,4749024.0,7547.50376519
65415000,65420000,15305,5000,4749344.0,7547.52591789
65420000,65425000,15306,5000,4749664.0,7547.63915226
65425000,65430000,15307,5000,4749984.0,7547.64106355
65430000,65435000,15308,5000,4750304.0,7547.67766803
65435000,65440000,15309,5000,4750624.0,7547.70468729
65440000,65445000,15310,5000,4750944.0,7547.73516805
65445000,65450000,15311,5000,4751264.0,7547.77990129
65450000,65455000,15312,5000,4751583.0,7547.75194346
65455000,65460000,15313,5000,4751903.0,7547.85944214
65460000,65465000,15314,5000,4752223.0,7547.92445575
65465000,65470000,15315,5000,4752543.0,7548.0335881
65470000,65475000,15316,5000,4752863.0,7548.14788765
65475000,65480000,15317,5000,4753183.0,7548.39173541
65480000,65485000,15318,5000,4753502.0,7548.59728146
65485000,65490000,15319,5000,4753822.0,7548.51265725
65490000,65495000,15320,5000,4754142.0,7548.6144434
65495000,65500000,15321,5000,4754462.0,7548.70328847
65500000,65505000,15322,5000,4754782.0,7545.73074251
65505000,65510000,15323,5000,4755102.0,7545.13075674
65510000,65515000,15324,5000,4755422.0,7545.0488893
65515000,65520000,15325,5000,4755742.0,7544.96668932
65520000,65525000,15326,5000,4756061.0,7544.75179951
65525000,65530000,15327,5000,4756381.0,7544.18468248
65530000,65535000,15328,5000,4756701.0,7544.08231937
65535000,65540000,15329,5000,4757021.0,7543.88060321
65540000,65545000,15330,5000,4757341.0,7543.63910623
65545000,65550000,15331,5000,4757661.0,7543.39394733
65550000,65555000,15332,5000,4757980.0,7543.18024582
65555000,65560000,15333,5000,4758300.0,7542.96665079
65560000,65565000,15334,5000,4758620.0,7542.78620227
65565000,65570000,15335,5000,4758940.0,7542.60948334
65570000,65575000,15336,5000,4759260.0,7542.43608234
65575000,65580000,15337,5000,4759580.0,7542.33480669
65580000,65585000,15338,5000,4759899.0,7541.77435181
65585000,65590000,15339,5000,4760219.0,7541.21215314
65590000,65595000,15340,5000,4760539.0,7541.13490291
65595000,65600000,15341,5000,4760859.0,7541.05527813
65600000,65605000,15342,5000,4761179.0,7540.86676327
65605000,65610000,15343,5000,4761499.0,7540.34689562
65610000,65615000,15344,5000,4761818.0,7540.16989476
65615000,65620000,15345,5000,4762138.0,7540.04843555
65620000,65625000,15346,5000,4762458.0,7540.17316273
65625000,65630000,15347,5000,4762778.0,7540.15313658
65630000,65635000,15348,5000,4763097.0,7540.21392633
65635000,65640000,15349,5000,4763417.0,7540.00976027
65640000,65645000,15350,5000,4763737.0,7540.21487131
65645000,65650000,15351,5000,4764057.0,7540.31532519
65650000,65655000,15352,5000,4764377.0,7540.48722807
65655000,65660000,15353,5000,4764697.0,7540.64892395
65660000,65665000,15354,5000,4765017.0,7540.63253432
65665000,65670000,15355,5000,4765336.0,7540.74058521
65670000,65675000,15356,5000,4765656.0,7540.83997986
65675000,65680000,15357,5000,4765976.0,7540.95548199
65680000,65685000,15358,5000,4766296.0,7540.9917274
65685000,65690000,15359,5000,4766616.0,7540.74554393
65690000,65695000,15360,5000,4766936.0,7540.53329376
65695000,65700000,15361,5000,4767255.0,7540.34385405
65700000,65705000,15362,5000,4767575.0,7540.25569379
65705000,65710000,15363,5000,4767895.0,7540.02824916
65710000,65715000,15364,5000,4768215.0,7540.28185144
65715000,65720000,15365,5000,4768535.0,7540.38957675
65720000,65725000,15366,5000,4768854.0,7540.57411387
65725000,65730000,15367,5000,4769174.0,7540.64859482
65730000,65735000,15368,5000,4769494.0,7540.75453053
65735000,65740000,15369,5000,4769814.0,7540.9103588
65740000,65745000,15370,5000,4770134.0,7540.99005568
65745000,65750000,15371,5000,4770453.0,7541.15184497
65750000,65755000,15372,5000,4770773.0,7541.23333333
65755000,65760000,15373,5000,4771093.0,7541.21147496
65760000,65765000,15374,5000,4771413.0,7541.32001738
65765000,65770000,15375,5000,4771733.0,7541.57149194
65770000,65775000,15376,5000,4772053.0,7541.62762051
65775000,65780000,15377,5000,4772373.0,7541.58927053
65780000,65785000,15378,5000,4772692.0,7541.60284278
65785000,65790000,15379,5000,4773012.0,7541.70117975
65790000,65795000,15380,5000,4773332.0,7541.65794549
65795000,65800000,15381,5000,4773652.0,7541.44520258
65800000,65805000,15382,5000,4773972.0,7541.46773355
65805000,65810000,15383,5000,4774292.0,7541.48643592
65810000,65815000,15384,5000,4774612.0,7541.5079134
65815000,65820000,15385,5000,4774931.0,7541.61715352
65820000,65825000,15386,5000,4775251.0,7541.57644498
65825000,65830000,15387,5000,4775571.0,7541.67812645
65830000,65835000,15388,5000,4775891.0,7541.78033085
65835000,65840000,15389,5000,4776211.0,7541.88601102
65840000,65845000,15390,5000,4776531.0,7541.99517224
65845000,65850000,15391,5000,4776850.0,7542.13629028
65850000,65855000,15392,5000,4777170.0,7542.37062521
65855000,65860000,15393,5000,4777490.0,7542.6177591
65860000,65865000,15394,5000,4777810.0,7542.8206258
65865000,65870000,15395,5000,4778130.0,7542.94901721
65870000,65875000,15396,5000,4778449.0,7543.02273301
65875000,65880000,15397,5000,4778769.0,7543.11938319
65880000,65885000,15398,5000,4779089.0,7543.29230322
65885000,65890000,15399,5000,4779409.0,7543.28995551
65890000,65895000,15400,5000,4779729.0,7543.40473803
65895000,65900000,15401,5000,4780048.0,7543.59931352
65900000,65905000,15402,5000,4780368.0,7543.66534847
65905000,65910000,15403,5000,4780688.0,7543.77471606
65910000,65915000,15404,5000,4781008.0,7543.67442161
65915000,65920000,15405,5000,4781328.0,7543.59084519
65920000,65925000,15406,5000,4781647.0,7543.39801509
65925000,65930000,15407,5000,4781967.0,7543.19225604
65930000,65935000,15408,5000,4782287.0,7542.99684095
65935000,65940000,15409,5000,4782607.0,7542.48778865
65940000,65945000,15410,5000,4782927.0,7542.40772036
65945000,65950000,15411,5000,4783247.0,7542.57316918
65950000,65955000,15412,5000,4783567.0,7542.73193944
65955000,65960000,15413,5000,4783886.0,7542.84050068
65960000,65965000,15414,5000,4784206.0,7542.84224032
65965000,65970000,15415,5000,4784526.0,7542.95842674
65970000,65975000,15416,5000,4784846.0,7543.10760763
65975000,65980000,15417,5000,4785166.0,7543.28604081
65980000,65985000,15418,5000,4785486.0,7543.39127046
65985000,65990000,15419,5000,4785805.0,7543.47384136
65990000,65995000,15420,5000,4786125.0,7543.68427611
65995000,66000000,15421,5000,4786445.0,7543.89592758
66000000,66005000,15422,5000,4786765.0,7544.09824485
66005000,66010000,15423,5000,4787079.0,7544.23381551
66010000,66015000,15424,5000,4787393.0,7544.3137226
66015000,66020000,15425,5000,4787708.0,7544.39068998
66020000,66025000,15426,5000,4788022.0,7544.34070701
66025000,66030000,15427,5000,4788336.0,7544.15791481
66030000,66035000,15428,5000,4788650.0,7543.92498816
66035000,66040000,15429,5000,4788964.0,7543.7056205
66040000,66045000,15430,5000,4789278.0,7543.94666202
66045000,66050000,15431,5000,4789593.0,7543.84701028
66050000,66055000,15432,5000,4789907.0,7543.63616469
66055000,66060000,15433,5000,4790221.0,7543.16487441
66060000,66065000,15434,5000,4790535.0,7543.08403765
66065000,66070000,15435,5000,4790849.0,7542.61286333
66070000,66075000,15436,5000,4791164.0,7542.40211271
66075000,66080000,15437,5000,4791478.0,7542.40288641
66080000,66085000,15438,5000,4791792.0,7542.57360081
66085000,66090000,15439,5000,4792106.0,7542.72050978
66090000,66095000,15440,5000,4792420.0,7542.11560893
66095000,66100000,15441,5000,4792735.0,7541.88008782
66100000,66105000,15442,5000,4793049.0,7541.31103259
66105000,66110000,15443,5000,4793363.0,7541.2243173
66110000,66115000,15444,5000,4793677.0,7541.13997994
66115000,66120000,15445,5000,4793991.0,7541.39165271
66120000,66125000,15446,5000,4794305.0,7541.59649898
66125000,66130000,15447,5000,4794619.0,7541.84625563
66130000,66135000,15448,5000,4794933.0,7542.09122742
66135000,66140000,15449,5000,4795248.0,7542.04307351
66140000,66145000,15450,5000,4795562.0,7542.01878575
66145000,66150000,15451,5000,4795876.0,7541.79849649
66150000,66155000,15452,5000,4796190.0,7541.65529582
66155000,66160000,15453,5000,4796504.0,7541.7917043
66160000,66165000,15454,5000,4796818.0,7541.90259605
66165000,66170000,15455,5000,4797133.0,7542.05346286
66170000,66175000,15456,5000,4797447.0,7542.07818806
66175000,66180000,15457,5000,4797761.0,7541.97861184
66180000,66185000,15458,5000,4798075.0,7542.07863932
66185000,66190000,15459,5000,4798389.0,7542.26758538
66190000,66195000,15460,5000,4798703.0,7542.34487574
66195000,66200000,15461,5000,4799017.0,7542.42316936
66200000,66205000,15462,5000,4799332.0,7542.49996526
66205000,66210000,15463,5000,4799646.0,7542.68140868
66210000,66215000,15464,5000,4799960.0,7542.87875608
66215000,66220000,15465,5000,4800274.0,7542.92726567
66220000,66225000,15466,5000,4800588.0,7543.05667113
66225000,66230000,15467,5000,4800903.0,7543.2242086
66230000,66235000,15468,5000,4801217.0,7543.33723308
66235000,66240000,15469,5000,4801531.0,7543.32115257
66240000,66245000,15470,5000,4801845.0,7543.50898296
66245000,66250000,15471,5000,4802159.0,7543.63901455
66250000,66255000,15472,5000,4802473.0,7543.87811403
66255000,66260000,15473,5000,4802787.0,7544.0715155
66260000,66265000,15474,5000,4803102.0,7544.31574164
66265000,66270000,15475,5000,4803416.0,7544.41418267
66270000,66275000,15476,5000,4803730.0,7544.61633036
66275000,66280000,15477,5000,4804044.0,7544.72095608
66280000,66285000,15478,5000,4804358.0,7544.93113055
66285000,66290000,15479,5000,4804672.0,7544.85068915
66290000,66295000,15480,5000,4804986.0,7545.10116347
66295000,66300000,15481,5000,4805300.0,7545.31190886
66300000,66305000,15482,5000,4805614.0,7545.38441511
66305000,66310000,15483,5000,4805929.0,7545.50409563
66310000,66315000,15484,5000,4806243.0,7545.62059288
66315000,66320000,15485,5000,4806557.0,7545.7948385
66320000,66325000,15486,5000,4806871.0,7545.85787351
66325000,66330000,15487,5000,4807185.0,7546.00479095
66330000,66335000,15488,5000,4807499.0,7545.50861815
66335000,66340000,15489,5000,4807813.0,7544.99086932
66340000,66345000,15490,5000,4808127.0,7543.834235
66345000,66350000,15491,5000,4808442.0,7542.65056899
66350000,66355000,15492,5000,4808756.0,7542.16165546
66355000,66360000,15493,5000,4809070.0,7541.58654556
66360000,66365000,15494,5000,4809384.0,7540.86396246
66365000,66370000,15495,5000,4809698.0,7540.39897046
66370000,66375000,15496,5000,4810012.0,7540.53155749
66375000,66380000,15497,5000,4810327.0,7540.76932359
66380000,66385000,15498,5000,4810641.0,7540.85156212
66385000,66390000,15499,5000,4810955.0,7541.05375524
66390000,66395000,15500,5000,4811269.0,7541.00941545
66395000,66400000,15501,5000,4811583.0,7541.10803311
66400000,66405000,15502,5000,4811897.0,7541.21244227
66405000,66410000,15503,5000,4812211.0,7541.34899887
66410000,66415000,15504,5000,4812525.0,7541.43221971
66415000,66420000,15505,5000,4812839.0,7541.53150229
66420000,66425000,15506,5000,4813154.0,7541.62968464
66425000,66430000,15507,5000,4813468.0,7541.86487239
66430000,66435000,15508,5000,4813782.0,7541.8592853
66435000,66440000,15509,5000,4814096.0,7541.28343611
66440000,66445000,15510,5000,4814410.0,7541.11254132
66445000,66450000,15511,5000,4814724.0,7540.93967727
66450000,66455000,15512,5000,4815038.0,7541.09613438
66455000,66460000,15513,5000,4815353.0,7540.99943657
66460000,66465000,15514,5000,4815667.0,7541.05947509
66465000,66470000,15515,5000,4815981.0,7541.26490085
66470000,66475000,15516,5000,4816295.0,7541.402379
66475000,66480000,15517,5000,4816609.0,7541.58478452
66480000,66485000,15518,5000,4816923.0,7541.78505477
66485000,66490000,15519,5000,4817237.0,7542.01196984
66490000,66495000,15520,5000,4817552.0,7542.1089936
66495000,66500000,15521,5000,4817866.0,7542.19879476
66500000,66505000,15522,5000,4818180.0,7542.433551
66505000,66510000,15523,5000,4818494.0,7542.67084165
66510000,66515000,15524,5000,4818808.0,7542.73315415
66515000,66520000,15525,5000,4819123.0,7542.9759333
66520000,66525000,15526,5000,4819437.0,7543.08184573
66525000,66530000,15527,5000,4819751.0,7543.09209809
66530000,66535000,15528,5000,4820065.0,7542.86311509
66535000,66540000,15529,5000,4820379.0,7542.96839753
66540000,66545000,15530,5000,4820693.0,7542.93427924
66545000,66550000,15531,5000,4821008.0,7542.98570918
66550000,66555000,15532,5000,4821322.0,7542.85330634
66555000,66560000,15533,5000,4821636.0,7543.09940799
66560000,66565000,15534,5000,4821950.0,7543.24900342
66565000,66570000,15535,5000,4822264.0,7543.4232725
66570000,66575000,15536,5000,4822578.0,7543.49776823
66575000,66580000,15537,5000,4822893.0,7543.58914851
66580000,66585000,15538,5000,4823207.0,7543.79826492
66585000,66590000,15539,5000,4823521.0,7544.0053009
66590000,66595000,15540,5000,4823835.0,7544.14610861
66595000,66600000,15541,5000,4824149.0,7544.3350015
66600000,66605000,15542,5000,4824463.0,7544.449414
66605000,66610000,15543,5000,4824777.0,7544.36056843
66610000,66615000,15544,5000,4825091.0,7543.89585947
66615000,66620000,15545,5000,4825405.0,7543.81464956
66620000,66625000,15546,5000,4825719.0,7544.05241975
66625000,66630000,15547,5000,4826033.0,7544.24883772
66630000,66635000,15548,5000,4826348.0,7544.35592335
66635000,66640000,15549,5000,4826662.0,7544.54707651
66640000,66645000,15550,5000,4826976.0,7544.73940379
66645000,66650000,15551,5000,4827290.0,7544.84349576
66650000,66655000,15552,5000,4827604.0,7545.05125408
66655000,66660000,15553,5000,4827919.0,7545.25675015
66660000,66665000,15554,5000,4828233.0,7545.45918339
66665000,66670000,15555,5000,4828547.0,7545.64996211
66670000,66675000,15556,5000,4828861.0,7545.75371624
66675000,66680000,15557,5000,4829175.0,7545.73470714
66680000,66685000,15558,5000,4829489.0,7545.89346944
66685000,66690000,15559,5000,4829804.0,7546.02812489
66690000,66695000,15560,5000,4830117.0,7546.07579684
66695000,66700000,15561,5000,4830432.0,7546.27755755
66700000,66705000,15562,5000,4830746.0,7546.47757472
66705000,66710000,15563,5000,4831060.0,7546.66515055
66710000,66715000,15564,5000,4831374.0,7546.86158726
66715000,66720000,15565,5000,4831688.0,7546.96345617
66720000,66725000,15566,5000,4832002.0,7547.19904736
66725000,66730000,15567,5000,4832317.0,7547.44187859
66730000,66735000,15568,5000,4832631.0,7547.63830193
66735000,66740000,15569,5000,4832945.0,7547.84561446
66740000,66745000,15570,5000,4833259.0,7547.9140881
66745000,66750000,15571,5000,4833573.0,7548.11771756
66750000,66755000,15572,5000,4833888.0,7548.32167626
66755000,66760000,15573,5000,4834202.0,7548.241479
66760000,66765000,15574,5000,4834516.0,7547.78498442
66765000,66770000,15575,5000,4834830.0,7547.84753621
66770000,66775000,15576,5000,4835144.0,7547.95742482
66775000,66780000,15577,5000,4835458.0,7547.92692922
66780000,66785000,15578,5000,4835773.0,7548.14890902
66785000,66790000,15579,5000,4836087.0,7548.25647894
66790000,66795000,15580,5000,4836401.0,7548.36602941
66795000,66800000,15581,5000,4836715.0,7548.47903199
66800000,66805000,15582,5000,4837029.0,7548.58950113
66805000,66810000,15583,5000,4837343.0,7548.50082911
66810000,66815000,15584,5000,4837658.0,7548.73407579
66815000,66820000,15585,5000,4837972.0,7548.71667032
66820000,66825000,15586,5000,4838286.0,7548.53981706
66825000,66830000,15587,5000,4838600.0,7548.66664268
66830000,66835000,15588,5000,4838914.0,7548.72467143
66835000,66840000,15589,5000,4839228.0,7548.86787929
66840000,66845000,15590,5000,4839542.0,7549.06324848
66845000,66850000,15591,5000,4839856.0,7549.30430564
66850000,66855000,15592,5000,4840170.0,7548.83852738
66855000,66860000,15593,5000,4840484.0,7547.73366414
66860000,66865000,15594,5000,4840799.0,7547.86899486
66865000,66870000,15595,5000,4841113.0,7547.98051206
66870000,66875000,15596,5000,4841427.0,7548.12316988
66875000,66880000,15597,5000,4841741.0,7548.18680281
66880000,66885000,15598,5000,4842055.0,7548.29727711
66885000,66890000,15599,5000,4842369.0,7548.24983114
66890000,66895000,15600,5000,4842683.0,7548.23311579
66895000,66900000,15601,5000,4842998.0,7548.37845164
66900000,66905000,15602,5000,4843312.0,7548.50502989
66905000,66910000,15603,5000,4843626.0,7548.491792
66910000,66915000,15604,5000,4843940.0,7548.74018559
66915000,66920000,15605,5000,4844254.0,7548.93718105
66920000,66925000,15606,5000,4844568.0,7549.03992324
66925000,66930000,15607,5000,4844882.0,7549.13782
66930000,66935000,15608,5000,4845197.0,7549.15512849
66935000,66940000,15609,5000,4845511.0,7549.05961598
66940000,66945000,15610,5000,4845825.0,7548.97218761
66945000,66950000,15611,5000,4846139.0,7548.44987862
66950000,66955000,15612,5000,4846453.0,7548.3522843
66955000,66960000,15613,5000,4846767.0,7548.15470512
66960000,66965000,15614,5000,4847081.0,7548.0270133
66965000,66970000,15615,5000,4847395.0,7547.79991388
66970000,66975000,15616,5000,4847710.0,7547.7178071
66975000,66980000,15617,5000,4848024.0,7547.14573883
66980000,66985000,15618,5000,4848338.0,7546.96409454
66985000,66990000,15619,5000,4848652.0,7546.50184741
66990000,66995000,15620,5000,4848966.0,7546.40940267
66995000,67000000,15621,5000,4849280.0,7546.60333368
67000000,67005000,15622,5000,4849594.0,7546.80483478
67005000,67010000,15623,5000,4849912.0,7547.06089553
67010000,67015000,15624,5000,4850229.0,7547.29957786
67015000,67020000,15625,5000,4850546.0,7547.49594172
67020000,67025000,15626,5000,4850864.0,7547.74779581
67025000,67030000,15627,5000,4851181.0,7547.88834504
67030000,67035000,15628,5000,4851498.0,7548.14251107
67035000,67040000,15629,5000,4851816.0,7548.37805183
67040000,67045000,15630,5000,4852133.0,7548.58023082
67045000,67050000,15631,5000,4852450.0,7548.77814407
67050000,67055000,15632,5000,4852768.0,7549.02528952
67055000,67060000,15633,5000,4853085.0,7549.27285668
67060000,67065000,15634,5000,4853402.0,7549.47400914
67065000,67070000,15635,5000,4853720.0,7549.58537695
67070000,67075000,15636,5000,4854037.0,7549.58570698
67075000,67080000,15637,5000,4854354.0,7549.74365403
67080000,67085000,15638,5000,4854671.0,7549.8586727
67085000,67090000,15639,5000,4854989.0,7549.97070297
67090000,67095000,15640,5000,4855306.0,7550.12492348
67095000,67100000,15641,5000,4855623.0,7550.25636781
67100000,67105000,15642,5000,4855941.0,7550.5116846
67105000,67110000,15643,5000,4856258.0,7550.75924154
67110000,67115000,15644,5000,4856575.0,7550.86908556
67115000,67120000,15645,5000,4856893.0,7550.9436817
67120000,67125000,15646,5000,4857210.0,7550.78089965
67125000,67130000,15647,5000,4857527.0,7550.69942534
67130000,67135000,15648,5000,4857845.0,7550.70179926
67135000,67140000,15649,5000,4858162.0,7550.68190533
67140000,67145000,15650,5000,4858479.0,7550.67424311
67145000,67150000,15651,5000,4858797.0,7550.62555144
67150000,67155000,15652,5000,4859114.0,7550.70302976
67155000,67160000,15653,5000,4859431.0,7550.74485379
67160000,67165000,15654,5000,4859749.0,7550.79441099
67165000,67170000,15655,5000,4860066.0,7550.75245345
67170000,67175000,15656,5000,4860384.0,7550.77150241
67175000,67180000,15657,5000,4860701.0,7550.81753465
67180000,67185000,15658,5000,4861018.0,7550.79227238
67185000,67190000,15659,5000,4861336.0,7550.78145726
67190000,67195000,15660,5000,4861653.0,7550.69721415
67195000,67200000,15661,5000,4861970.0,7550.51706429
67200000,67205000,15662,5000,4862287.0,7550.4327966
67205000,67210000,15663,5000,4862605.0,7550.22738378
67210000,67215000,15664,5000,4862922.0,7549.98726084
67215000,67220000,15665,5000,4863239.0,7550.03194129
67220000,67225000,15666,5000,4863557.0,7550.13726252
67225000,67230000,15667,5000,4863874.0,7550.20250639
67230000,67235000,15668,5000,4864191.0,7550.17632126
67235000,67240000,15669,5000,4864509.0,7550.2765677
67240000,67245000,15670,5000,4864826.0,7550.36342512
67245000,67250000,15671,5000,4865143.0,7550.47509314
67250000,67255000,15672,5000,4865461.0,7550.6282098
67255000,67260000,15673,5000,4865778.0,7550.83776577
67260000,67265000,15674,5000,4866095.0,7550.79776484
67265000,67270000,15675,5000,4866412.0,7550.90834635
67270000,67275000,15676,5000,4866730.0,7551.12679029
67275000,67280000,15677,5000,4867047.0,7551.17897535
67280000,67285000,15678,5000,4867364.0,7551.29057457
67285000,67290000,15679,5000,4867682.0,7551.39206983
67290000,67295000,15680,5000,4867999.0,7551.45727097
67295000,67300000,15681,5000,4868316.0,7551.69845331
67300000,67305000,15682,5000,4868633.0,7551.74907002
67305000,67310000,15683,5000,4868951.0,7551.85863934
67310000,67315000,15684,5000,4869268.0,7551.82630544
67315000,67320000,15685,5000,4869585.0,7551.91271113
67320000,67325000,15686,5000,4869902.0,7552.10513935
67325000,67330000,15687,5000,4870220.0,7552.29724343
67330000,67335000,15688,5000,4870537.0,7552.40146788
67335000,67340000,15689,5000,4870854.0,7552.49980447
67340000,67345000,15690,5000,4871172.0,7552.67385437
67345000,67350000,15691,5000,4871489.0,7552.72754294
67350000,67355000,15692,5000,4871806.0,7552.59610588
67355000,67360000,15693,5000,4872124.0,7552.58441859
67360000,67365000,15694,5000,4872441.0,7552.57073901
67365000,67370000,15695,5000,4872758.0,7552.39768418
67370000,67375000,15696,5000,4873076.0,7552.31716525
67375000,67380000,15697,5000,4873393.0,7552.37997857
67380000,67385000,15698,5000,4873710.0,7552.48488268
67385000,67390000,15699,5000,4874028.0,7552.47348936
67390000,67395000,15700,5000,4874345.0,7552.45353692
67395000,67400000,15701,5000,4874662.0,7552.36443484
67400000,67405000,15702,5000,4874980.0,7552.45396475
67405000,67410000,15703,5000,4875297.0,7552.46653113
67410000,67415000,15704,5000,4875615.0,7552.44922399
67415000,67420000,15705,5000,4875932.0,7552.51306086
67420000,67425000,15706,5000,4876249.0,7552.58488372
67425000,67430000,15707,5000,4876566.0,7552.68682948
67430000,67435000,15708,5000,4876884.0,7552.76339912
67435000,67440000,15709,5000,4877201.0,7552.85972245
67440000,67445000,15710,5000,4877519.0,7553.02831036
67445000,67450000,15711,5000,4877836.0,7553.07796822
67450000,67455000,15712,5000,4878153.0,7553.18885445
67455000,67460000,15713,5000,4878470.0,7553.3045978
67460000,67465000,15714,5000,4878788.0,7553.41705717
67465000,67470000,15715,5000,4879105.0,7553.52585212
67470000,67475000,15716,5000,4879423.0,7553.54673127
67475000,67480000,15717,5000,4879740.0,7553.69210546
67480000,67485000,15718,5000,4880058.0,7553.73358661
67485000,67490000,15719,5000,4880375.0,7553.90292969
67490000,67495000,15720,5000,4880692.0,7554.04769466
67495000,67500000,15721,5000,4881010.0,7554.24902422
67500000,67505000,15722,5000,4881327.0,7554.26517157
67505000,67510000,15723,5000,4881644.0,7554.33011184
67510000,67515000,15724,5000,4881961.0,7554.44292387
67515000,67520000,15725,5000,4882279.0,7554.48563026
67520000,67525000,15726,5000,4882596.0,7554.45085629
67525000,67530000,15727,5000,4882913.0,7554.3140432
67530000,67535000,15728,5000,4883231.0,7554.32911935
67535000,67540000,15729,5000,4883548.0,7554.38465867
67540000,67545000,15730,5000,4883865.0,7554.44377996
67545000,67550000,15731,5000,4884183.0,7554.67307899
67550000,67555000,15732,5000,4884500.0,7554.87241802
67555000,67560000,15733,5000,4884817.0,7554.95609984
67560000,67565000,15734,5000,4885135.0,7555.13622981
67565000,67570000,15735,5000,4885452.0,7555.1168824
67570000,67575000,15736,5000,4885769.0,7555.06887039
67575000,67580000,15737,5000,4886087.0,7555.08409214
67580000,67585000,15738,5000,4886404.0,7555.09227374
67585000,67590000,15739,5000,4886721.0,7555.33037081
67590000,67595000,15740,5000,4887039.0,7555.5337762
67595000,67600000,15741,5000,4887356.0,7555.55025463
67600000,67605000,15742,5000,4887673.0,7555.70847003
67605000,67610000,15743,5000,4887991.0,7555.85162055
67610000,67615000,15744,5000,4888308.0,7555.91866047
67615000,67620000,15745,5000,4888625.0,7556.01939016
67620000,67625000,15746,5000,4888942.0,7556.16693686
67625000,67630000,15747,5000,4889260.0,7556.23453658
67630000,67635000,15748,5000,4889577.0,7556.43304552
67635000,67640000,15749,5000,4889895.0,7556.60690218
67640000,67645000,15750,5000,4890212.0,7556.70915703
67645000,67650000,15751,5000,4890530.0,7556.7161248
67650000,67655000,15752,5000,4890847.0,7556.71628264
67655000,67660000,15753,5000,4891164.0,7556.67601006
67660000,67665000,15754,5000,4891482.0,7556.74884625
67665000,67670000,15755,5000,4891799.0,7556.79431517
67670000,67675000,15756,5000,4892116.0,7556.71278116
67675000,67680000,15757,5000,4892434.0,7556.62118056
67680000,67685000,15758,5000,4892751.0,7556.72778392
67685000,67690000,15759,5000,4893069.0,7556.92412787
67690000,67695000,15760,5000,4893386.0,7557.07647848
67695000,67700000,15761,5000,4893703.0,7557.20789986
67700000,67705000,15762,5000,4894021.0,7557.42948868
67705000,67710000,15763,5000,4894338.0,7557.63105636
67710000,67715000,15764,5000,4894655.0,7557.86320913
67715000,67720000,15765,5000,4894972.0,7557.81284612
67720000,67725000,15766,5000,4895290.0,7558.00863058
67725000,67730000,15767,5000,4895607.0,7558.11234455
67730000,67735000,15768,5000,4895925.0,7558.1661906
67735000,67740000,15769,5000,4896242.0,7558.40496231
67740000,67745000,15770,5000,4896559.0,7558.60757074
67745000,67750000,15771,5000,4896877.0,7558.80499767
67750000,67755000,15772,5000,4897194.0,7558.78113715
67755000,67760000,15773,5000,4897511.0,7558.76581881
67760000,67765000,15774,5000,4897829.0,7558.77702411
67765000,67770000,15775,5000,4898146.0,7558.88306692
67770000,67775000,15776,5000,4898463.0,7559.12916045
67775000,67780000,15777,5000,4898781.0,7559.21145679
67780000,67785000,15778,5000,4899098.0,7559.20312432
67785000,67790000,15779,5000,4899415.0,7559.1994561
67790000,67795000,15780,5000,4899733.0,7559.40279161
67795000,67800000,15781,5000,4900050.0,7559.51702845
67800000,67805000,15782,5000,4900367.0,7559.58084223
67805000,67810000,15783,5000,4900685.0,7559.68725892
67810000,67815000,15784,5000,4901002.0,7559.59646017
67815000,67820000,15785,5000,4901319.0,7559.51125719
67820000,67825000,15786,5000,4901637.0,7559.30828734
67825000,67830000,15787,5000,4901954.0,7559.55063971
67830000,67835000,15788,5000,4902271.0,7559.65620363
67835000,67840000,15789,5000,4902588.0,7559.8431848
67840000,67845000,15790,5000,4902906.0,7560.02498935
67845000,67850000,15791,5000,4903223.0,7560.2638045
67850000,67855000,15792,5000,4903540.0,7560.31000771
67855000,67860000,15793,5000,4903858.0,7560.50811021
67860000,67865000,15794,5000,4904175.0,7560.70632594
67865000,67870000,15795,5000,4904493.0,7560.94412155
67870000,67875000,15796,5000,4904810.0,7561.00514991
67875000,67880000,15797,5000,4905127.0,7561.16392495
67880000,67885000,15798,5000,4905445.0,7561.14364594
67885000,67890000,15799,5000,4905762.0,7561.19325526
67890000,67895000,15800,5000,4906079.0,7561.22762776
67895000,67900000,15801,5000,4906397.0,7561.41827597
67900000,67905000,15802,5000,4906714.0,7561.51428533
67905000,67910000,15803,5000,4907031.0,7561.60854839
67910000,67915000,15804,5000,4907349.0,7561.70921514
67915000,67920000,15805,5000,4907666.0,7561.68391623
67920000,67925000,15806,5000,4907983.0,7561.66310937
67925000,67930000,15807,5000,4908301.0,7561.61831872
67930000,67935000,15808,5000,4908618.0,7561.60698943
67935000,67940000,15809,5000,4908935.0,7561.61985238
67940000,67945000,15810,5000,4909253.0,7561.58433447
67945000,67950000,15811,5000,4909570.0,7561.54795606
67950000,67955000,15812,5000,4909888.0,7561.64842035
67955000,67960000,15813,5000,4910205.0,7561.77057854
67960000,67965000,15814,5000,4910522.0,7561.82342518
67965000,67970000,15815,5000,4910840.0,7561.89552859
67970000,67975000,15816,5000,4911157.0,7561.94493924
67975000,67980000,15817,5000,4911474.0,7562.02659726
67980000,67985000,15818,5000,4911791.0,7562.22604438
67985000,67990000,15819,5000,4912109.0,7562.46518105
67990000,67995000,15820,5000,4912426.0,7562.57519693
67995000,68000000,15821,5000,4912743.0,7562.66511711
68000000,68005000,15822,5000,4913060.0,7562.74665679
68005000,68010000,15823,5000,4913364.0,7562.68164603
68010000,68015000,15824,5000,4913667.0,7562.6131933
68015000,68020000,15825,5000,4913970.0,7562.83252967
68020000,68025000,15826,5000,4914272.0,7562.99935433
68025000,68030000,15827,5000,4914575.0,7563.18172961
68030000,68035000,15828,5000,4914878.0,7563.3938417
68035000,68040000,15829,5000,4915181.0,7563.4680399
68040000,68045000,15830,5000,4915484.0,7563.365874
68045000,68050000,15831,5000,4915787.0,7562.82170776
68050000,68055000,15832,5000,4916090.0,7562.21881461
68055000,68060000,15833,5000,4916393.0,7562.44539391
68060000,68065000,15834,5000,4916696.0,7562.64985746
68065000,68070000,15835,5000,4916999.0,7562.76973042
68070000,68075000,15836,5000,4917302.0,7562.68570037
68075000,68080000,15837,5000,4917605.0,7562.87052702
68080000,68085000,15838,5000,4917908.0,7562.89814023
68085000,68090000,15839,5000,4918211.0,7562.97981673
68090000,68095000,15840,5000,4918514.0,7563.02251495
68095000,68100000,15841,5000,4918817.0,7563.09554824
68100000,68105000,15842,5000,4919120.0,7563.20672551
68105000,68110000,15843,5000,4919423.0,7563.26206839
68110000,68115000,15844,5000,4919726.0,7563.44565474
68115000,68120000,15845,5000,4920029.0,7563.65989141
68120000,68125000,15846,5000,4920331.0,7563.74167541
68125000,68130000,15847,5000,4920634.0,7563.82348585
68130000,68135000,15848,5000,4920937.0,7563.9421467
68135000,68140000,15849,5000,4921240.0,7564.12299556
68140000,68145000,15850,5000,4921543.0,7564.30400542
68145000,68150000,15851,5000,4921846.0,7564.51962231
68150000,68155000,15852,5000,4922149.0,7564.69497761
68155000,68160000,15853,5000,4922452.0,7564.91407808
68160000,68165000,15854,5000,4922755.0,7565.13459453
68165000,68170000,15855,5000,4923058.0,7565.13930618
68170000,68175000,15856,5000,4923361.0,7565.21263436
68175000,68180000,15857,5000,4923664.0,7565.24880422
68180000,68185000,15858,5000,4923967.0,7565.40104553
68185000,68190000,15859,5000,4924270.0,7565.51975303
68190000,68195000,15860,5000,4924573.0,7565.70318743
68195000,68200000,15861,5000,4924876.0,7565.877394
68200000,68205000,15862,5000,4925179.0,7565.95905476
68205000,68210000,15863,5000,4925482.0,7566.07898257
68210000,68215000,15864,5000,4925785.0,7566.18015159
68215000,68220000,15865,5000,4926088.0,7566.40425815
68220000,68225000,15866,5000,4926391.0,7566.5095873
68225000,68230000,15867,5000,4926694.0,7566.60390126
68230000,68235000,15868,5000,4926997.0,7566.6589526
68235000,68240000,15869,5000,4927299.0,7566.88055851
68240000,68245000,15870,5000,4927602.0,7567.06298139
68245000,68250000,15871,5000,4927905.0,7567.14241367
68250000,68255000,15872,5000,4928208.0,7567.09360921
68255000,68260000,15873,5000,4928511.0,7567.22779806
68260000,68265000,15874,5000,4928814.0,7567.20915215
68265000,68270000,15875,5000,4929117.0,7567.31572271
68270000,68275000,15876,5000,4929420.0,7567.46144206
68275000,68280000,15877,5000,4929723.0,7567.56455117
68280000,68285000,15878,5000,4930026.0,7567.73975175
68285000,68290000,15879,5000,4930329.0,7567.84031838
68290000,68295000,15880,5000,4930632.0,7567.90542104
68295000,68300000,15881,5000,4930935.0,7568.07745199
68300000,68305000,15882,5000,4931238.0,7568.17639597
68305000,68310000,15883,5000,4931541.0,7568.23873029
68310000,68315000,15884,5000,4931844.0,7568.41826173
68315000,68320000,15885,5000,4932147.0,7568.5934571
68320000,68325000,15886,5000,4932450.0,7568.79783584
68325000,68330000,15887,5000,4932753.0,7568.88805996
68330000,68335000,15888,5000,4933056.0,7568.95235607
68335000,68340000,15889,5000,4933358.0,7569.05533505
68340000,68345000,15890,5000,4933661.0,7569.2760233
68345000,68350000,15891,5000,4933964.0,7569.44562596
68350000,68355000,15892,5000,4934267.0,7569.617015
68355000,68360000,15893,5000,4934570.0,7569.54503974
68360000,68365000,15894,5000,4934873.0,7569.56358163
68365000,68370000,15895,5000,4935176.0,7569.50451577
68370000,68375000,15896,5000,4935479.0,7569.4506616
68375000,68380000,15897,5000,4935783.0,7569.67035174
68380000,68385000,15898,5000,4936086.0,7569.71127247
68385000,68390000,15899,5000,4936389.0,7569.93345028
68390000,68395000,15900,5000,4936691.0,7570.10265754
68395000,68400000,15901,5000,4936994.0,7570.2166085
68400000,68405000,15902,5000,4937297.0,7570.28624498
68405000,68410000,15903,5000,4937600.0,7570.36968583
68410000,68415000,15904,5000,4937903.0,7570.45825974
68415000,68420000,15905,5000,4938206.0,7570.40769193
68420000,68425000,15906,5000,4938509.0,7570.48034391
68425000,68430000,15907,5000,4938812.0,7570.27073596
68430000,68435000,15908,5000,4939115.0,7570.16644985
68435000,68440000,15909,5000,4939418.0,7570.01716465
68440000,68445000,15910,5000,4939721.0,7569.78671014
68445000,68450000,15911,5000,4940024.0,7569.59992453
68450000,68455000,15912,5000,4940327.0,7569.58113999
68455000,68460000,15913,5000,4940629.0,7569.61632299
68460000,68465000,15914,5000,4940932.0,7569.70597164
68465000,68470000,15915,5000,4941235.0,7569.79456907
68470000,68475000,15916,5000,4941538.0,7569.88641735
68475000,68480000,15917,5000,4941841.0,7569.97627158
68480000,68485000,15918,5000,4942144.0,7570.06761254
68485000,68490000,15919,5000,4942447.0,7570.12004619
68490000,68495000,15920,5000,4942750.0,7570.25679687
68495000,68500000,15921,5000,4943053.0,7570.39961437
68500000,68505000,15922,5000,4943356.0,7570.46594292
68505000,68510000,15923,5000,4943659.0,7570.39776591
68510000,68515000,15924,5000,4943962.0,7570.46091078
68515000,68520000,15925,5000,4944265.0,7570.49503856
68520000,68525000,15926,5000,4944568.0,7570.56598392
68525000,68530000,15927,5000,4944871.0,7570.65121445
68530000,68535000,15928,5000,4945174.0,7570.83572191
68535000,68540000,15929,5000,4945477.0,7570.97024863
68540000,68545000,15930,5000,4945780.0,7570.92043847
68545000,68550000,15931,5000,4946083.0,7570.79730477
68550000,68555000,15932,5000,4946386.0,7570.8848182
68555000,68560000,15933,5000,4946689.0,7570.96789714
68560000,68565000,15934,5000,4946992.0,7571.04990138
68565000,68570000,15935,5000,4947295.0,7570.92679676
68570000,68575000,15936,5000,4947597.0,7570.99646497
68575000,68580000,15937,5000,4947900.0,7571.18030849
68580000,68585000,15938,5000,4948203.0,7571.26830826
68585000,68590000,15939,5000,4948506.0,7571.35410908
68590000,68595000,15940,5000,4948809.0,7571.58243359
68595000,68600000,15941,5000,4949112.0,7571.76631857
68600000,68605000,15942,5000,4949415.0,7571.80555133
68605000,68610000,15943,5000,4949718.0,7571.82954942
68610000,68615000,15944,5000,4950021.0,7571.59043999
68615000,68620000,15945,5000,4950324.0,7571.81078341
68620000,68625000,15946,5000,4950627.0,7571.94518929
68625000,68630000,15947,5000,4950930.0,7571.98213414
68630000,68635000,15948,5000,4951233.0,7571.94297148
68635000,68640000,15949,5000,4951536.0,7571.74737158
68640000,68645000,15950,5000,4951839.0,7571.40769749
68645000,68650000,15951,5000,4952142.0,7571.48238441
68650000,68655000,15952,5000,4952445.0,7571.66633181
68655000,68660000,15953,5000,4952748.0,7571.85216447
68660000,68665000,15954,5000,4953050.0,7571.94126713
68665000,68670000,15955,5000,4953353.0,7572.02782737
68670000,68675000,15956,5000,4953656.0,7572.15862693
68675000,68680000,15957,5000,4953959.0,7572.25288671
68680000,68685000,15958,5000,4954262.0,7572.34778853
68685000,68690000,15959,5000,4954565.0,7572.4091607
68690000,68695000,15960,5000,4954868.0,7572.46778648
68695000,68700000,15961,5000,4955171.0,7572.39877347
68700000,68705000,15962,5000,4955474.0,7572.38190005
68705000,68710000,15963,5000,4955777.0,7572.15616308
68710000,68715000,15964,5000,4956080.0,7571.9686206
68715000,68720000,15965,5000,4956383.0,7571.8535571
68720000,68725000,15966,5000,4956686.0,7571.75233256
68725000,68730000,15967,5000,4956989.0,7571.52922768
68730000,68735000,15968,5000,4957292.0,7571.75247661
68735000,68740000,15969,5000,4957595.0,7571.84830046
68740000,68745000,15970,5000,4957898.0,7571.94186245
68745000,68750000,15971,5000,4958201.0,7572.12723099
68750000,68755000,15972,5000,4958504.0,7572.22313138
68755000,68760000,15973,5000,4958807.0,7572.41145688
68760000,68765000,15974,5000,4959109.0,7572.50441894
68765000,68770000,15975,5000,4959412.0,7572.60041509
68770000,68775000,15976,5000,4959715.0,7572.69471211
68775000,68780000,15977,5000,4960018.0,7572.78868846
68780000,68785000,15978,5000,4960321.0,7572.6980458
68785000,68790000,15979,5000,4960624.0,7572.23775899
68790000,68795000,15980,5000,4960927.0,7571.77411815
68795000,68800000,15981,5000,4961230.0,7571.66972576
68800000,68805000,15982,5000,4961533.0,7571.57844827
68805000,68810000,15983,5000,4961836.0,7571.81080676
68810000,68815000,15984,5000,4962139.0,7571.99879285
68815000,68820000,15985,5000,4962442.0,7572.09419199
68820000,68825000,15986,5000,4962745.0,7572.32374509
68825000,68830000,15987,5000,4963048.0,7572.51400208
68830000,68835000,15988,5000,4963351.0,7572.57068559
68835000,68840000,15989,5000,4963654.0,7572.60640463
68840000,68845000,15990,5000,4963956.0,7572.73230698
68845000,68850000,15991,5000,4964259.0,7572.88885013
68850000,68855000,15992,5000,4964562.0,7573.05143168
68855000,68860000,15993,5000,4964865.0,7573.16535627
68860000,68865000,15994,5000,4965168.0,7573.32681685
68865000,68870000,15995,5000,4965471.0,7573.44110182
68870000,68875000,15996,5000,4965774.0,7573.51844629
68875000,68880000,15997,5000,4966077.0,7573.55568241
68880000,68885000,15998,5000,4966379.0,7573.62964011
68885000,68890000,15999,5000,4966682.0,7573.7039036
68890000,68895000,16000,5000,4966985.0,7573.75213977
68895000,68900000,16001,5000,4967288.0,7573.87239684
68900000,68905000,16002,5000,4967591.0,7573.95375099
68905000,68910000,16003,5000,4967894.0,7574.13957589
68910000,68915000,16004,5000,4968197.0,7574.16786103
68915000,68920000,16005,5000,4968500.0,7574.34775004
68920000,68925000,16006,5000,4968803.0,7574.52865525
68925000,68930000,16007,5000,4969106.0,7574.53717955
68930000,68935000,16008,5000,4969409.0,7574.50664866
68935000,68940000,16009,5000,4969712.0,7574.41014414
68940000,68945000,16010,5000,4970015.0,7574.20242539
68945000,68950000,16011,5000,4970317.0,7574.29171969
68950000,68955000,16012,5000,4970620.0,7574.34034077
68955000,68960000,16013,5000,4970923.0,7574.39348307
68960000,68965000,16014,5000,4971226.0,7574.57223302
68965000,68970000,16015,5000,4971529.0,7574.6652772
68970000,68975000,16016,5000,4971832.0,7574.6240991
68975000,68980000,16017,5000,4972135.0,7574.70966317
68980000,68985000,16018,5000,4972438.0,7574.89499836
68985000,68990000,16019,5000,4972741.0,7575.07043232
68990000,68995000,16020,5000,4973044.0,7575.27463271
68995000,69000000,16021,5000,4973347.0,7575.45477991
69000000,69005000,16022,5000,4973650.0,7575.63259731
69005000,69010000,16023,5000,4973958.0,7575.15184214
69010000,69015000,16024,5000,4974266.0,7574.55601292
69015000,69020000,16025,5000,4974574.0,7574.6924505
69020000,69025000,16026,5000,4974882.0,7574.62019315
69025000,69030000,16027,5000,4975190.0,7574.71856356
69030000,69035000,16028,5000,4975498.0,7574.81723778
69035000,69040000,16029,5000,4975805.0,7574.95552447
69040000,69045000,16030,5000,4976114.0,7575.10157256
69045000,69050000,16031,5000,4976421.0,7575.20478206
69050000,69055000,16032,5000,4976729.0,7575.23411488
69055000,69060000,16033,5000,4977037.0,7575.41708271
69060000,69065000,16034,5000,4977345.0,7575.49936931
69065000,69070000,16035,5000,4977653.0,7575.68496084
69070000,69075000,16036,5000,4977961.0,7575.62975367
69075000,69080000,16037,5000,4978269.0,7575.63392455
69080000,69085000,16038,5000,4978577.0,7575.69914195
69085000,69090000,16039,5000,4978885.0,7575.68651367
69090000,69095000,16040,5000,4979193.0,7575.76523034
69095000,69100000,16041,5000,4979501.0,7575.66719458
69100000,69105000,16042,5000,4979809.0,7575.56766229
69105000,69110000,16043,5000,4980117.0,7575.79479011
69110000,69115000,16044,5000,4980425.0,7575.97483707
69115000,69120000,16045,5000,4980733.0,7576.10965152
69120000,69125000,16046,5000,4981041.0,7576.19909417
69125000,69130000,16047,5000,4981349.0,7576.28252776
69130000,69135000,16048,5000,4981657.0,7576.2375131
69135000,69140000,16049,5000,4981965.0,7576.22514323
69140000,69145000,16050,5000,4982273.0,7576.36527952
69145000,69150000,16051,5000,4982581.0,7576.51040007
69150000,69155000,16052,5000,4982889.0,7576.56956717
69155000,69160000,16053,5000,4983197.0,7576.66706686
69160000,69165000,16054,5000,4983505.0,7576.80917071
69165000,69170000,16055,5000,4983813.0,7576.25383135
69170000,69175000,16056,5000,4984121.0,7575.64818566
69175000,69180000,16057,5000,4984429.0,7575.05731894
69180000,69185000,16058,5000,4984737.0,7574.56102152
69185000,69190000,16059,5000,4985045.0,7574.09154903
69190000,69195000,16060,5000,4985353.0,7573.6319721
69195000,69200000,16061,5000,4985661.0,7573.11820057
69200000,69205000,16062,5000,4985969.0,7573.33863494
69205000,69210000,16063,5000,4986277.0,7573.52873276
69210000,69215000,16064,5000,4986585.0,7573.53133204
69215000,69220000,16065,5000,4986893.0,7573.71980534
69220000,69225000,16066,5000,4987201.0,7573.83760594
69225000,69230000,16067,5000,4987509.0,7573.91439423
69230000,69235000,16068,5000,4987817.0,7573.94950353
69235000,69240000,16069,5000,4988125.0,7574.00291928
69240000,69245000,16070,5000,4988433.0,7574.06563206
69245000,69250000,16071,5000,4988741.0,7574.17181845
69250000,69255000,16072,5000,4989049.0,7574.2029879
69255000,69260000,16073,5000,4989357.0,7574.09941617
69260000,69265000,16074,5000,4989665.0,7573.64077488
69265000,69270000,16075,5000,4989973.0,7573.53991065
69270000,69275000,16076,5000,4990281.0,7573.44260479
69275000,69280000,16077,5000,4990589.0,7573.3412636
69280000,69285000,16078,5000,4990897.0,7573.24572143
69285000,69290000,16079,5000,4991205.0,7573.47508337
69290000,69295000,16080,5000,4991513.0,7573.70330208
69295000,69300000,16081,5000,4991821.0,7573.88612956
69300000,69305000,16082,5000,4992129.0,7573.97110494
69305000,69310000,16083,5000,4992437.0,7573.60855162
69310000,69315000,16084,5000,4992745.0,7573.51568391
69315000,69320000,16085,5000,4993053.0,7572.34880519
69320000,69325000,16086,5000,4993361.0,7572.43374053
69325000,69330000,16087,5000,4993669.0,7572.65892443
69330000,69335000,16088,5000,4993977.0,7572.73252733
69335000,69340000,16089,5000,4994286.0,7572.80597164
69340000,69345000,16090,5000,4994593.0,7572.86704356
69345000,69350000,16091,5000,4994901.0,7572.84521229
69350000,69355000,16092,5000,4995209.0,7573.02092248
69355000,69360000,16093,5000,4995517.0,7573.10775737
69360000,69365000,16094,5000,4995825.0,7573.19041767
69365000,69370000,16095,5000,4996133.0,7573.27060083
69370000,69375000,16096,5000,4996441.0,7573.49022778
69375000,69380000,16097,5000,4996749.0,7573.56838005
69380000,69385000,16098,5000,4997057.0,7573.73765385
69385000,69390000,16099,5000,4997365.0,7573.8267934
69390000,69395000,16100,5000,4997673.0,7574.00620323
69395000,69400000,16101,5000,4997981.0,7574.1039062
69400000,69405000,16102,5000,4998289.0,7574.07265339
69405000,69410000,16103,5000,4998597.0,7574.11230568
69410000,69415000,16104,5000,4998905.0,7574.19463155
69415000,69420000,16105,5000,4999213.0,7574.37194794
69420000,69425000,16106,5000,4999521.0,7574.41982926
69425000,69430000,16107,5000,4999829.0,7574.36934251
69430000,69435000,16108,5000,5000137.0,7574.13207539
69435000,69440000,16109,5000,5000445.0,7574.07215259
69440000,69445000,16110,5000,5000753.0,7574.0742273
69445000,69450000,16111,5000,5001061.0,7573.49927094
69450000,69455000,16112,5000,5001369.0,7573.26867208
69455000,69460000,16113,5000,5001676.0,7572.66729042
69460000,69465000,16114,5000,5001984.0,7572.55782457
69465000,69470000,16115,5000,5002292.0,7572.78259542
69470000,69475000,16116,5000,5002600.0,7572.96078838
69475000,69480000,16117,5000,5002908.0,7573.14424011
69480000,69485000,16118,5000,5003216.0,7573.36794867
69485000,69490000,16119,5000,5003524.0,7573.54705137
69490000,69495000,16120,5000,5003832.0,7573.7285019
69495000,69500000,16121,5000,5004141.0,7573.78854261
69500000,69505000,16122,5000,5004449.0,7573.99313199
69505000,69510000,16123,5000,5004756.0,7573.41623262
69510000,69515000,16124,5000,5005064.0,7572.83153106
69515000,69520000,16125,5000,5005372.0,7572.29405876
69520000,69525000,16126,5000,5005680.0,7571.70553449
69525000,69530000,16127,5000,5005988.0,7570.58357749
69530000,69535000,16128,5000,5006296.0,7570.01737292
69535000,69540000,16129,5000,5006604.0,7569.55261455
69540000,69545000,16130,5000,5006912.0,7568.9987332
69545000,69550000,16131,5000,5007220.0,7568.5267845
69550000,69555000,16132,5000,5007528.0,7568.05866959
69555000,69560000,16133,5000,5007835.0,7568.284139
69560000,69565000,16134,5000,5008143.0,7568.46840912
69565000,69570000,16135,5000,5008451.0,7568.55789778
69570000,69575000,16136,5000,5008759.0,7568.45911599
69575000,69580000,16137,5000,5009068.0,7568.36396463
69580000,69585000,16138,5000,5009375.0,7568.44656453
69585000,69590000,16139,5000,5009683.0,7568.52830059
69590000,69595000,16140,5000,5009991.0,7568.47697443
69595000,69600000,16141,5000,5010299.0,7568.56090444
69600000,69605000,16142,5000,5010607.0,7568.46821787
69605000,69610000,16143,5000,5010915.0,7568.36839083
69610000,69615000,16144,5000,5011223.0,7568.331947
69615000,69620000,16145,5000,5011531.0,7568.39565564
69620000,69625000,16146,5000,5011839.0,7568.56720426
69625000,69630000,16147,5000,5012147.0,7568.77373665
69630000,69635000,16148,5000,5012455.0,7568.68066815
69635000,69640000,16149,5000,5012763.0,7568.44714706
69640000,69645000,16150,5000,5013071.0,7568.67013314
69645000,69650000,16151,5000,5013379.0,7568.85544001
69650000,69655000,16152,5000,5013688.0,7568.94483187
69655000,69660000,16153,5000,5013995.0,7569.12932212
69660000,69665000,16154,5000,5014303.0,7569.21715855
69665000,69670000,16155,5000,5014611.0,7569.11546529
69670000,69675000,16156,5000,5014919.0,7569.01313629
69675000,69680000,16157,5000,5015227.0,7568.91582557
69680000,69685000,16158,5000,5015535.0,7568.45857522
69685000,69690000,16159,5000,5015844.0,7568.38293268
69690000,69695000,16160,5000,5016152.0,7568.4763711
69695000,69700000,16161,5000,5016459.0,7568.65289743
69700000,69705000,16162,5000,5016767.0,7568.71652527
69705000,69710000,16163,5000,5017076.0,7568.72290747
69710000,69715000,16164,5000,5017383.0,7568.55000191
69715000,69720000,16165,5000,5017692.0,7568.45629632
69720000,69725000,16166,5000,5017999.0,7568.54409325
69725000,69730000,16167,5000,5018307.0,7568.72460929
69730000,69735000,16168,5000,5018615.0,7568.90422998
69735000,69740000,16169,5000,5018923.0,7568.86494111
69740000,69745000,16170,5000,5019231.0,7568.92902898
69745000,69750000,16171,5000,5019539.0,7569.08445202
69750000,69755000,16172,5000,5019847.0,7569.11817674
69755000,69760000,16173,5000,5020155.0,7569.28579969
69760000,69765000,16174,5000,5020463.0,7569.23536732
69765000,69770000,16175,5000,5020772.0,7568.63143177
69770000,69775000,16176,5000,5021080.0,7568.42468925
69775000,69780000,16177,5000,5021388.0,7568.51927437
69780000,69785000,16178,5000,5021696.0,7568.51559935
69785000,69790000,16179,5000,5022004.0,7568.61549715
69790000,69795000,16180,5000,5022312.0,7568.4347895
69795000,69800000,16181,5000,5022620.0,7567.88958972
69800000,69805000,16182,5000,5022928.0,7567.33239075
69805000,69810000,16183,5000,5023236.0,7566.19961506
69810000,69815000,16184,5000,5023544.0,7565.73257986
69815000,69820000,16185,5000,5023852.0,7564.57998412
69820000,69825000,16186,5000,5024160.0,7564.11013948
69825000,69830000,16187,5000,5024468.0,7563.65308275
69830000,69835000,16188,5000,5024776.0,7563.78249105
69835000,69840000,16189,5000,5025084.0,7563.87267718
69840000,69845000,16190,5000,5025392.0,7563.83259135
69845000,69850000,16191,5000,5025700.0,7563.82561465
69850000,69855000,16192,5000,5026008.0,7563.63414472
69855000,69860000,16193,5000,5026316.0,7563.57756844
69860000,69865000,16194,5000,5026624.0,7563.79264687
69865000,69870000,16195,5000,5026932.0,7563.96525489
69870000,69875000,16196,5000,5027240.0,7564.18709992
69875000,69880000,16197,5000,5027548.0,7564.11568877
69880000,69885000,16198,5000,5027856.0,7564.1741198
69885000,69890000,16199,5000,5028164.0,7564.32566357
69890000,69895000,16200,5000,5028472.0,7564.55825157
69895000,69900000,16201,5000,5028780.0,7564.78110695
69900000,69905000,16202,5000,5029088.0,7564.99684521
69905000,69910000,16203,5000,5029395.0,7565.17239005
69910000,69915000,16204,5000,5029703.0,7565.26400944
69915000,69920000,16205,5000,5030011.0,7565.37222538
69920000,69925000,16206,5000,5030319.0,7565.40622057
69925000,69930000,16207,5000,5030627.0,7565.47732593
69930000,69935000,16208,5000,5030935.0,7565.57891272
69935000,69940000,16209,5000,5031243.0,7565.64198142
69940000,69945000,16210,5000,5031551.0,7565.82324443
69945000,69950000,16211,5000,5031859.0,7566.04187565
69950000,69955000,16212,5000,5032167.0,7566.26214457
69955000,69960000,16213,5000,5032475.0,7566.4444103
69960000,69965000,16214,5000,5032783.0,7565.97346598
69965000,69970000,16215,5000,5033091.0,7565.50399087
69970000,69975000,16216,5000,5033399.0,7565.5113157
69975000,69980000,16217,5000,5033707.0,7565.58451211
69980000,69985000,16218,5000,5034015.0,7565.6683631
69985000,69990000,16219,5000,5034322.0,7565.71730008
69990000,69995000,16220,5000,5034631.0,7565.81319119
69995000,70000000,16221,5000,5034938.0,7565.94281288
70000000,70005000,16222,5000,5035246.0,7566.04075131
70005000,70010000,16223,5000,5035555.0,7566.06915343
70010000,70015000,16224,5000,5035863.0,7565.84082034
70015000,70020000,16225,5000,5036171.0,7565.60865673
70020000,70025000,16226,5000,5036480.0,7565.44985682
70025000,70030000,16227,5000,5036788.0,7565.35732736
70030000,70035000,16228,5000,5037096.0,7565.17175595
70035000,70040000,16229,5000,5037405.0,7565.07762943
70040000,70045000,16230,5000,5037713.0,7564.97288221
70045000,70050000,16231,5000,5038021.0,7564.87948459
70050000,70055000,16232,5000,5038329.0,7565.08535613
70055000,70060000,16233,5000,5038638.0,7565.11479156
70060000,70065000,16234,5000,5038946.0,7565.33161744
70065000,70070000,16235,5000,5039254.0,7565.16388038
70070000,70075000,16236,5000,5039563.0,7565.34757855
70075000,70080000,16237,5000,5039871.0,7565.51863067
70080000,70085000,16238,5000,5040179.0,7565.48372118
70085000,70090000,16239,5000,5040487.0,7565.55233415
70090000,70095000,16240,5000,5040796.0,7565.54874721
70095000,70100000,16241,5000,5041104.0,7565.50420232
70100000,70105000,16242,5000,5041412.0,7565.63172599
70105000,70110000,16243,5000,5041721.0,7565.66616777
70110000,70115000,16244,5000,5042029.0,7565.72914098
70115000,70120000,16245,5000,5042338.0,7565.75765969
70120000,70125000,16246,5000,5042646.0,7565.83080537
70125000,70130000,16247,5000,5042954.0,7565.89909653
70130000,70135000,16248,5000,5043262.0,7565.97564259
70135000,70140000,16249,5000,5043571.0,7566.01093867
70140000,70145000,16250,5000,5043879.0,7566.09914964
70145000,70150000,16251,5000,5044187.0,7566.19191667
70150000,70155000,16252,5000,5044496.0,7566.13628162
70155000,70160000,16253,5000,5044804.0,7566.22671999
70160000,70165000,16254,5000,5045112.0,7566.08843556
70165000,70170000,16255,5000,5045421.0,7566.09510881
70170000,70175000,16256,5000,5045729.0,7565.85820126
70175000,70180000,16257,5000,5046037.0,7566.0791906
70180000,70185000,16258,5000,5046345.0,7566.26632664
70185000,70190000,16259,5000,5046653.0,7566.32329509
70190000,70195000,16260,5000,5046962.0,7566.34701211
70195000,70200000,16261,5000,5047270.0,7566.16751447
70200000,70205000,16262,5000,5047578.0,7566.25230996
70205000,70210000,16263,5000,5047887.0,7566.47022479
70210000,70215000,16264,5000,5048195.0,7566.64728283
70215000,70220000,16265,5000,5048503.0,7566.83005459
70220000,70225000,16266,5000,5048811.0,7567.00240266
70225000,70230000,16267,5000,5049119.0,7567.18290336
70230000,70235000,16268,5000,5049428.0,7567.26286792
70235000,70240000,16269,5000,5049736.0,7567.33483696
70240000,70245000,16270,5000,5050044.0,7567.22829628
70245000,70250000,16271,5000,5050353.0,7567.45160269
70250000,70255000,16272,5000,5050661.0,7567.62134763
70255000,70260000,16273,5000,5050969.0,7567.72563445
70260000,70265000,16274,5000,5051278.0,7567.85755799
70265000,70270000,16275,5000,5051586.0,7568.02342136
70270000,70275000,16276,5000,5051894.0,7568.10033115
70275000,70280000,16277,5000,5052203.0,7568.2247901
70280000,70285000,16278,5000,5052511.0,7568.29198973
70285000,70290000,16279,5000,5052819.0,7568.05209206
70290000,70295000,16280,5000,5053128.0,7568.05753861
70295000,70300000,16281,5000,5053436.0,7568.04134721
70300000,70305000,16282,5000,5053744.0,7568.12772333
70305000,70310000,16283,5000,5054053.0,7568.2137645
70310000,70315000,16284,5000,5054361.0,7568.29419822
70315000,70320000,16285,5000,5054670.0,7568.19641811
70320000,70325000,16286,5000,5054978.0,7567.08571456
70325000,70330000,16287,5000,5055286.0,7566.61455265
70330000,70335000,16288,5000,5055594.0,7566.08194043
70335000,70340000,16289,5000,5055903.0,7564.9827637
70340000,70345000,16290,5000,5056211.0,7564.38823442
70345000,70350000,16291,5000,5056520.0,7563.79106696
70350000,70355000,16292,5000,5056828.0,7563.92776528
70355000,70360000,16293,5000,5057136.0,7564.00859447
70360000,70365000,16294,5000,5057444.0,7564.05010323
70365000,70370000,16295,5000,5057753.0,7564.26918417
70370000,70375000,16296,5000,5058061.0,7564.44429893
70375000,70380000,16297,5000,5058369.0,7564.5118427
70380000,70385000,16298,5000,5058677.0,7564.58666391
70385000,70390000,16299,5000,5058986.0,7564.79252328
70390000,70395000,16300,5000,5059294.0,7564.82141066
70395000,70400000,16301,5000,5059602.0,7564.87253407
70400000,70405000,16302,5000,5059910.0,7564.96747632
70405000,70410000,16303,5000,5060219.0,7565.13540475
70410000,70415000,16304,5000,5060527.0,7565.15313889
70415000,70420000,16305,5000,5060835.0,7565.27064861
70420000,70425000,16306,5000,5061144.0,7565.32164463
70425000,70430000,16307,5000,5061452.0,7564.82087934
70430000,70435000,16308,5000,5061760.0,7564.98354459
70435000,70440000,16309,5000,5062068.0,7565.01116337
70440000,70445000,16310,5000,5062377.0,7565.14583919
70445000,70450000,16311,5000,5062685.0,7565.09286727
70450000,70455000,16312,5000,5062993.0,7565.1379498
70455000,70460000,16313,5000,5063302.0,7565.12720376
70460000,70465000,16314,5000,5063610.0,7565.1855265
70465000,70470000,16315,5000,5063918.0,7565.25506621
70470000,70475000,16316,5000,5064226.0,7565.20671242
70475000,70480000,16317,5000,5064535.0,7565.35075081
70480000,70485000,16318,5000,5064843.0,7565.43298236
70485000,70490000,16319,5000,5065152.0,7565.58924861
70490000,70495000,16320,5000,5065460.0,7565.77113093
70495000,70500000,16321,5000,5065768.0,7565.85782747
70500000,70505000,16322,5000,5066076.0,7565.39087799
70505000,70510000,16323,5000,5066385.0,7565.48341087
70510000,70515000,16324,5000,5066693.0,7565.56888506
70515000,70520000,16325,5000,5067001.0,7565.46794246
70520000,70525000,16326,5000,5067309.0,7565.53189754
70525000,70530000,16327,5000,5067618.0,7565.61643167
70530000,70535000,16328,5000,5067926.0,7565.844282
70535000,70540000,16329,5000,5068234.0,7566.03296072
70540000,70545000,16330,5000,5068542.0,7566.03632879
70545000,70550000,16331,5000,5068850.0,7566.21227832
70550000,70555000,16332,5000,5069159.0,7566.38838249
70555000,70560000,16333,5000,5069467.0,7566.55828489
70560000,70565000,16334,5000,5069775.0,7566.76879736
70565000,70570000,16335,5000,5070083.0,7566.95352259
70570000,70575000,16336,5000,5070392.0,7567.12989097
70575000,70580000,16337,5000,5070700.0,7567.30940636
70580000,70585000,16338,5000,5071009.0,7567.48644822
70585000,70590000,16339,5000,5071317.0,7567.70163333
70590000,70595000,16340,5000,5071625.0,7567.87842135
70595000,70600000,16341,5000,5071933.0,7567.96769235
70600000,70605000,16342,5000,5072242.0,7567.87208566
70605000,70610000,16343,5000,5072550.0,7567.95535909
70610000,70615000,16344,5000,5072858.0,7568.04262167
70615000,70620000,16345,5000,5073166.0,7568.12506547
70620000,70625000,16346,5000,5073475.0,7568.02867983
70625000,70630000,16347,5000,5073783.0,7567.97073173
70630000,70635000,16348,5000,5074091.0,7567.91846983
70635000,70640000,16349,5000,5074399.0,7567.61864947
70640000,70645000,16350,5000,5074708.0,7567.83006919
70645000,70650000,16351,5000,5075016.0,7567.90705344
70650000,70655000,16352,5000,5075325.0,7567.9912411
70655000,70660000,16353,5000,5075633.0,7567.5406981
70660000,70665000,16354,5000,5075941.0,7567.35108448
70665000,70670000,16355,5000,5076250.0,7566.8999563
70670000,70675000,16356,5000,5076558.0,7566.74699064
70675000,70680000,16357,5000,5076866.0,7566.18760462
70680000,70685000,16358,5000,5077174.0,7565.96671975
70685000,70690000,16359,5000,5077483.0,7565.83510586
70690000,70695000,16360,5000,5077791.0,7565.59451767
70695000,70700000,16361,5000,5078099.0,7565.40560588
70700000,70705000,16362,5000,5078408.0,7564.94725488
70705000,70710000,16363,5000,5078716.0,7565.03733741
70710000,70715000,16364,5000,5079024.0,7565.19804887
70715000,70720000,16365,5000,5079332.0,7565.27691936
70720000,70725000,16366,5000,5079641.0,7565.17314654
70725000,70730000,16367,5000,5079949.0,7565.24714118
70730000,70735000,16368,5000,5080257.0,7565.22336382
70735000,70740000,16369,5000,5080565.0,7565.30554998
70740000,70745000,16370,5000,5080874.0,7565.36762366
70745000,70750000,16371,5000,5081182.0,7565.56822933
70750000,70755000,16372,5000,5081491.0,7565.75145136
70755000,70760000,16373,5000,5081799.0,7565.95778511
70760000,70765000,16374,5000,5082108.0,7566.04463995
70765000,70770000,16375,5000,5082416.0,7566.21734825
70770000,70775000,16376,5000,5082724.0,7566.30845968
70775000,70780000,16377,5000,5083032.0,7566.06116818
70780000,70785000,16378,5000,5083341.0,7565.82003967
70785000,70790000,16379,5000,5083649.0,7565.64953932
70790000,70795000,16380,5000,5083958.0,7565.19095721
70795000,70800000,16381,5000,5084266.0,7565.30929841
70800000,70805000,16382,5000,5084574.0,7565.40247097
70805000,70810000,16383,5000,5084883.0,7565.56900331
70810000,70815000,16384,5000,5085191.0,7565.6425485
70815000,70820000,16385,5000,5085499.0,7565.71906762
70820000,70825000,16386,5000,5085808.0,7565.88475396
70825000,70830000,16387,5000,5086116.0,7565.73671283
70830000,70835000,16388,5000,5086424.0,7565.86156153
70835000,70840000,16389,5000,5086733.0,7565.91687442
70840000,70845000,16390,5000,5087041.0,7565.97192285
70845000,70850000,16391,5000,5087349.0,7565.50736628
70850000,70855000,16392,5000,5087657.0,7565.64096496
70855000,70860000,16393,5000,5087965.0,7565.68048878
70860000,70865000,16394,5000,5088274.0,7565.80367466
70865000,70870000,16395,5000,5088582.0,7566.00343277
70870000,70875000,16396,5000,5088890.0,7566.05449594
70875000,70880000,16397,5000,5089198.0,7566.11707489
70880000,70885000,16398,5000,5089507.0,7566.11542096
70885000,70890000,16399,5000,5089815.0,7566.18986371
70890000,70895000,16400,5000,5090123.0,7566.17660743
70895000,70900000,16401,5000,5090431.0,7566.27543331
70900000,70905000,16402,5000,5090740.0,7566.354785
70905000,70910000,16403,5000,5091048.0,7566.2628192
70910000,70915000,16404,5000,5091357.0,7566.17194537
70915000,70920000,16405,5000,5091665.0,7566.07387851
70920000,70925000,16406,5000,5091973.0,7565.87743608
70925000,70930000,16407,5000,5092281.0,7565.41976203
70930000,70935000,16408,5000,5092590.0,7564.96275447
70935000,70940000,16409,5000,5092898.0,7564.86944249
70940000,70945000,16410,5000,5093206.0,7564.689834
70945000,70950000,16411,5000,5093515.0,7564.20464173
70950000,70955000,16412,5000,5093823.0,7564.10950448
70955000,70960000,16413,5000,5094131.0,7563.65730549
70960000,70965000,16414,5000,5094439.0,7563.56277544
70965000,70970000,16415,5000,5094748.0,7563.47179974
70970000,70975000,16416,5000,5095056.0,7562.99038201
70975000,70980000,16417,5000,5095364.0,7562.3999099
70980000,70985000,16418,5000,5095672.0,7561.9484576
70985000,70990000,16419,5000,5095981.0,7560.93424661
70990000,70995000,16420,5000,5096289.0,7561.1479904
70995000,71000000,16421,5000,5096597.0,7561.33111505
71000000,71005000,16422,5000,5096906.0,7561.54624548
71005000,71010000,16423,5000,5097230.0,7561.78265987
71010000,71015000,16424,5000,5097554.0,7561.97499572
71015000,71020000,16425,5000,5097877.0,7561.94431357
71020000,71025000,16426,5000,5098201.0,7561.98268731
71025000,71030000,16427,5000,5098525.0,7562.1871087
71030000,71035000,16428,5000,5098849.0,7562.24501185
71035000,71040000,16429,5000,5099173.0,7562.35665471
71040000,71045000,16430,5000,5099497.0,7562.57610658
71045000,71050000,16431,5000,5099821.0,7562.65812723
71050000,71055000,16432,5000,5100145.0,7562.77610095
71055000,71060000,16433,5000,5100469.0,7562.8582151
71060000,71065000,16434,5000,5100793.0,7562.93413943
71065000,71070000,16435,5000,5101116.0,7563.04191048
71070000,71075000,16436,5000,5101440.0,7563.22351059
71075000,71080000,16437,5000,5101764.0,7563.21807134
71080000,71085000,16438,5000,5102088.0,7563.22904793
71085000,71090000,16439,5000,5102412.0,7563.31983101
71090000,71095000,16440,5000,5102736.0,7563.41909368
71095000,71100000,16441,5000,5103060.0,7563.47472744
71100000,71105000,16442,5000,5103384.0,7563.57867821
71105000,71110000,16443,5000,5103708.0,7562.45870127
71110000,71115000,16444,5000,5104032.0,7554.01662706
71115000,71120000,16445,5000,5104356.0,7552.99222835
71120000,71125000,16446,5000,5104680.0,7550.88953675
71125000,71130000,16447,5000,5105003.0,7548.22637212
71130000,71135000,16448,5000,5105327.0,7524.43345571
71135000,71140000,16449,5000,5105651.0,7520.68129683
71140000,71145000,16450,5000,5105975.0,7514.16468638
71145000,71150000,16451,5000,5106299.0,7494.95431088
71150000,71155000,16452,5000,5106623.0,7490.09724709
71155000,71160000,16453,5000,5106947.0,7479.75786552
71160000,71165000,16454,5000,5107270.0,7469.49153792
71165000,71170000,16455,5000,5107594.0,7462.52924142
71170000,71175000,16456,5000,5107918.0,7462.46545013
71175000,71180000,16457,5000,5108242.0,7459.87676803
71180000,71185000,16458,5000,5108566.0,7459.47172253
71185000,71190000,16459,5000,5108889.0,7451.98554852
71190000,71195000,16460,5000,5109213.0,7452.23228762
71195000,71200000,16461,5000,5109537.0,7452.4415977
71200000,71205000,16462,5000,5109861.0,7452.6521732
71205000,71210000,16463,5000,5110185.0,7452.73205507
71210000,71215000,16464,5000,5110509.0,7443.0896745
71215000,71220000,16465,5000,5110833.0,7435.63368394
71220000,71225000,16466,5000,5111156.0,7430.3591024
71225000,71230000,16467,5000,5111480.0,7412.17066262
71230000,71235000,16468,5000,5111804.0,7405.73030337
71235000,71240000,16469,5000,5112128.0,7393.95956083
71240000,71245000,16470,5000,5112452.0,7392.99931917
71245000,71250000,16471,5000,5112776.0,7373.93211269
71250000,71255000,16472,5000,5113100.0,7333.33771152
71255000,71260000,16473,5000,5113424.0,7304.65650129
71260000,71265000,16474,5000,5113748.0,7277.76145512
71265000,71270000,16475,5000,5114071.0,7267.03886987
71270000,71275000,16476,5000,5114395.0,7257.37200235
71275000,71280000,16477,5000,5114719.0,7225.72667587
71280000,71285000,16478,5000,5115043.0,7219.22910013
71285000,71290000,16479,5000,5115367.0,7210.72798259
71290000,71295000,16480,5000,5115690.0,7188.95045008
71295000,71300000,16481,5000,5116014.0,7165.42525992
71300000,71305000,16482,5000,5116338.0,7152.4532351
71305000,71310000,16483,5000,5116662.0,7142.59536342
71310000,71315000,16484,5000,5116986.0,7104.54084563
71315000,71320000,16485,5000,5117310.0,7078.13033858
71320000,71325000,16486,5000,5117634.0,7055.33347702
71325000,71330000,16487,5000,5117958.0,7044.79778161
71330000,71335000,16488,5000,5118282.0,7036.70903422
71335000,71340000,16489,5000,5118606.0,7024.78185779
71340000,71345000,16490,5000,5118930.0,7012.89498132
71345000,71350000,16491,5000,5119254.0,7009.19964246
71350000,71355000,16492,5000,5119577.0,6994.97496223
71355000,71360000,16493,5000,5119901.0,6962.29223639
71360000,71365000,16494,5000,5120225.0,6938.36738229
71365000,71370000,16495,5000,5120549.0,6923.5035903
71370000,71375000,16496,5000,5120873.0,6910.09233096
71375000,71380000,16497,5000,5121197.0,6890.71769914
71380000,71385000,16498,5000,5121521.0,6877.90283463
71385000,71390000,16499,5000,5121845.0,6861.9252891
71390000,71395000,16500,5000,5122169.0,6827.29711234
71395000,71400000,16501,5000,5122492.0,6812.81927572
71400000,71405000,16502,5000,5122816.0,6802.11460601
71405000,71410000,16503,5000,5123140.0,6801.80606792
71410000,71415000,16504,5000,5123464.0,6801.5107413
71415000,71420000,16505,5000,5123788.0,6801.72637414
71420000,71425000,16506,5000,5124112.0,6801.78206088
71425000,71430000,16507,5000,5124436.0,6801.77638886
71430000,71435000,16508,5000,5124760.0,6801.4744611
71435000,71440000,16509,5000,5125084.0,6801.60915175
71440000,71445000,16510,5000,5125407.0,6801.74419947
71445000,71450000,16511,5000,5125731.0,6801.44214444
71450000,71455000,16512,5000,5126055.0,6801.03315644
71455000,71460000,16513,5000,5126379.0,6801.27524275
71460000,71465000,16514,5000,5126703.0,6801.26942541
71465000,71470000,16515,5000,5127027.0,6801.26289466
71470000,71475000,16516,5000,5127351.0,6801.17857957
71475000,71480000,16517,5000,5127675.0,6801.09734626
71480000,71485000,16518,5000,5127999.0,6800.96785104
71485000,71490000,16519,5000,5128322.0,6800.89006373
71490000,71495000,16520,5000,5128646.0,6800.78014786
71495000,71500000,16521,5000,5128970.0,6800.76639323
71500000,71505000,16522,5000,5129294.0,6800.88216999
71505000,71510000,16523,5000,5129618.0,6801.10665376
71510000,71515000,16524,5000,5129942.0,6800.73125116
71515000,71520000,16525,5000,5130266.0,6800.3911361
71520000,71525000,16526,5000,5130590.0,6800.55784993
71525000,71530000,16527,5000,5130913.0,6800.54854932
71530000,71535000,16528,5000,5131237.0,6800.25099215
71535000,71540000,16529,5000,5131561.0,6799.82805518
71540000,71545000,16530,5000,5131885.0,6799.5021132
71545000,71550000,16531,5000,5132209.0,6799.17534378
71550000,71555000,16532,5000,5132533.0,6797.94802588
71555000,71560000,16533,5000,5132857.0,6797.17529181
71560000,71565000,16534,5000,5133181.0,6796.85137497
71565000,71570000,16535,5000,5133505.0,6796.491591
71570000,71575000,16536,5000,5133829.0,6796.18656423
71575000,71580000,16537,5000,5134153.0,6795.32796877
71580000,71585000,16538,5000,5134476.0,6795.02385886
71585000,71590000,16539,5000,5134800.0,6794.85295939
71590000,71595000,16540,5000,5135124.0,6794.80633502
71595000,71600000,16541,5000,5135448.0,6794.69345787
71600000,71605000,16542,5000,5135772.0,6794.78700657
71605000,71610000,16543,5000,5136096.0,6794.9217972
71610000,71615000,16544,5000,5136420.0,6794.95731035
71615000,71620000,16545,5000,5136744.0,6795.0348125
71620000,71625000,16546,5000,5137068.0,6795.05427097
71625000,71630000,16547,5000,5137391.0,6795.1486018
71630000,71635000,16548,5000,5137715.0,6795.2329578
71635000,71640000,16549,5000,5138039.0,6795.43911159
71640000,71645000,16550,5000,5138363.0,6795.47819663
71645000,71650000,16551,5000,5138687.0,6795.60952422
71650000,71655000,16552,5000,5139011.0,6795.7830427
71655000,71660000,16553,5000,5139335.0,6795.9576173
71660000,71665000,16554,5000,5139659.0,6796.06931939
71665000,71670000,16555,5000,5139983.0,6796.27580457
71670000,71675000,16556,5000,5140307.0,6796.4748911
71675000,71680000,16557,5000,5140630.0,6796.71785079
71680000,71685000,16558,5000,5140954.0,6796.77753512
71685000,71690000,16559,5000,5141278.0,6796.36074476
71690000,71695000,16560,5000,5141602.0,6794.70734675
71695000,71700000,16561,5000,5141926.0,6794.30342694
71700000,71705000,16562,5000,5142250.0,6794.1961794
71705000,71710000,16563,5000,5142574.0,6794.14942043
71710000,71715000,16564,5000,5142897.0,6794.28879571
71715000,71720000,16565,5000,5143221.0,6794.42431862
71720000,71725000,16566,5000,5143545.0,6794.56037768
71725000,71730000,16567,5000,5143869.0,6794.69770683
71730000,71735000,16568,5000,5144193.0,6794.81861173
71735000,71740000,16569,5000,5144517.0,6794.96618658
71740000,71745000,16570,5000,5144841.0,6794.99541924
71745000,71750000,16571,5000,5145164.0,6795.02253831
71750000,71755000,16572,5000,5145488.0,6795.16873343
71755000,71760000,16573,5000,5145812.0,6795.36632819
71760000,71765000,16574,5000,5146136.0,6795.52366388
71765000,71770000,16575,5000,5146460.0,6795.72771887
71770000,71775000,16576,5000,5146784.0,6795.85527166
71775000,71780000,16577,5000,5147107.0,6795.7937382
71780000,71785000,16578,5000,5147431.0,6795.87479789
71785000,71790000,16579,5000,5147755.0,6795.93070901
71790000,71795000,16580,5000,5148079.0,6796.05782884
71795000,71800000,16581,5000,5148403.0,6796.18273219
71800000,71805000,16582,5000,5148727.0,6796.27784064
71805000,71810000,16583,5000,5149050.0,6796.28957489
71810000,71815000,16584,5000,5149374.0,6796.29540548
71815000,71820000,16585,5000,5149698.0,6796.42041448
71820000,71825000,16586,5000,5150022.0,6796.62596813
71825000,71830000,16587,5000,5150346.0,6796.75932066
71830000,71835000,16588,5000,5150670.0,6796.81576206
71835000,71840000,16589,5000,5150994.0,6797.05768006
71840000,71845000,16590,5000,5151317.0,6797.16500541
71845000,71850000,16591,5000,5151641.0,6797.26017757
71850000,71855000,16592,5000,5151965.0,6797.37674809
71855000,71860000,16593,5000,5152289.0,6797.41890982
71860000,71865000,16594,5000,5152613.0,6797.56201355
71865000,71870000,16595,5000,5152937.0,6797.68239971
71870000,71875000,16596,5000,5153261.0,6797.82128317
71875000,71880000,16597,5000,5153585.0,6793.84618758
71880000,71885000,16598,5000,5153908.0,6793.5176671
71885000,71890000,16599,5000,5154232.0,6793.75934599
71890000,71895000,16600,5000,5154556.0,6793.88557362
71895000,71900000,16601,5000,5154880.0,6794.05188129
71900000,71905000,16602,5000,5155204.0,6794.20189564
71905000,71910000,16603,5000,5155527.0,6794.32859763
71910000,71915000,16604,5000,5155851.0,6794.39038452
71915000,71920000,16605,5000,5156175.0,6794.45455554
71920000,71925000,16606,5000,5156499.0,6794.4718436
71925000,71930000,16607,5000,5156823.0,6794.4530054
71930000,71935000,16608,5000,5157147.0,6794.49190054
71935000,71940000,16609,5000,5157471.0,6794.51388252
71940000,71945000,16610,5000,5157795.0,6794.64646494
71945000,71950000,16611,5000,5158119.0,6794.87337174
71950000,71955000,16612,5000,5158442.0,6794.84656251
71955000,71960000,16613,5000,5158766.0,6794.72876991
71960000,71965000,16614,5000,5159090.0,6794.30226464
71965000,71970000,16615,5000,5159414.0,6794.17521605
71970000,71975000,16616,5000,5159738.0,6794.04696174
71975000,71980000,16617,5000,5160062.0,6793.74899255
71980000,71985000,16618,5000,5160385.0,6793.88138293
71985000,71990000,16619,5000,5160709.0,6794.01532788
71990000,71995000,16620,5000,5161033.0,6794.18813348
71995000,72000000,16621,5000,5161357.0,6794.42788279
72000000,72005000,16622,5000,5161681.0,6794.56119055
72005000,72010000,16623,5000,5161995.0,6794.5190274
72010000,72015000,16624,5000,5162309.0,6794.70221293
72015000,72020000,16625,5000,5162624.0,6794.74003781
72020000,72025000,16626,5000,5162938.0,6794.85231354
72025000,72030000,16627,5000,5163252.0,6794.96621457
72030000,72035000,16628,5000,5163567.0,6794.86239075
72035000,72040000,16629,5000,5163881.0,6794.8634664
72040000,72045000,16630,5000,5164195.0,6794.92023383
72045000,72050000,16631,5000,5164510.0,6794.78335603
72050000,72055000,16632,5000,5164824.0,6794.78689573
72055000,72060000,16633,5000,5165138.0,6794.79085483
72060000,72065000,16634,5000,5165453.0,6794.80691606
72065000,72070000,16635,5000,5165767.0,6794.87702107
72070000,72075000,16636,5000,5166081.0,6794.95670141
72075000,72080000,16637,5000,5166396.0,6794.96240145
72080000,72085000,16638,5000,5166710.0,6795.09009176
72085000,72090000,16639,5000,5167024.0,6795.2168701
72090000,72095000,16640,5000,5167339.0,6795.24586989
72095000,72100000,16641,5000,5167653.0,6795.15209965
72100000,72105000,16642,5000,5167967.0,6795.35722272
72105000,72110000,16643,5000,5168281.0,6795.53756412
72110000,72115000,16644,5000,5168596.0,6795.61055225
72115000,72120000,16645,5000,5168910.0,6795.69856715
72120000,72125000,16646,5000,5169224.0,6795.80853475
72125000,72130000,16647,5000,5169538.0,6795.97174785
72130000,72135000,16648,5000,5169853.0,6796.07404587
72135000,72140000,16649,5000,5170167.0,6796.25578353
72140000,72145000,16650,5000,5170482.0,6796.16097684
72145000,72150000,16651,5000,5170796.0,6796.06588797
72150000,72155000,16652,5000,5171110.0,6796.29518269
72155000,72160000,16653,5000,5171425.0,6796.45894581
72160000,72165000,16654,5000,5171739.0,6796.53692543
72165000,72170000,16655,5000,5172053.0,6796.72244145
72170000,72175000,16656,5000,5172368.0,6796.8220687
72175000,72180000,16657,5000,5172682.0,6797.04760851
72180000,72185000,16658,5000,5172996.0,6797.23868798
72185000,72190000,16659,5000,5173311.0,6797.43158638
72190000,72195000,16660,5000,5173625.0,6797.65956506
72195000,72200000,16661,5000,5173939.0,6797.85519587
72200000,72205000,16662,5000,5174254.0,6797.98702162
72205000,72210000,16663,5000,5174568.0,6798.17667177
72210000,72215000,16664,5000,5174882.0,6798.31098069
72215000,72220000,16665,5000,5175197.0,6798.39802802
72220000,72225000,16666,5000,5175511.0,6798.5237608
72225000,72230000,16667,5000,5175825.0,6798.57830205
72230000,72235000,16668,5000,5176140.0,6798.6314344
72235000,72240000,16669,5000,5176454.0,6798.75038783
72240000,72245000,16670,5000,5176768.0,6798.76828224
72245000,72250000,16671,5000,5177083.0,6798.99283005
72250000,72255000,16672,5000,5177397.0,6799.15271923
72255000,72260000,16673,5000,5177711.0,6799.3700892
72260000,72265000,16674,5000,5178026.0,6799.45181918
72265000,72270000,16675,5000,5178340.0,6799.64816365
72270000,72275000,16676,5000,5178654.0,6799.72006923
72275000,72280000,16677,5000,5178969.0,6799.84132277
72280000,72285000,16678,5000,5179283.0,6799.77993323
72285000,72290000,16679,5000,5179597.0,6799.77807612
72290000,72295000,16680,5000,5179912.0,6799.92484522
72295000,72300000,16681,5000,5180226.0,6800.03089684
72300000,72305000,16682,5000,5180540.0,6800.14889908
72305000,72310000,16683,5000,5180855.0,6800.32283229
72310000,72315000,16684,5000,5181169.0,6800.51643454
72315000,72320000,16685,5000,5181483.0,6800.6982772
72320000,72325000,16686,5000,5181797.0,6800.80455055
72325000,72330000,16687,5000,5182112.0,6800.94545319
72330000,72335000,16688,5000,5182426.0,6800.99569312
72335000,72340000,16689,5000,5182741.0,6801.14943791
72340000,72345000,16690,5000,5183055.0,6801.24784616
72345000,72350000,16691,5000,5183369.0,6801.33926424
72350000,72355000,16692,5000,5183683.0,6801.46255258
72355000,72360000,16693,5000,5183998.0,6801.56255783
72360000,72365000,16694,5000,5184312.0,6801.60678141
72365000,72370000,16695,5000,5184626.0,6801.4692242
72370000,72375000,16696,5000,5184941.0,6801.63331787
72375000,72380000,16697,5000,5185255.0,6801.71706159
72380000,72385000,16698,5000,5185569.0,6801.90734409
72385000,72390000,16699,5000,5185883.0,6802.00655745
72390000,72395000,16700,5000,5186198.0,6802.15430477
72395000,72400000,16701,5000,5186512.0,6802.28548242
72400000,72405000,16702,5000,5186826.0,6802.31052274
72405000,72410000,16703,5000,5187141.0,6802.36935024
72410000,72415000,16704,5000,5187455.0,6802.37399218
72415000,72420000,16705,5000,5187769.0,6802.4871779
72420000,72425000,16706,5000,5188084.0,6802.60341081
72425000,72430000,16707,5000,5188398.0,6802.51175108
72430000,72435000,16708,5000,5188712.0,6802.558888
72435000,72440000,16709,5000,5189027.0,6802.56327617
72440000,72445000,16710,5000,5189341.0,6802.51581923
72445000,72450000,16711,5000,5189655.0,6802.42357287
72450000,72455000,16712,5000,5189970.0,6802.34184214
72455000,72460000,16713,5000,5190284.0,6802.47047589
72460000,72465000,16714,5000,5190598.0,6802.57132866
72465000,72470000,16715,5000,5190913.0,6802.65319302
72470000,72475000,16716,5000,5191227.0,6802.73431921
72475000,72480000,16717,5000,5191541.0,6802.81835132
72480000,72485000,16718,5000,5191855.0,6802.93431345
72485000,72490000,16719,5000,5192170.0,6803.12069416
72490000,72495000,16720,5000,5192484.0,6803.31345196
72495000,72500000,16721,5000,5192799.0,6803.40099095
72500000,72505000,16722,5000,5193113.0,6803.59349481
72505000,72510000,16723,5000,5193427.0,6803.81589988
72510000,72515000,16724,5000,5193741.0,6803.93033151
72515000,72520000,16725,5000,5194055.0,6804.12309166
72520000,72525000,16726,5000,5194370.0,6804.35029024
72525000,72530000,16727,5000,5194684.0,6804.5471864
72530000,72535000,16728,5000,5194998.0,6804.67425514
72535000,72540000,16729,5000,5195313.0,6804.29026828
72540000,72545000,16730,5000,5195627.0,6802.19487338
72545000,72550000,16731,5000,5195941.0,6802.39191641
72550000,72555000,16732,5000,5196255.0,6802.5831952
72555000,72560000,16733,5000,5196570.0,6802.81203131
72560000,72565000,16734,5000,5196884.0,6803.0021259
72565000,72570000,16735,5000,5197198.0,6803.12341418
72570000,72575000,16736,5000,5197513.0,6803.24148729
72575000,72580000,16737,5000,5197827.0,6803.35657469
72580000,72585000,16738,5000,5198142.0,6803.23355257
72585000,72590000,16739,5000,5198456.0,6803.21230636
72590000,72595000,16740,5000,5198770.0,6803.30573949
72595000,72600000,16741,5000,5199085.0,6803.36495119
72600000,72605000,16742,5000,5199399.0,6803.48163909
72605000,72610000,16743,5000,5199713.0,6803.59903641
72610000,72615000,16744,5000,5200028.0,6803.57094371
72615000,72620000,16745,5000,5200342.0,6803.54843489
72620000,72625000,16746,5000,5200656.0,6803.52357138
72625000,72630000,16747,5000,5200971.0,6803.64379643
72630000,72635000,16748,5000,5201285.0,6803.69278672
72635000,72640000,16749,5000,5201599.0,6803.91373947
72640000,72645000,16750,5000,5201914.0,6804.03621173
72645000,72650000,16751,5000,5202228.0,6804.23202536
72650000,72655000,16752,5000,5202542.0,6804.4228149
72655000,72660000,16753,5000,5202857.0,6804.54403244
72660000,72665000,16754,5000,5203171.0,6804.73379187
72665000,72670000,16755,5000,5203485.0,6804.85588795
72670000,72675000,16756,5000,5203800.0,6804.82796039
72675000,72680000,16757,5000,5204114.0,6804.94593643
72680000,72685000,16758,5000,5204428.0,6805.03116012
72685000,72690000,16759,5000,5204742.0,6805.14672381
72690000,72695000,16760,5000,5205057.0,6805.2624097
72695000,72700000,16761,5000,5205371.0,6805.20147372
72700000,72705000,16762,5000,5205685.0,6805.25100009
72705000,72710000,16763,5000,5205999.0,6805.36813143
72710000,72715000,16764,5000,5206314.0,6805.52767659
72715000,72720000,16765,5000,5206628.0,6805.64565831
72720000,72725000,16766,5000,5206942.0,6805.76387166
72725000,72730000,16767,5000,5207257.0,6805.72781401
72730000,72735000,16768,5000,5207571.0,6805.30088202
72735000,72740000,16769,5000,5207885.0,6805.3676521
72740000,72745000,16770,5000,5208199.0,6805.42047344
72745000,72750000,16771,5000,5208514.0,6805.46630863
72750000,72755000,16772,5000,5208828.0,6805.50475028
72755000,72760000,16773,5000,5209142.0,6805.38155087
72760000,72765000,16774,5000,5209456.0,6805.3266178
72765000,72770000,16775,5000,5209771.0,6805.33489607
72770000,72775000,16776,5000,5210085.0,6805.34264072
72775000,72780000,16777,5000,5210399.0,6805.37157644
72780000,72785000,16778,5000,5210714.0,6805.49728151
72785000,72790000,16779,5000,5211028.0,6805.52953687
72790000,72795000,16780,5000,5211343.0,6805.6305326
72795000,72800000,16781,5000,5211657.0,6805.7863226
72800000,72805000,16782,5000,5211971.0,6805.82418298
72805000,72810000,16783,5000,5212286.0,6806.02142382
72810000,72815000,16784,5000,5212600.0,6806.10659889
72815000,72820000,16785,5000,5212915.0,6806.33258389
72820000,72825000,16786,5000,5213229.0,6806.37081721
72825000,72830000,16787,5000,5213543.0,6806.49518646
72830000,72835000,16788,5000,5213858.0,6806.55874104
72835000,72840000,16789,5000,5214172.0,6806.56012548
72840000,72845000,16790,5000,5214486.0,6806.64457715
72845000,72850000,16791,5000,5214801.0,6806.773005
72850000,72855000,16792,5000,5215115.0,6806.90605439
72855000,72860000,16793,5000,5215429.0,6806.99930708
72860000,72865000,16794,5000,5215744.0,6807.14763317
72865000,72870000,16795,5000,5216058.0,6807.24913775
72870000,72875000,16796,5000,5216372.0,6807.31602293
72875000,72880000,16797,5000,5216687.0,6807.45163885
72880000,72885000,16798,5000,5217001.0,6807.54101007
72885000,72890000,16799,5000,5217315.0,6807.61390279
72890000,72895000,16800,5000,5217630.0,6807.84184002
72895000,72900000,16801,5000,5217944.0,6807.95787385
72900000,72905000,16802,5000,5218258.0,6807.93081449
72905000,72910000,16803,5000,5218573.0,6807.79498241
72910000,72915000,16804,5000,5218887.0,6807.96085167
72915000,72920000,16805,5000,5219201.0,6807.93007704
72920000,72925000,16806,5000,5219516.0,6808.05090096
72925000,72930000,16807,5000,5219830.0,6808.05573018
72930000,72935000,16808,5000,5220144.0,6808.18141383
72935000,72940000,16809,5000,5220459.0,6808.13167306
72940000,72945000,16810,5000,5220773.0,6808.04397009
72945000,72950000,16811,5000,5221087.0,6807.91539204
72950000,72955000,16812,5000,5221402.0,6807.89153075
72955000,72960000,16813,5000,5221716.0,6807.81731859
72960000,72965000,16814,5000,5222030.0,6807.71963626
72965000,72970000,16815,5000,5222345.0,6807.68066875
72970000,72975000,16816,5000,5222659.0,6807.82921203
72975000,72980000,16817,5000,5222973.0,6807.9732184
72980000,72985000,16818,5000,5223287.0,6808.15975594
72985000,72990000,16819,5000,5223602.0,6808.33841735
72990000,72995000,16820,5000,5223916.0,6808.49512279
72995000,73000000,16821,5000,5224230.0,6808.5877157
73000000,73005000,16822,5000,5224545.0,6808.65297607
73005000,73010000,16823,5000,5224854.0,6808.81676304
73010000,73015000,16824,5000,5225164.0,6808.90930545
73015000,73020000,16825,5000,5225474.0,6808.48284298
73020000,73025000,16826,5000,5225783.0,6808.16973329
73025000,73030000,16827,5000,5226093.0,6807.84170925
73030000,73035000,16828,5000,5226403.0,6807.52909528
73035000,73040000,16829,5000,5226712.0,6807.65040807
73040000,73045000,16830,5000,5227022.0,6807.83842179
73045000,73050000,16831,5000,5227332.0,6807.90703612
73050000,73055000,16832,5000,5227641.0,6807.93256601
73055000,73060000,16833,5000,5227951.0,6808.00442154
73060000,73065000,16834,5000,5228261.0,6808.1884176
73065000,73070000,16835,5000,5228570.0,6808.30650554
73070000,73075000,16836,5000,5228880.0,6808.47727005
73075000,73080000,16837,5000,5229190.0,6808.61238528
73080000,73085000,16838,5000,5229499.0,6808.69229678
73085000,73090000,16839,5000,5229809.0,6808.83021964
73090000,73095000,16840,5000,5230118.0,6808.93250558
73095000,73100000,16841,5000,5230428.0,6809.10329204
73100000,73105000,16842,5000,5230738.0,6809.17842478
73105000,73110000,16843,5000,5231047.0,6809.19776316
73110000,73115000,16844,5000,5231357.0,6809.40306777
73115000,73120000,16845,5000,5231666.0,6809.52619752
73120000,73125000,16846,5000,5231976.0,6809.71371704
73125000,73130000,16847,5000,5232286.0,6809.89852829
73130000,73135000,16848,5000,5232595.0,6809.48791251
73135000,73140000,16849,5000,5232905.0,6809.05972461
73140000,73145000,16850,5000,5233214.0,6809.18949865
73145000,73150000,16851,5000,5233524.0,6809.39047245
73150000,73155000,16852,5000,5233834.0,6809.57670293
73155000,73160000,16853,5000,5234143.0,6809.76181485
73160000,73165000,16854,5000,5234453.0,6809.96651912
73165000,73170000,16855,5000,5234763.0,6810.17615639
73170000,73175000,16856,5000,5235072.0,6810.2899387
73175000,73180000,16857,5000,5235382.0,6810.47333664
73180000,73185000,16858,5000,5235692.0,6802.18357584
73185000,73190000,16859,5000,5236001.0,6795.67772121
73190000,73195000,16860,5000,5236311.0,6795.35688014
73195000,73200000,16861,5000,5236620.0,6795.04687005
73200000,73205000,16862,5000,5236930.0,6795.15910442
73205000,73210000,16863,5000,5237240.0,6795.37833987
73210000,73215000,16864,5000,5237549.0,6795.55686326
73215000,73220000,16865,5000,5237859.0,6795.67352502
73220000,73225000,16866,5000,5238168.0,6795.79873818
73225000,73230000,16867,5000,5238478.0,6795.48889607
73230000,73235000,16868,5000,5238788.0,6795.67369054
73235000,73240000,16869,5000,5239098.0,6795.87263661
73240000,73245000,16870,5000,5239407.0,6795.9628988
73245000,73250000,16871,5000,5239717.0,6796.02567085
73250000,73255000,16872,5000,5240027.0,6796.2071112
73255000,73260000,16873,5000,5240336.0,6796.3832163
73260000,73265000,16874,5000,5240646.0,6796.43484347
73265000,73270000,16875,5000,5240955.0,6796.48575268
73270000,73275000,16876,5000,5241265.0,6796.03645784
73275000,73280000,16877,5000,5241575.0,6796.1244319
73280000,73285000,16878,5000,5241884.0,6796.02096458
73285000,73290000,16879,5000,5242194.0,6796.13655834
73290000,73295000,16880,5000,5242504.0,6796.18192264
73295000,73300000,16881,5000,5242813.0,6796.31463422
73300000,73305000,16882,5000,5243123.0,6796.53113652
73305000,73310000,16883,5000,5243432.0,6796.600623
73310000,73315000,16884,5000,5243742.0,6796.74116055
73315000,73320000,16885,5000,5244052.0,6796.92604496
73320000,73325000,16886,5000,5244361.0,6796.94056892
73325000,73330000,16887,5000,5244671.0,6797.02540311
73330000,73335000,16888,5000,5244981.0,6797.14579096
73335000,73340000,16889,5000,5245290.0,6796.99245534
73340000,73345000,16890,5000,5245600.0,6796.84085406
73345000,73350000,16891,5000,5245910.0,6797.03668126
73350000,73355000,16892,5000,5246219.0,6797.05528824
73355000,73360000,16893,5000,5246529.0,6797.10028596
73360000,73365000,16894,5000,5246839.0,6797.26704432
73365000,73370000,16895,5000,5247148.0,6797.37834908
73370000,73375000,16896,5000,5247458.0,6797.51487474
73375000,73380000,16897,5000,5247768.0,6797.59440989
73380000,73385000,16898,5000,5248077.0,6797.61435336
73385000,73390000,16899,5000,5248387.0,6797.49636453
73390000,73395000,16900,5000,5248696.0,6797.40168623
73395000,73400000,16901,5000,5249006.0,6797.33363891
73400000,73405000,16902,5000,5249316.0,6797.44528432
73405000,73410000,16903,5000,5249625.0,6797.53025827
73410000,73415000,16904,5000,5249935.0,6797.60557154
73415000,73420000,16905,5000,5250245.0,6797.67576175
73420000,73425000,16906,5000,5250554.0,6797.55749061
73425000,73430000,16907,5000,5250864.0,6797.4152935
73430000,73435000,16908,5000,5251174.0,6797.28818098
73435000,73440000,16909,5000,5251483.0,6797.39013827
73440000,73445000,16910,5000,5251793.0,6797.45372746
73445000,73450000,16911,5000,5252103.0,6797.59898061
73450000,73455000,16912,5000,5252412.0,6797.70246726
73455000,73460000,16913,5000,5252722.0,6797.7131085
73460000,73465000,16914,5000,5253032.0,6797.82470064
73465000,73470000,16915,5000,5253341.0,6798.01238224
73470000,73475000,16916,5000,5253651.0,6798.13217895
73475000,73480000,16917,5000,5253961.0,6798.32412199
73480000,73485000,16918,5000,5254270.0,6798.5367871
73485000,73490000,16919,5000,5254580.0,6798.47135417
73490000,73495000,16920,5000,5254890.0,6798.52179147
73495000,73500000,16921,5000,5255199.0,6798.49580361
73500000,73505000,16922,5000,5255509.0,6798.47785577
73505000,73510000,16923,5000,5255819.0,6798.56269664
73510000,73515000,16924,5000,5256128.0,6798.53974227
73515000,73520000,16925,5000,5256438.0,6798.59070049
73520000,73525000,16926,5000,5256748.0,6798.13995238
73525000,73530000,16927,5000,5257057.0,6797.70223899
73530000,73535000,16928,5000,5257367.0,6797.26044299
73535000,73540000,16929,5000,5257676.0,6797.33930082
73540000,73545000,16930,5000,5257986.0,6797.3210146
73545000,73550000,16931,5000,5258295.0,6797.15189093
73550000,73555000,16932,5000,5258605.0,6797.23481523
73555000,73560000,16933,5000,5258915.0,6797.28555963
73560000,73565000,16934,5000,5259224.0,6797.33543574
73565000,73570000,16935,5000,5259534.0,6797.31392343
73570000,73575000,16936,5000,5259844.0,6797.29354681
73575000,73580000,16937,5000,5260153.0,6797.27280193
73580000,73585000,16938,5000,5260463.0,6797.15856678
73585000,73590000,16939,5000,5260773.0,6797.13501493
73590000,73595000,16940,5000,5261083.0,6797.11285415
73595000,73600000,16941,5000,5261392.0,6796.66735411
73600000,73605000,16942,5000,5261702.0,6796.50638358
73605000,73610000,16943,5000,5262012.0,6796.58955694
73610000,73615000,16944,5000,5262321.0,6796.64219909
73615000,73620000,16945,5000,5262631.0,6796.72219989
73620000,73625000,16946,5000,5262941.0,6796.28454064
73625000,73630000,16947,5000,5263250.0,6796.1209986
73630000,73635000,16948,5000,5263560.0,6795.67879911
73635000,73640000,16949,5000,5263870.0,6795.76373703
73640000,73645000,16950,5000,5264179.0,6795.84771706
73645000,73650000,16951,5000,5264489.0,6795.93124208
73650000,73655000,16952,5000,5264799.0,6795.98363728
73655000,73660000,16953,5000,5265108.0,6796.03349614
73660000,73665000,16954,5000,5265418.0,6796.08410728
73665000,73670000,16955,5000,5265727.0,6796.05997247
73670000,73675000,16956,5000,5266037.0,6795.89767254
73675000,73680000,16957,5000,5266347.0,6795.63486272
73680000,73685000,16958,5000,5266656.0,6795.47160869
73685000,73690000,16959,5000,5266966.0,6795.02093915
73690000,73695000,16960,5000,5267276.0,6794.91621141
73695000,73700000,16961,5000,5267585.0,6794.82902705
73700000,73705000,16962,5000,5267895.0,6794.80041121
73705000,73710000,16963,5000,5268205.0,6794.66439368
73710000,73715000,16964,5000,5268515.0,6794.53131407
73715000,73720000,16965,5000,5268824.0,6794.22257001
73720000,73725000,16966,5000,5269134.0,6770.76842014
73725000,73730000,16967,5000,5269444.0,6741.86855831
73730000,73735000,16968,5000,5269753.0,6717.07799356
73735000,73740000,16969,5000,5270063.0,6678.90264249
73740000,73745000,16970,5000,5270372.0,6669.7407069
73745000,73750000,16971,5000,5270682.0,6669.03104521
73750000,73755000,16972,5000,5270992.0,6667.40747442
73755000,73760000,16973,5000,5271301.0,6666.27066914
73760000,73765000,16974,5000,5271611.0,6665.55496114
73765000,73770000,16975,5000,5271920.0,6665.50135036
73770000,73775000,16976,5000,5272230.0,6665.12509127
73775000,73780000,16977,5000,5272540.0,6664.41021824
73780000,73785000,16978,5000,5272849.0,6664.11467452
73785000,73790000,16979,5000,5273159.0,6664.08672153
73790000,73795000,16980,5000,5273469.0,6662.53483994
73795000,73800000,16981,5000,5273778.0,6661.40055388
73800000,73805000,16982,5000,5274088.0,6660.69135815
73805000,73810000,16983,5000,5274398.0,6660.39622342
73810000,73815000,16984,5000,5274707.0,6659.15115006
73815000,73820000,16985,5000,5275017.0,6658.86453173
73820000,73825000,16986,5000,5275327.0,6657.73376697
73825000,73830000,16987,5000,5275637.0,6656.93313133
73830000,73835000,16988,5000,5275946.0,6656.2217601
73835000,73840000,16989,5000,5276256.0,6655.51364699
73840000,73845000,16990,5000,5276565.0,6654.7814184
73845000,73850000,16991,5000,5276875.0,6653.65535507
73850000,73855000,16992,5000,5277185.0,6652.53193441
73855000,73860000,16993,5000,5277494.0,6651.39996785
73860000,73865000,16994,5000,5277804.0,6650.68397743
73865000,73870000,16995,5000,5278114.0,6650.83387591
73870000,73875000,16996,5000,5278423.0,6650.946239
73875000,73880000,16997,5000,5278733.0,6651.12430831
73880000,73885000,16998,5000,5279043.0,6651.24080403
73885000,73890000,16999,5000,5279352.0,6650.41949549
73890000,73895000,17000,5000,5279662.0,6648.45306439
73895000,73900000,17001,5000,5279972.0,6647.33061268
73900000,73905000,17002,5000,5280281.0,6646.20149333
73905000,73910000,17003,5000,5280591.0,6645.08033439
73910000,73915000,17004,5000,5280901.0,6645.05681368
73915000,73920000,17005,5000,5281210.0,6643.93452919
73920000,73925000,17006,5000,5281520.0,6638.56355037
73925000,73930000,17007,5000,5281830.0,6637.85622034
73930000,73935000,17008,5000,5282139.0,6637.50509613
73935000,73940000,17009,5000,5282449.0,6637.72363393
73940000,73945000,17010,5000,5282758.0,6637.90983628
73945000,73950000,17011,5000,5283068.0,6637.52949786
73950000,73955000,17012,5000,5283378.0,6637.51277248
73955000,73960000,17013,5000,5283688.0,6637.73532082
73960000,73965000,17014,5000,5283997.0,6637.64087471
73965000,73970000,17015,5000,5284307.0,6637.35737038
73970000,73975000,17016,5000,5284617.0,6637.33190481
73975000,73980000,17017,5000,5284926.0,6637.43842036
73980000,73985000,17018,5000,5285236.0,6637.65059178
73985000,73990000,17019,5000,5285546.0,6637.81843692
73990000,73995000,17020,5000,5285855.0,6637.88194127
73995000,74000000,17021,5000,5286165.0,6637.17276757
74000000,74005000,17022,5000,5286475.0,6636.4405689
74005000,74010000,17023,5000,5286790.0,6635.64052605
74010000,74015000,17024,5000,5287106.0,6635.34168083
74015000,74020000,17025,5000,5287421.0,6635.06489895
74020000,74025000,17026,5000,5287736.0,6634.37049284
74025000,74030000,17027,5000,5288052.0,6632.84576641
74030000,74035000,17028,5000,5288367.0,6631.73646198
74035000,74040000,17029,5000,5288683.0,6631.04840979
74040000,74045000,17030,5000,5288998.0,6630.34767647
74045000,74050000,17031,5000,5289313.0,6629.65362934
74050000,74055000,17032,5000,5289629.0,6629.38283404
74055000,74060000,17033,5000,5289944.0,6629.19178869
74060000,74065000,17034,5000,5290260.0,6628.82460625
74065000,74070000,17035,5000,5290575.0,6628.13035399
74070000,74075000,17036,5000,5290891.0,6628.21907401
74075000,74080000,17037,5000,5291206.0,6627.94671975
74080000,74085000,17038,5000,5291522.0,6628.08624235
74085000,74090000,17039,5000,5291837.0,6627.97993314
74090000,74095000,17040,5000,5292152.0,6627.94760773
74095000,74100000,17041,5000,5292468.0,6628.05089082
74100000,74105000,17042,5000,5292783.0,6628.17795457
74105000,74110000,17043,5000,5293099.0,6628.16932365
74110000,74115000,17044,5000,5293414.0,6627.79911568
74115000,74120000,17045,5000,5293729.0,6627.52369054
74120000,74125000,17046,5000,5294045.0,6627.25055199
74125000,74130000,17047,5000,5294360.0,6626.97775944
74130000,74135000,17048,5000,5294676.0,6626.59229956
74135000,74140000,17049,5000,5294991.0,6625.89237841
74140000,74145000,17050,5000,5295307.0,6625.85892405
74145000,74150000,17051,5000,5295622.0,6625.84761511
74150000,74155000,17052,5000,5295937.0,6625.8843309
74155000,74160000,17053,5000,5296253.0,6626.00693802
74160000,74165000,17054,5000,5296568.0,6626.08052177
74165000,74170000,17055,5000,5296884.0,6626.27635367
74170000,74175000,17056,5000,5297199.0,6626.34980992
74175000,74180000,17057,5000,5297515.0,6626.48584715
74180000,74185000,17058,5000,5297830.0,6626.60323456
74185000,74190000,17059,5000,5298146.0,6626.7198552
74190000,74195000,17060,5000,5298461.0,6626.9315186
74195000,74200000,17061,5000,5298776.0,6627.13507215
74200000,74205000,17062,5000,5299092.0,6627.06107503
74205000,74210000,17063,5000,5299407.0,6627.13889743
74210000,74215000,17064,5000,5299723.0,6627.15301604
74215000,74220000,17065,5000,5300038.0,6627.0559951
74220000,74225000,17066,5000,5300353.0,6627.11758856
74225000,74230000,17067,5000,5300669.0,6627.15843542
74230000,74235000,17068,5000,5300984.0,6627.20877364
74235000,74240000,17069,5000,5301300.0,6627.37234443
74240000,74245000,17070,5000,5301615.0,6627.47297314
74245000,74250000,17071,5000,5301930.0,6627.45098944
74250000,74255000,17072,5000,5302246.0,6627.57688684
74255000,74260000,17073,5000,5302561.0,6627.78864712
74260000,74265000,17074,5000,5302877.0,6627.91855534
74265000,74270000,17075,5000,5303192.0,6628.13112742
74270000,74275000,17076,5000,5303507.0,6628.12245156
74275000,74280000,17077,5000,5303823.0,6627.78668665
74280000,74285000,17078,5000,5304138.0,6627.90034896
74285000,74290000,17079,5000,5304454.0,6628.09582533
74290000,74295000,17080,5000,5304769.0,6628.21369978
74295000,74300000,17081,5000,5305085.0,6628.33707679
74300000,74305000,17082,5000,5305400.0,6628.4653487
74305000,74310000,17083,5000,5305715.0,6628.65359961
74310000,74315000,17084,5000,5306031.0,6628.76122656
74315000,74320000,17085,5000,5306346.0,6621.43586672
74320000,74325000,17086,5000,5306662.0,6617.44371752
74325000,74330000,17087,5000,5306977.0,6616.33321227
74330000,74335000,17088,5000,5307292.0,6615.64809794
74335000,74340000,17089,5000,5307608.0,6615.78206112
74340000,74345000,17090,5000,5307923.0,6615.80228349
74345000,74350000,17091,5000,5308239.0,6615.12281617
74350000,74355000,17092,5000,5308554.0,6614.82438363
74355000,74360000,17093,5000,5308869.0,6614.48301826
74360000,74365000,17094,5000,5309185.0,6613.75078055
74365000,74370000,17095,5000,5309500.0,6613.47980793
74370000,74375000,17096,5000,5309816.0,6613.54539494
74375000,74380000,17097,5000,5310131.0,6613.67142542
74380000,74385000,17098,5000,5310446.0,6613.85260323
74385000,74390000,17099,5000,5310762.0,6614.01923117
74390000,74395000,17100,5000,5311077.0,6613.65271446
74395000,74400000,17101,5000,5311393.0,6613.38380411
74400000,74405000,17102,5000,5311708.0,6613.4622811
74405000,74410000,17103,5000,5312023.0,6613.57107715
74410000,74415000,17104,5000,5312339.0,6613.67846457
74415000,74420000,17105,5000,5312654.0,6613.57944903
74420000,74425000,17106,5000,5312970.0,6613.19241328
74425000,74430000,17107,5000,5313285.0,6613.40634792
74430000,74435000,17108,5000,5313601.0,6613.51938598
74435000,74440000,17109,5000,5313916.0,6613.53189341
74440000,74445000,17110,5000,5314231.0,6613.63882331
74445000,74450000,17111,5000,5314547.0,6613.86336958
74450000,74455000,17112,5000,5314862.0,6613.97564484
74455000,74460000,17113,5000,5315178.0,6614.07760498
74460000,74465000,17114,5000,5315493.0,6614.24189238
74465000,74470000,17115,5000,5315808.0,6614.3939555
74470000,74475000,17116,5000,5316124.0,6614.51266808
74475000,74480000,17117,5000,5316439.0,6614.59217902
74480000,74485000,17118,5000,5316755.0,6614.7186564
74485000,74490000,17119,5000,5317070.0,6614.77508536
74490000,74495000,17120,5000,5317386.0,6614.81087146
74495000,74500000,17121,5000,5317701.0,6614.69304585
74500000,74505000,17122,5000,5318017.0,6614.69054113
74505000,74510000,17123,5000,5318332.0,6614.68395273
74510000,74515000,17124,5000,5318647.0,6614.41177496
74515000,74520000,17125,5000,5318963.0,6614.3132255
74520000,74525000,17126,5000,5319278.0,6613.94907479
74525000,74530000,17127,5000,5319594.0,6613.94027311
74530000,74535000,17128,5000,5319909.0,6613.98910593
74535000,74540000,17129,5000,5320225.0,6614.17210415
74540000,74545000,17130,5000,5320540.0,6614.31307014
74545000,74550000,17131,5000,5320855.0,6614.41607999
74550000,74555000,17132,5000,5321171.0,6614.52793001
74555000,74560000,17133,5000,5321486.0,6614.64506312
74560000,74565000,17134,5000,5321802.0,6614.77444605
74565000,74570000,17135,5000,5322117.0,6614.81883863
74570000,74575000,17136,5000,5322433.0,6614.71295739
74575000,74580000,17137,5000,5322748.0,6614.60627861
74580000,74585000,17138,5000,5323063.0,6614.82574652
74585000,74590000,17139,5000,5323379.0,6614.95469159
74590000,74595000,17140,5000,5323694.0,6614.84692405
74595000,74600000,17141,5000,5324010.0,6614.83764095
74600000,74605000,17142,5000,5324325.0,6614.82707349
74605000,74610000,17143,5000,5324641.0,6614.82080797
74610000,74615000,17144,5000,5324956.0,6614.80474555
74615000,74620000,17145,5000,5325271.0,6614.52091102
74620000,74625000,17146,5000,5325587.0,6614.65755779
74625000,74630000,17147,5000,5325902.0,6614.70015742
74630000,74635000,17148,5000,5326218.0,6614.80044984
74635000,74640000,17149,5000,5326533.0,6614.68820242
74640000,74645000,17150,5000,5326848.0,6614.35701279
74645000,74650000,17151,5000,5327164.0,6613.97366316
74650000,74655000,17152,5000,5327479.0,6613.65926916
74655000,74660000,17153,5000,5327795.0,6613.7061556
74660000,74665000,17154,5000,5328110.0,6613.72422704
74665000,74670000,17155,5000,5328425.0,6613.38926727
74670000,74675000,17156,5000,5328741.0,6613.28943793
74675000,74680000,17157,5000,5329056.0,6613.18462963
74680000,74685000,17158,5000,5329372.0,6613.14531706
74685000,74690000,17159,5000,5329687.0,6613.13233995
74690000,74695000,17160,5000,5330002.0,6613.17151467
74695000,74700000,17161,5000,5330318.0,6613.19913633
74700000,74705000,17162,5000,5330633.0,6613.22092732
74705000,74710000,17163,5000,5330949.0,6613.34906665
74710000,74715000,17164,5000,5331264.0,6613.43452541
74715000,74720000,17165,5000,5331579.0,6613.47339653
74720000,74725000,17166,5000,5331895.0,6613.49249677
74725000,74730000,17167,5000,5332210.0,6613.3977467
74730000,74735000,17168,5000,5332526.0,6613.49569562
74735000,74740000,17169,5000,5332841.0,6613.45876975
74740000,74745000,17170,5000,5333156.0,6613.63940578
74745000,74750000,17171,5000,5333472.0,6613.78534017
74750000,74755000,17172,5000,5333787.0,6613.90518112
74755000,74760000,17173,5000,5334103.0,6614.0764585
74760000,74765000,17174,5000,5334418.0,6614.18537214
74765000,74770000,17175,5000,5334733.0,6614.29229979
74770000,74775000,17176,5000,5335049.0,6614.36103637
74775000,74780000,17177,5000,5335364.0,6614.4835268
74780000,74785000,17178,5000,5335680.0,6614.53925291
74785000,74790000,17179,5000,5335995.0,6614.76713465
74790000,74795000,17180,5000,5336311.0,6614.89824735
74795000,74800000,17181,5000,5336626.0,6613.81287747
74800000,74805000,17182,5000,5336942.0,6613.4769397
74805000,74810000,17183,5000,5337257.0,6613.59091653
74810000,74815000,17184,5000,5337572.0,6613.71727306
74815000,74820000,17185,5000,5337888.0,6613.64082434
74820000,74825000,17186,5000,5338203.0,6613.66351852
74825000,74830000,17187,5000,5338518.0,6613.71018715
74830000,74835000,17188,5000,5338834.0,6613.74671512
74835000,74840000,17189,5000,5339149.0,6613.86349682
74840000,74845000,17190,5000,5339465.0,6613.8396602
74845000,74850000,17191,5000,5339780.0,6613.4702207
74850000,74855000,17192,5000,5340096.0,6613.11782248
74855000,74860000,17193,5000,5340411.0,6612.84958671
74860000,74865000,17194,5000,5340726.0,6612.50205417
74865000,74870000,17195,5000,5341042.0,6612.13117236
74870000,74875000,17196,5000,5341357.0,6611.8040963
74875000,74880000,17197,5000,5341673.0,6611.02068629
74880000,74885000,17198,5000,5341988.0,6610.65656718
74885000,74890000,17199,5000,5342303.0,6610.38835563
74890000,74895000,17200,5000,5342619.0,6610.11176535
74895000,74900000,17201,5000,5342934.0,6610.25107264
74900000,74905000,17202,5000,5343250.0,6610.1528062
74905000,74910000,17203,5000,5343565.0,6610.0922311
74910000,74915000,17204,5000,5343881.0,6609.95392214
74915000,74920000,17205,5000,5344196.0,6609.85801985
74920000,74925000,17206,5000,5344512.0,6609.55737515
74925000,74930000,17207,5000,5344827.0,6609.6732977
74930000,74935000,17208,5000,5345142.0,6609.80733798
74935000,74940000,17209,5000,5345458.0,6609.92519653
74940000,74945000,17210,5000,5345773.0,6610.041006
74945000,74950000,17211,5000,5346088.0,6610.05486532
74950000,74955000,17212,5000,5346404.0,6610.12622739
74955000,74960000,17213,5000,5346719.0,6610.21103149
74960000,74965000,17214,5000,5347035.0,6610.16799749
74965000,74970000,17215,5000,5347350.0,6610.07823639
74970000,74975000,17216,5000,5347666.0,6609.76032831
74975000,74980000,17217,5000,5347981.0,6609.68616681
74980000,74985000,17218,5000,5348297.0,6609.67470343
74985000,74990000,17219,5000,5348612.0,6609.6475228
74990000,74995000,17220,5000,5348927.0,6609.62342619
74995000,75000000,17221,5000,5349243.0,6609.51327302
75000000,75005000,17222,5000,5349558.0,6609.64936098
75005000,75010000,17223,5000,5349857.0,6609.46353038
75010000,75015000,17224,5000,5350157.0,6609.44846117
75015000,75020000,17225,5000,5350456.0,6609.44645431
75020000,75025000,17226,5000,5350755.0,6609.48613617
75025000,75030000,17227,5000,5351054.0,6609.36319095
75030000,75035000,17228,5000,5351353.0,6609.37710753
75035000,75040000,17229,5000,5351653.0,6609.39197156
75040000,75045000,17230,5000,5351952.0,6609.32805009
75045000,75050000,17231,5000,5352251.0,6609.43480042
75050000,75055000,17232,5000,5352550.0,6609.53372168
75055000,75060000,17233,5000,5352849.0,6609.50407687
75060000,75065000,17234,5000,5353148.0,6609.17352539
75065000,75070000,17235,5000,5353448.0,6608.84034721
75070000,75075000,17236,5000,5353747.0,6609.00794846
75075000,75080000,17237,5000,5354046.0,6609.12945925
75080000,75085000,17238,5000,5354345.0,6609.16268257
75085000,75090000,17239,5000,5354644.0,6609.24330693
75090000,75095000,17240,5000,5354944.0,6609.24407427
75095000,75100000,17241,5000,5355243.0,6609.25916154
75100000,75105000,17242,5000,5355542.0,6609.38578129
75105000,75110000,17243,5000,5355841.0,6609.5255807
75110000,75115000,17244,5000,5356140.0,6609.62035537
75115000,75120000,17245,5000,5356439.0,6609.73363673
75120000,75125000,17246,5000,5356739.0,6609.84348603
75125000,75130000,17247,5000,5357038.0,6609.91825446
75130000,75135000,17248,5000,5357337.0,6610.08279391
75135000,75140000,17249,5000,5357636.0,6609.73256552
75140000,75145000,17250,5000,5357935.0,6609.9123358
75145000,75150000,17251,5000,5358235.0,6610.03964169
75150000,75155000,17252,5000,5358534.0,6610.19557202
75155000,75160000,17253,5000,5358833.0,6610.37198514
75160000,75165000,17254,5000,5359132.0,6610.4845324
75165000,75170000,17255,5000,5359431.0,6610.67518684
75170000,75175000,17256,5000,5359730.0,6610.39065454
75175000,75180000,17257,5000,5360030.0,6610.56243947
75180000,75185000,17258,5000,5360329.0,6610.68409698
75185000,75190000,17259,5000,5360628.0,6610.85707355
75190000,75195000,17260,5000,5360927.0,6611.06106213
75195000,75200000,17261,5000,5361226.0,6611.11065431
75200000,75205000,17262,5000,5361525.0,6611.1959886
75205000,75210000,17263,5000,5361825.0,6611.30089201
75210000,75215000,17264,5000,5362124.0,6611.40731579
75215000,75220000,17265,5000,5362423.0,6611.60131342
75220000,75225000,17266,5000,5362722.0,6611.80311773
75225000,75230000,17267,5000,5363021.0,6611.89170946
75230000,75235000,17268,5000,5363320.0,6611.95464825
75235000,75240000,17269,5000,5363620.0,6612.1298334
75240000,75245000,17270,5000,5363919.0,6612.29507877
75245000,75250000,17271,5000,5364218.0,6612.39874797
75250000,75255000,17272,5000,5364517.0,6612.44428704
75255000,75260000,17273,5000,5364817.0,6612.29827009
75260000,75265000,17274,5000,5365116.0,6612.40541932
75265000,75270000,17275,5000,5365415.0,6612.403333
75270000,75275000,17276,5000,5365714.0,6612.50593511
75275000,75280000,17277,5000,5366013.0,6612.56878869
75280000,75285000,17278,5000,5366312.0,6612.44479951
75285000,75290000,17279,5000,5366611.0,6612.37002925
75290000,75295000,17280,5000,5366911.0,6612.02125886
75295000,75300000,17281,5000,5367210.0,6611.99915885
75300000,75305000,17282,5000,5367509.0,6596.66799501
75305000,75310000,17283,5000,5367808.0,6595.16791883
75310000,75315000,17284,5000,5368107.0,6594.48422907
75315000,75320000,17285,5000,5368407.0,6593.79730294
75320000,75325000,17286,5000,5368706.0,6592.7061331
75325000,75330000,17287,5000,5369005.0,6591.60390781
75330000,75335000,17288,5000,5369304.0,6590.91260017
75335000,75340000,17289,5000,5369604.0,6590.16648109
75340000,75345000,17290,5000,5369903.0,6589.48033017
75345000,75350000,17291,5000,5370202.0,6587.17600225
75350000,75355000,17292,5000,5370501.0,6587.0999039
75355000,75360000,17293,5000,5370800.0,6586.30809193
75360000,75365000,17294,5000,5371100.0,6585.54746801
75365000,75370000,17295,5000,5371399.0,6584.86332287
75370000,75375000,17296,5000,5371698.0,6584.47262164
75375000,75380000,17297,5000,5371997.0,6584.09806954
75380000,75385000,17298,5000,5372296.0,6583.32305734
75385000,75390000,17299,5000,5372595.0,6582.85137763
75390000,75395000,17300,5000,5372895.0,6582.90148691
75395000,75400000,17301,5000,5373194.0,6582.99129656
75400000,75405000,17302,5000,5373493.0,6583.02113755
75405000,75410000,17303,5000,5373792.0,6583.21816318
75410000,75415000,17304,5000,5374091.0,6583.19007854
75415000,75420000,17305,5000,5374391.0,6583.09883432
75420000,75425000,17306,5000,5374690.0,6583.01937512
75425000,75430000,17307,5000,5374989.0,6582.64399554
75430000,75435000,17308,5000,5375288.0,6582.51325585
75435000,75440000,17309,5000,5375587.0,6582.43106821
75440000,75445000,17310,5000,5375886.0,6582.09240549
75445000,75450000,17311,5000,5376185.0,6582.06968367
75450000,75455000,17312,5000,5376485.0,6581.95474865
75455000,75460000,17313,5000,5376784.0,6581.8944752
75460000,75465000,17314,5000,5377083.0,6581.81603479
75465000,75470000,17315,5000,5377382.0,6581.68959077
75470000,75475000,17316,5000,5377681.0,6581.58188626
75475000,75480000,17317,5000,5377981.0,6581.69874902
75480000,75485000,17318,5000,5378280.0,6581.74204291
75485000,75490000,17319,5000,5378579.0,6581.80445839
75490000,75495000,17320,5000,5378878.0,6581.79966179
75495000,75500000,17321,5000,5379177.0,6581.6965759
75500000,75505000,17322,5000,5379476.0,6581.70288102
75505000,75510000,17323,5000,5379776.0,6581.6781201
75510000,75515000,17324,5000,5380075.0,6581.77695667
75515000,75520000,17325,5000,5380374.0,6581.74737128
75520000,75525000,17326,5000,5380673.0,6581.7895075
75525000,75530000,17327,5000,5380972.0,6581.89284125
75530000,75535000,17328,5000,5381272.0,6582.01317719
75535000,75540000,17329,5000,5381571.0,6582.15189153
75540000,75545000,17330,5000,5381870.0,6582.32352343
75545000,75550000,17331,5000,5382169.0,6582.26579537
75550000,75555000,17332,5000,5382468.0,6582.14926578
75555000,75560000,17333,5000,5382768.0,6582.0375318
75560000,75565000,17334,5000,5383067.0,6581.98009138
75565000,75570000,17335,5000,5383366.0,6582.1198229
75570000,75575000,17336,5000,5383665.0,6581.9960496
75575000,75580000,17337,5000,5383964.0,6582.10603961
75580000,75585000,17338,5000,5384264.0,6582.24810445
75585000,75590000,17339,5000,5384563.0,6582.37333228
75590000,75595000,17340,5000,5384862.0,6582.47895229
75595000,75600000,17341,5000,5385161.0,6582.19736588
75600000,75605000,17342,5000,5385460.0,6581.80785407
75605000,75610000,17343,5000,5385759.0,6581.52522003
75610000,75615000,17344,5000,5386059.0,6581.19444802
75615000,75620000,17345,5000,5386358.0,6581.31671151
75620000,75625000,17346,5000,5386657.0,6581.3999823
75625000,75630000,17347,5000,5386956.0,6581.47879063
75630000,75635000,17348,5000,5387255.0,6581.49461811
75635000,75640000,17349,5000,5387555.0,6581.51230002
75640000,75645000,17350,5000,5387854.0,6581.61771285
75645000,75650000,17351,5000,5388153.0,6581.69693766
75650000,75655000,17352,5000,5388452.0,6575.78897018
75655000,75660000,17353,5000,5388751.0,6535.89326818
75660000,75665000,17354,5000,5389051.0,6502.10852576
75665000,75670000,17355,5000,5389350.0,6500.66661964
75670000,75675000,17356,5000,5389649.0,6498.75161412
75675000,75680000,17357,5000,5389948.0,6497.30831724
75680000,75685000,17358,5000,5390247.0,6496.64639087
75685000,75690000,17359,5000,5390546.0,6496.38127782
75690000,75695000,17360,5000,5390846.0,6496.1148621
75695000,75700000,17361,5000,5391145.0,6496.22075846
75700000,75705000,17362,5000,5391444.0,6496.28695343
75705000,75710000,17363,5000,5391743.0,6496.1840778
75710000,75715000,17364,5000,5392042.0,6495.86184783
75715000,75720000,17365,5000,5392342.0,6494.76438627
75720000,75725000,17366,5000,5392641.0,6493.28295401
75725000,75730000,17367,5000,5392940.0,6492.22842404
75730000,75735000,17368,5000,5393239.0,6490.39665331
75735000,75740000,17369,5000,5393539.0,6488.89717887
75740000,75745000,17370,5000,5393838.0,6488.16280519
75745000,75750000,17371,5000,5394137.0,6486.64536988
75750000,75755000,17372,5000,5394436.0,6484.81846059
75755000,75760000,17373,5000,5394735.0,6484.54972268
75760000,75765000,17374,5000,5395035.0,6484.65964316
75765000,75770000,17375,5000,5395334.0,6482.69313699
75770000,75775000,17376,5000,5395633.0,6481.65028788
75775000,75780000,17377,5000,5395932.0,6480.99587068
75780000,75785000,17378,5000,5396231.0,6479.56789192
75785000,75790000,17379,5000,5396531.0,6478.45464208
75790000,75795000,17380,5000,5396830.0,6477.40582191
75795000,75800000,17381,5000,5397129.0,6476.36662161
75800000,75805000,17382,5000,5397428.0,6475.32442663
75805000,75810000,17383,5000,5397727.0,6459.1747573
75810000,75815000,17384,5000,5398027.0,6457.35996395
75815000,75820000,17385,5000,5398326.0,6455.93202827
75820000,75825000,17386,5000,5398625.0,6453.7414376
75825000,75830000,17387,5000,5398924.0,6452.65082363
75830000,75835000,17388,5000,5399223.0,6451.23237335
75835000,75840000,17389,5000,5399522.0,6449.43146999
75840000,75845000,17390,5000,5399822.0,6448.40403461
75845000,75850000,17391,5000,5400121.0,6448.39136119
75850000,75855000,17392,5000,5400420.0,6448.12855774
75855000,75860000,17393,5000,5400719.0,6447.48419799
75860000,75865000,17394,5000,5401018.0,6446.00160538
75865000,75870000,17395,5000,5401317.0,6445.35414264
75870000,75875000,17396,5000,5401617.0,6444.32030968
75875000,75880000,17397,5000,5401916.0,6443.67720145
75880000,75885000,17398,5000,5402215.0,6443.32527629
75885000,75890000,17399,5000,5402514.0,6442.67592402
75890000,75895000,17400,5000,5402814.0,6442.03494966
75895000,75900000,17401,5000,5403113.0,6441.3915208
75900000,75905000,17402,5000,5403412.0,6438.82801555
75905000,75910000,17403,5000,5403711.0,6437.79566797
75910000,75915000,17404,5000,5404010.0,6436.38168547
75915000,75920000,17405,5000,5404310.0,6436.12828033
75920000,75925000,17406,5000,5404609.0,6435.09897482
75925000,75930000,17407,5000,5404908.0,6434.45851512
75930000,75935000,17408,5000,5405207.0,6432.28098432
75935000,75940000,17409,5000,5405506.0,6431.15946817
75940000,75945000,17410,5000,5405806.0,6428.60439899
75945000,75950000,17411,5000,5406105.0,6427.58161248
75950000,75955000,17412,5000,5406404.0,6427.2677033
75955000,75960000,17413,5000,5406703.0,6426.56405032
75960000,75965000,17414,5000,5407002.0,6425.92552804
75965000,75970000,17415,5000,5407302.0,6425.28251918
75970000,75975000,17416,5000,5407601.0,6425.03276531
75975000,75980000,17417,5000,5407900.0,6424.31935818
75980000,75985000,17418,5000,5408199.0,6423.29945978
75985000,75990000,17419,5000,5408498.0,6423.29138233
75990000,75995000,17420,5000,5408797.0,6423.22816423
75995000,76000000,17421,5000,5409097.0,6423.15950614
76000000,76005000,17422,5000,5409396.0,6422.89455317
76005000,76010000,17423,5000,5409709.0,6422.85531699
76010000,76015000,17424,5000,5410022.0,6422.60803972
76015000,76020000,17425,5000,5410335.0,6421.98076809
76020000,76025000,17426,5000,5410648.0,6421.73579432
76025000,76030000,17427,5000,5410961.0,6421.48583832
76030000,76035000,17428,5000,5411274.0,6420.42298145
76035000,76040000,17429,5000,5411588.0,6419.41649639
76040000,76045000,17430,5000,5411901.0,6418.02736674
76045000,76050000,17431,5000,5412214.0,6417.40500385
76050000,76055000,17432,5000,5412527.0,6416.33202791
76055000,76060000,17433,5000,5412840.0,6415.23482492
76060000,76065000,17434,5000,5413153.0,6414.51657693
76065000,76070000,17435,5000,5413467.0,6414.63915142
76070000,76075000,17436,5000,5413780.0,6413.63611933
76075000,76080000,17437,5000,5414093.0,6413.81406445
76080000,76085000,17438,5000,5414406.0,6413.1916297
76085000,76090000,17439,5000,5414720.0,6412.94634565
76090000,76095000,17440,5000,5415033.0,6413.1506092
76095000,76100000,17441,5000,5415346.0,6413.26832242
76100000,76105000,17442,5000,5415659.0,6413.27086699
76105000,76110000,17443,5000,5415972.0,6413.48067949
76110000,76115000,17444,5000,5416285.0,6413.68941132
76115000,76120000,17445,5000,5416598.0,6413.80565188
76120000,76125000,17446,5000,5416911.0,6413.90080728
76125000,76130000,17447,5000,5417224.0,6414.08827974
76130000,76135000,17448,5000,5417537.0,6414.21045933
76135000,76140000,17449,5000,5417851.0,6414.30671826
76140000,76145000,17450,5000,5418164.0,6414.47905301
76145000,76150000,17451,5000,5418477.0,6414.57795135
76150000,76155000,17452,5000,5418790.0,6414.76275029
76155000,76160000,17453,5000,5419103.0,6414.94513056
76160000,76165000,17454,5000,5419416.0,6414.984034
76165000,76170000,17455,5000,5419729.0,6415.02463333
76170000,76175000,17456,5000,5420042.0,6414.68937291
76175000,76180000,17457,5000,5420355.0,6414.59922651
76180000,76185000,17458,5000,5420668.0,6414.33562594
76185000,76190000,17459,5000,5420982.0,6414.23283754
76190000,76195000,17460,5000,5421295.0,6414.34665867
76195000,76200000,17461,5000,5421608.0,6414.09373007
76200000,76205000,17462,5000,5421921.0,6414.30249906
76205000,76210000,17463,5000,5422234.0,6414.40836941
76210000,76215000,17464,5000,5422547.0,6414.50818139
76215000,76220000,17465,5000,5422860.0,6414.48987749
76220000,76225000,17466,5000,5423173.0,6414.49024887
76225000,76230000,17467,5000,5423486.0,6414.48392773
76230000,76235000,17468,5000,5423799.0,6409.5857062
76235000,76240000,17469,5000,5424112.0,6401.37793484
76240000,76245000,17470,5000,5424425.0,6400.32680464
76245000,76250000,17471,5000,5424738.0,6399.33063187
76250000,76255000,17472,5000,5425051.0,6398.30158893
76255000,76260000,17473,5000,5425364.0,6397.23246571
76260000,76265000,17474,5000,5425677.0,6396.61628342
76265000,76270000,17475,5000,5425990.0,6396.73763425
76270000,76275000,17476,5000,5426303.0,6396.72769809
76275000,76280000,17477,5000,5426617.0,6396.48719897
76280000,76285000,17478,5000,5426930.0,6396.13720948
76285000,76290000,17479,5000,5427243.0,6395.873901
76290000,76295000,17480,5000,5427556.0,6395.53329325
76295000,76300000,17481,5000,5427869.0,6395.23284575
76300000,76305000,17482,5000,5428183.0,6395.24502961
76305000,76310000,17483,5000,5428496.0,6394.53643501
76310000,76315000,17484,5000,5428809.0,6393.9047537
76315000,76320000,17485,5000,5429122.0,6393.6639492
76320000,76325000,17486,5000,5429435.0,6393.66570113
76325000,76330000,17487,5000,5429748.0,6393.82778841
76330000,76335000,17488,5000,5430061.0,6393.95249047
76335000,76340000,17489,5000,5430374.0,6393.99767419
76340000,76345000,17490,5000,5430688.0,6394.14338989
76345000,76350000,17491,5000,5431001.0,6394.2783188
76350000,76355000,17492,5000,5431314.0,6394.41373505
76355000,76360000,17493,5000,5431627.0,6394.53847998
76360000,76365000,17494,5000,5431940.0,6394.65911425
76365000,76370000,17495,5000,5432253.0,6394.78893204
76370000,76375000,17496,5000,5432566.0,6394.91772252
76375000,76380000,17497,5000,5432879.0,6394.82017702
76380000,76385000,17498,5000,5433192.0,6394.93540497
76385000,76390000,17499,5000,5433505.0,6395.05552105
76390000,76395000,17500,5000,5433818.0,6395.02407632
76395000,76400000,17501,5000,5434131.0,6395.11575956
76400000,76405000,17502,5000,5434445.0,6395.23952036
76405000,76410000,17503,5000,5434758.0,6395.28915647
76410000,76415000,17504,5000,5435071.0,6395.29122112
76415000,76420000,17505,5000,5435384.0,6395.22350015
76420000,76425000,17506,5000,5435697.0,6395.14451227
76425000,76430000,17507,5000,5436010.0,6394.52697748
76430000,76435000,17508,5000,5436323.0,6394.22956484
76435000,76440000,17509,5000,5436636.0,6394.2539264
76440000,76445000,17510,5000,5436949.0,6394.46569343
76445000,76450000,17511,5000,5437262.0,6394.54611225
76450000,76455000,17512,5000,5437576.0,6394.69347804
76455000,76460000,17513,5000,5437889.0,6394.84272716
76460000,76465000,17514,5000,5438202.0,6394.96876736
76465000,76470000,17515,5000,5438515.0,6395.0929083
76470000,76475000,17516,5000,5438828.0,6394.77358436
76475000,76480000,17517,5000,5439141.0,6394.44000123
76480000,76485000,17518,5000,5439454.0,6393.72945853
76485000,76490000,17519,5000,5439767.0,6393.4070917
76490000,76495000,17520,5000,5440081.0,6392.70876037
76495000,76500000,17521,5000,5440394.0,6392.83063332
76500000,76505000,17522,5000,5440707.0,6392.85164372
76505000,76510000,17523,5000,5441020.0,6392.91624787
76510000,76515000,17524,5000,5441333.0,6392.88169386
76515000,76520000,17525,5000,5441646.0,6392.64082009
76520000,76525000,17526,5000,5441959.0,6392.64303985
76525000,76530000,17527,5000,5442272.0,6392.59108055
76530000,76535000,17528,5000,5442585.0,6392.25750659
76535000,76540000,17529,5000,5442899.0,6392.22296484
76540000,76545000,17530,5000,5443212.0,6392.21448195
76545000,76550000,17531,5000,5443525.0,6392.37095202
76550000,76555000,17532,5000,5443838.0,6392.58072198
76555000,76560000,17533,5000,5444151.0,6392.69973569
76560000,76565000,17534,5000,5444464.0,6392.81484587
76565000,76570000,17535,5000,5444778.0,6392.92181152
76570000,76575000,17536,5000,5445091.0,6392.92165726
76575000,76580000,17537,5000,5445404.0,6392.58296187
76580000,76585000,17538,5000,5445717.0,6392.25854001
76585000,76590000,17539,5000,5446030.0,6391.99392079
76590000,76595000,17540,5000,5446343.0,6391.73208303
76595000,76600000,17541,5000,5446656.0,6391.82791029
76600000,76605000,17542,5000,5446969.0,6391.92148863
76605000,76610000,17543,5000,5447282.0,6392.10384299
76610000,76615000,17544,5000,5447596.0,6392.17587048
76615000,76620000,17545,5000,5447909.0,6392.31064334
76620000,76625000,17546,5000,5448222.0,6392.38077028
76625000,76630000,17547,5000,5448535.0,6392.4227048
76630000,76635000,17548,5000,5448848.0,6392.62983973
76635000,76640000,17549,5000,5449161.0,6392.67667906
76640000,76645000,17550,5000,5449474.0,6392.79770409
76645000,76650000,17551,5000,5449787.0,6392.90503296
76650000,76655000,17552,5000,5450100.0,6393.02232789
76655000,76660000,17553,5000,5450413.0,6393.05897937
76660000,76665000,17554,5000,5450727.0,6393.0572014
76665000,76670000,17555,5000,5451040.0,6390.86292512
76670000,76675000,17556,5000,5451353.0,6390.62451625
76675000,76680000,17557,5000,5451666.0,6390.56947128
76680000,76685000,17558,5000,5451979.0,6390.5142907
76685000,76690000,17559,5000,5452292.0,6390.51708934
76690000,76695000,17560,5000,5452605.0,6390.27699886
76695000,76700000,17561,5000,5452918.0,6390.40755767
76700000,76705000,17562,5000,5453231.0,6390.53276102
76705000,76710000,17563,5000,5453544.0,6390.5209195
76710000,76715000,17564,5000,5453857.0,6390.5024667
76715000,76720000,17565,5000,5454170.0,6390.44123308
76720000,76725000,17566,5000,5454484.0,6390.64785795
76725000,76730000,17567,5000,5454797.0,6390.7689402
76730000,76735000,17568,5000,5455110.0,6390.94794864
76735000,76740000,17569,5000,5455423.0,6391.12721613
76740000,76745000,17570,5000,5455736.0,6391.22689905
76745000,76750000,17571,5000,5456049.0,6391.33391902
76750000,76755000,17572,5000,5456362.0,6391.32456569
76755000,76760000,17573,5000,5456675.0,6391.31783179
76760000,76765000,17574,5000,5456988.0,6391.0760685
76765000,76770000,17575,5000,5457301.0,6390.75224415
76770000,76775000,17576,5000,5457614.0,6390.51458009
76775000,76780000,17577,5000,5457927.0,6390.27587461
76780000,76785000,17578,5000,5458240.0,6390.03856095
76785000,76790000,17579,5000,5458553.0,6390.02698518
76790000,76795000,17580,5000,5458867.0,6390.23691187
76795000,76800000,17581,5000,5459180.0,6390.35453774
76800000,76805000,17582,5000,5459493.0,6390.11230192
76805000,76810000,17583,5000,5459806.0,6390.11457554
76810000,76815000,17584,5000,5460119.0,6389.79519806
76815000,76820000,17585,5000,5460432.0,6389.47429728
76820000,76825000,17586,5000,5460746.0,6388.82873272
76825000,76830000,17587,5000,5461058.0,6388.58933612
76830000,76835000,17588,5000,5461371.0,6388.75853096
76835000,76840000,17589,5000,5461684.0,6388.89303198
76840000,76845000,17590,5000,5461997.0,6389.10299036
76845000,76850000,17591,5000,5462310.0,6389.15033776
76850000,76855000,17592,5000,5462624.0,6389.2728248
76855000,76860000,17593,5000,5462937.0,6389.48142819
76860000,76865000,17594,5000,5463250.0,6389.56367225
76865000,76870000,17595,5000,5463563.0,6389.66855895
76870000,76875000,17596,5000,5463876.0,6389.79096094
76875000,76880000,17597,5000,5464189.0,6389.71116895
76880000,76885000,17598,5000,5464502.0,6389.77623201
76885000,76890000,17599,5000,5464815.0,6389.80009947
76890000,76895000,17600,5000,5465128.0,6389.82483718
76895000,76900000,17601,5000,5465441.0,6389.72412957
76900000,76905000,17602,5000,5465754.0,6389.89310187
76905000,76910000,17603,5000,5466068.0,6389.96755638
76910000,76915000,17604,5000,5466381.0,6390.14831797
76915000,76920000,17605,5000,5466694.0,6390.26840553
76920000,76925000,17606,5000,5467007.0,6390.44790845
76925000,76930000,17607,5000,5467320.0,6390.43798429
76930000,76935000,17608,5000,5467633.0,6390.55810608
76935000,76940000,17609,5000,5467946.0,6390.59948607
76940000,76945000,17610,5000,5468259.0,6390.30365916
76945000,76950000,17611,5000,5468572.0,6390.30586491
76950000,76955000,17612,5000,5468885.0,6390.07698422
76955000,76960000,17613,5000,5469199.0,6390.07717575
76960000,76965000,17614,5000,5469511.0,6390.08284099
76965000,76970000,17615,5000,5469824.0,6390.08817877
76970000,76975000,17616,5000,5470137.0,6389.85600437
76975000,76980000,17617,5000,5470450.0,6389.62259759
76980000,76985000,17618,5000,5470763.0,6389.6298941
76985000,76990000,17619,5000,5471077.0,6389.81823603
76990000,76995000,17620,5000,5471390.0,6390.00392987
76995000,77000000,17621,5000,5471703.0,6390.18000158
77000000,77005000,17622,5000,5472016.0,6389.81163713
77005000,77010000,17623,5000,5472319.0,6389.19275212
77010000,77015000,17624,5000,5472623.0,6388.48892288
77015000,77020000,17625,5000,5472926.0,6388.46934229
77020000,77025000,17626,5000,5473229.0,6388.62508837
77025000,77030000,17627,5000,5473533.0,6388.73913058
77030000,77035000,17628,5000,5473836.0,6388.85353309
77035000,77040000,17629,5000,5474140.0,6388.96930216
77040000,77045000,17630,5000,5474443.0,6389.16026615
77045000,77050000,17631,5000,5474747.0,6389.328266
77050000,77055000,17632,5000,5475050.0,6389.49748905
77055000,77060000,17633,5000,5475354.0,6389.71132099
77060000,77065000,17634,5000,5475657.0,6389.78220142
77065000,77070000,17635,5000,5475961.0,6389.82101719
77070000,77075000,17636,5000,5476264.0,6389.7573095
77075000,77080000,17637,5000,5476568.0,6389.812786
77080000,77085000,17638,5000,5476871.0,6389.86754384
77085000,77090000,17639,5000,5477175.0,6379.1434726
77090000,77095000,17640,5000,5477478.0,6377.78109785
77095000,77100000,17641,5000,5477782.0,6377.10113973
77100000,77105000,17642,5000,5478085.0,6376.48408439
77105000,77110000,17643,5000,5478388.0,6375.86088665
77110000,77115000,17644,5000,5478692.0,6375.61372895
77115000,77120000,17645,5000,5478995.0,6375.27028473
77120000,77125000,17646,5000,5479299.0,6374.92146537
77125000,77130000,17647,5000,5479602.0,6374.2478701
77130000,77135000,17648,5000,5479905.0,6374.00350396
77135000,77140000,17649,5000,5480209.0,6373.33271089
77140000,77145000,17650,5000,5480512.0,6372.71503533
77145000,77150000,17651,5000,5480816.0,6372.84381317
77150000,77155000,17652,5000,5481119.0,6372.86378682
77155000,77160000,17653,5000,5481423.0,6373.02897527
77160000,77165000,17654,5000,5481726.0,6373.14748242
77165000,77170000,17655,5000,5482029.0,6373.33744518
77170000,77175000,17656,5000,5482333.0,6373.42719049
77175000,77180000,17657,5000,5482636.0,6373.5356671
77180000,77185000,17658,5000,5482940.0,6373.64818073
77185000,77190000,17659,5000,5483243.0,6373.75079734
77190000,77195000,17660,5000,5483547.0,6373.32664262
77195000,77200000,17661,5000,5483850.0,6372.99837033
77200000,77205000,17662,5000,5484154.0,6372.67079519
77205000,77210000,17663,5000,5484457.0,6371.99223019
77210000,77215000,17664,5000,5484761.0,6371.74107004
77215000,77220000,17665,5000,5485064.0,6371.92950796
77220000,77225000,17666,5000,5485368.0,6372.09790413
77225000,77230000,17667,5000,5485671.0,6372.16665402
77230000,77235000,17668,5000,5485975.0,6372.10986548
77235000,77240000,17669,5000,5486278.0,6372.03449491
77240000,77245000,17670,5000,5486581.0,6372.04195049
77245000,77250000,17671,5000,5486885.0,6372.15103099
77250000,77255000,17672,5000,5487188.0,6372.13937443
77255000,77260000,17673,5000,5487492.0,6372.20735955
77260000,77265000,17674,5000,5487795.0,6372.29065446
77265000,77270000,17675,5000,5488099.0,6372.32056532
77270000,77275000,17676,5000,5488402.0,6372.22808673
77275000,77280000,17677,5000,5488706.0,6372.24960663
77280000,77285000,17678,5000,5489009.0,6372.30159091
77285000,77290000,17679,5000,5489312.0,6372.33010275
77290000,77295000,17680,5000,5489616.0,6372.42498736
77295000,77300000,17681,5000,5489919.0,6372.60814322
77300000,77305000,17682,5000,5490222.0,6372.71840963
77305000,77310000,17683,5000,5490526.0,6372.80428152
77310000,77315000,17684,5000,5490829.0,6372.82746127
77315000,77320000,17685,5000,5491133.0,6372.88475516
77320000,77325000,17686,5000,5491436.0,6373.07967276
77325000,77330000,17687,5000,5491740.0,6373.23050463
77330000,77335000,17688,5000,5492043.0,6373.36654968
77335000,77340000,17689,5000,5492347.0,6373.54046088
77340000,77345000,17690,5000,5492650.0,6373.70995556
77345000,77350000,17691,5000,5492954.0,6373.73566275
77350000,77355000,17692,5000,5493257.0,6373.84901888
77355000,77360000,17693,5000,5493560.0,6373.9591134
77360000,77365000,17694,5000,5493864.0,6374.00610852
77365000,77370000,17695,5000,5494167.0,6374.1184885
77370000,77375000,17696,5000,5494471.0,6373.50808471
77375000,77380000,17697,5000,5494774.0,6373.26964464
77380000,77385000,17698,5000,5495078.0,6373.30261305
77385000,77390000,17699,5000,5495381.0,6373.41353884
77390000,77395000,17700,5000,5495684.0,6373.51179599
77395000,77400000,17701,5000,5495988.0,6373.6179597
77400000,77405000,17702,5000,5496291.0,6373.7526753
77405000,77410000,17703,5000,5496594.0,6373.90093133
77410000,77415000,17704,5000,5496898.0,6373.98059419
77415000,77420000,17705,5000,5497201.0,6374.14193518
77420000,77425000,17706,5000,5497505.0,6374.23907604
77425000,77430000,17707,5000,5497808.0,6374.37940806
77430000,77435000,17708,5000,5498112.0,6374.06761038
77435000,77440000,17709,5000,5498415.0,6373.80690462
77440000,77445000,17710,5000,5498719.0,6374.00486382
77445000,77450000,17711,5000,5499022.0,6374.09333736
77450000,77455000,17712,5000,5499325.0,6374.19799171
77455000,77460000,17713,5000,5499629.0,6374.11440895
77460000,77465000,17714,5000,5499932.0,6374.05121835
77465000,77470000,17715,5000,5500236.0,6374.04444068
77470000,77475000,17716,5000,5500539.0,6373.92823939
77475000,77480000,17717,5000,5500843.0,6373.73369543
77480000,77485000,17718,5000,5501146.0,6373.69553766
77485000,77490000,17719,5000,5501449.0,6373.59582335
77490000,77495000,17720,5000,5501753.0,6373.51926998
77495000,77500000,17721,5000,5502056.0,6373.44149461
77500000,77505000,17722,5000,5502360.0,6373.11670564
77505000,77510000,17723,5000,5502663.0,6372.79171439
77510000,77515000,17724,5000,5502966.0,6339.42405942
77515000,77520000,17725,5000,5503270.0,6297.46466862
77520000,77525000,17726,5000,5503573.0,6295.78360259
77525000,77530000,17727,5000,5503877.0,6294.47069627
77530000,77535000,17728,5000,5504180.0,6293.41149361
77535000,77540000,17729,5000,5504484.0,6292.71672765
77540000,77545000,17730,5000,5504787.0,6291.30237828
77545000,77550000,17731,5000,5505091.0,6289.90304118
77550000,77555000,17732,5000,5505394.0,6288.8524963
77555000,77560000,17733,5000,5505698.0,6288.61345363
77560000,77565000,17734,5000,5506001.0,6287.91971274
77565000,77570000,17735,5000,5506305.0,6286.17878949
77570000,77575000,17736,5000,5506608.0,6285.16325224
77575000,77580000,17737,5000,5506912.0,6283.84525061
77580000,77585000,17738,5000,5507215.0,6282.87804438
77585000,77590000,17739,5000,5507519.0,6281.92354668
77590000,77595000,17740,5000,5507822.0,6280.97537381
77595000,77600000,17741,5000,5508125.0,6279.92960528
77600000,77605000,17742,5000,5508429.0,6278.54050073
77605000,77610000,17743,5000,5508732.0,6276.47266662
77610000,77615000,17744,5000,5509036.0,6275.1560339
77615000,77620000,17745,5000,5509339.0,6274.55251698
77620000,77625000,17746,5000,5509643.0,6273.5821987
77625000,77630000,17747,5000,5509946.0,6272.99595001
77630000,77635000,17748,5000,5510250.0,6271.33675103
77635000,77640000,17749,5000,5510553.0,6253.30697068
77640000,77645000,17750,5000,5510856.0,6252.72626526
77645000,77650000,17751,5000,5511160.0,6251.00528189
77650000,77655000,17752,5000,5511464.0,6250.78004123
77655000,77660000,17753,5000,5511767.0,6249.76223806
77660000,77665000,17754,5000,5512070.0,6249.14103778
77665000,77670000,17755,5000,5512374.0,6249.18950706
77670000,77675000,17756,5000,5512677.0,6248.25089385
77675000,77680000,17757,5000,5512981.0,6247.31578721
77680000,77685000,17758,5000,5513284.0,6246.72894988
77685000,77690000,17759,5000,5513587.0,6245.69716722
77690000,77695000,17760,5000,5513891.0,6245.05763325
77695000,77700000,17761,5000,5514194.0,6244.9643608
77700000,77705000,17762,5000,5514498.0,6244.33618188
77705000,77710000,17763,5000,5514801.0,6244.10604259
77710000,77715000,17764,5000,5515104.0,6244.10726423
77715000,77720000,17765,5000,5515408.0,6243.88171096
77720000,77725000,17766,5000,5515711.0,6243.63512251
77725000,77730000,17767,5000,5516014.0,6243.36293596
77730000,77735000,17768,5000,5516318.0,6243.05816768
77735000,77740000,17769,5000,5516621.0,6242.80713194
77740000,77745000,17770,5000,5516924.0,6242.51164866
77745000,77750000,17771,5000,5517228.0,6242.2728633
77750000,77755000,17772,5000,5517531.0,6242.37227854
77755000,77760000,17773,5000,5517835.0,6242.50858941
77760000,77765000,17774,5000,5518138.0,6242.49914195
77765000,77770000,17775,5000,5518442.0,6242.67062549
77770000,77775000,17776,5000,5518745.0,6242.68964962
77775000,77780000,17777,5000,5519049.0,6242.80619686
77780000,77785000,17778,5000,5519352.0,6242.94725025
77785000,77790000,17779,5000,5519655.0,6243.06334771
77790000,77795000,17780,5000,5519959.0,6243.13828667
77795000,77800000,17781,5000,5520262.0,6243.22070909
77800000,77805000,17782,5000,5520566.0,6243.33431269
77805000,77810000,17783,5000,5520869.0,6243.43960416
77810000,77815000,17784,5000,5521173.0,6243.4701547
77815000,77820000,17785,5000,5521476.0,6243.55199913
77820000,77825000,17786,5000,5521780.0,6243.66032498
77825000,77830000,17787,5000,5522083.0,6243.65649474
77830000,77835000,17788,5000,5522386.0,6243.64674742
77835000,77840000,17789,5000,5522690.0,6243.59450219
77840000,77845000,17790,5000,5522993.0,6243.53664516
77845000,77850000,17791,5000,5523297.0,6243.53523531
77850000,77855000,17792,5000,5523600.0,6243.67009029
77855000,77860000,17793,5000,5523903.0,6243.66954852
77860000,77865000,17794,5000,5524207.0,6243.75629469
77865000,77870000,17795,5000,5524510.0,6243.86529682
77870000,77875000,17796,5000,5524814.0,6243.92656775
77875000,77880000,17797,5000,5525117.0,6244.08800547
77880000,77885000,17798,5000,5525420.0,6244.27496638
77885000,77890000,17799,5000,5525724.0,6244.411426
77890000,77895000,17800,5000,5526027.0,6244.55656504
77895000,77900000,17801,5000,5526331.0,6244.702978
77900000,77905000,17802,5000,5526634.0,6244.82263095
77905000,77910000,17803,5000,5526937.0,6244.99226972
77910000,77915000,17804,5000,5527241.0,6245.08943159
77915000,77920000,17805,5000,5527545.0,6245.25913672
77920000,77925000,17806,5000,5527848.0,6245.37317237
77925000,77930000,17807,5000,5528151.0,6245.38571739
77930000,77935000,17808,5000,5528455.0,6245.52398276
77935000,77940000,17809,5000,5528758.0,6245.57254113
77940000,77945000,17810,5000,5529062.0,6245.76932703
77945000,77950000,17811,5000,5529365.0,6245.9355047
77950000,77955000,17812,5000,5529669.0,6245.97768329
77955000,77960000,17813,5000,5529972.0,6246.17613303
77960000,77965000,17814,5000,5530275.0,6246.31441424
77965000,77970000,17815,5000,5530579.0,6246.46535636
77970000,77975000,17816,5000,5530882.0,6246.61756677
77975000,77980000,17817,5000,5531186.0,6246.73215204
77980000,77985000,17818,5000,5531489.0,6246.85072122
77985000,77990000,17819,5000,5531792.0,6246.98300328
77990000,77995000,17820,5000,5532096.0,6247.01792651
77995000,78000000,17821,5000,5532399.0,6247.10666736
78000000,78005000,17822,5000,5532703.0,6247.21599867
78005000,78010000,17823,5000,5533019.0,6247.22032658
78010000,78015000,17824,5000,5533335.0,6247.42466701
78015000,78020000,17825,5000,5533651.0,6247.59331453
78020000,78025000,17826,5000,5533966.0,6247.73066149
78025000,78030000,17827,5000,5534282.0,6247.93748367
78030000,78035000,17828,5000,5534598.0,6248.06349661
78035000,78040000,17829,5000,5534914.0,6248.20123655
78040000,78045000,17830,5000,5535230.0,6248.40105872
78045000,78050000,17831,5000,5535546.0,6248.46012859
78050000,78055000,17832,5000,5535862.0,6248.66860524
78055000,78060000,17833,5000,5536178.0,6248.82568138
78060000,78065000,17834,5000,5536494.0,6248.95515584
78065000,78070000,17835,5000,5536810.0,6249.0882682
78070000,78075000,17836,5000,5537126.0,6249.21637014
78075000,78080000,17837,5000,5537442.0,6249.31496073
78080000,78085000,17838,5000,5537758.0,6247.32225883
78085000,78090000,17839,5000,5538074.0,6247.10785503
78090000,78095000,17840,5000,5538390.0,6247.23242126
78095000,78100000,17841,5000,5538706.0,6247.33410433
78100000,78105000,17842,5000,5539022.0,6247.34601773
78105000,78110000,17843,5000,5539338.0,6247.45972808
78110000,78115000,17844,5000,5539653.0,6247.57216909
78115000,78120000,17845,5000,5539969.0,6247.68059212
78120000,78125000,17846,5000,5540285.0,6247.83811625
78125000,78130000,17847,5000,5540601.0,6247.88509797
78130000,78135000,17848,5000,5540917.0,6247.92922965
78135000,78140000,17849,5000,5541233.0,6248.07719969
78140000,78145000,17850,5000,5541548.0,6248.05225793
78145000,78150000,17851,5000,5541864.0,6247.81607241
78150000,78155000,17852,5000,5542180.0,6247.92177664
78155000,78160000,17853,5000,5542496.0,6247.99780823
78160000,78165000,17854,5000,5542812.0,6248.04373686
78165000,78170000,17855,5000,5543128.0,6248.13118396
78170000,78175000,17856,5000,5543443.0,6248.07685938
78175000,78180000,17857,5000,5543759.0,6248.22154362
78180000,78185000,17858,5000,5544075.0,6248.39220199
78185000,78190000,17859,5000,5544391.0,6248.32812869
78190000,78195000,17860,5000,5544707.0,6248.49576724
78195000,78200000,17861,5000,5545023.0,6248.53126317
78200000,78205000,17862,5000,5545339.0,6248.49596049
78205000,78210000,17863,5000,5545655.0,6248.44751757
78210000,78215000,17864,5000,5545971.0,6248.23091807
78215000,78220000,17865,5000,5546287.0,6248.40279562
78220000,78225000,17866,5000,5546603.0,6248.5125423
78225000,78230000,17867,5000,5546918.0,6248.60627281
78230000,78235000,17868,5000,5547234.0,6248.68814951
78235000,78240000,17869,5000,5547550.0,6248.76268556
78240000,78245000,17870,5000,5547866.0,6248.88991711
78245000,78250000,17871,5000,5548182.0,6249.03330099
78250000,78255000,17872,5000,5548498.0,6249.13968058
78255000,78260000,17873,5000,5548814.0,6249.3217125
78260000,78265000,17874,5000,5549130.0,6249.24978269
78265000,78270000,17875,5000,5549446.0,6249.18589261
78270000,78275000,17876,5000,5549762.0,6249.30164661
78275000,78280000,17877,5000,5550078.0,6249.48558684
78280000,78285000,17878,5000,5550393.0,6249.43697242
78285000,78290000,17879,5000,5550709.0,6249.55807001
78290000,78295000,17880,5000,5551025.0,6249.67797582
78295000,78300000,17881,5000,5551341.0,6249.79697341
78300000,78305000,17882,5000,5551657.0,6249.79690782
78305000,78310000,17883,5000,5551973.0,6249.88064058
78310000,78315000,17884,5000,5552289.0,6250.00741547
78315000,78320000,17885,5000,5552605.0,6250.05360758
78320000,78325000,17886,5000,5552921.0,6250.07975227
78325000,78330000,17887,5000,5553236.0,6250.12514098
78330000,78335000,17888,5000,5553552.0,6250.15504257
78335000,78340000,17889,5000,5553868.0,6250.17720511
78340000,78345000,17890,5000,5554184.0,6250.0847847
78345000,78350000,17891,5000,5554500.0,6250.10101082
78350000,78355000,17892,5000,5554816.0,6250.12206734
78355000,78360000,17893,5000,5555132.0,6250.16295903
78360000,78365000,17894,5000,5555448.0,6250.35459978
78365000,78370000,17895,5000,5555764.0,6250.49317961
78370000,78375000,17896,5000,5556080.0,6250.59253865
78375000,78380000,17897,5000,5556396.0,6250.78369762
78380000,78385000,17898,5000,5556711.0,6250.70592028
78385000,78390000,17899,5000,5557027.0,6250.71291062
78390000,78395000,17900,5000,5557343.0,6250.62392088
78395000,78400000,17901,5000,5557659.0,6250.79169577
78400000,78405000,17902,5000,5557975.0,6250.93879857
78405000,78410000,17903,5000,5558291.0,6251.07710359
78410000,78415000,17904,5000,5558607.0,6251.25550694
78415000,78420000,17905,5000,5558923.0,6251.37488072
78420000,78425000,17906,5000,5559239.0,6251.55411365
78425000,78430000,17907,5000,5559555.0,6251.50200581
78430000,78435000,17908,5000,5559870.0,6251.71409647
78435000,78440000,17909,5000,5560186.0,6251.80343323
78440000,78445000,17910,5000,5560502.0,6252.01243093
78445000,78450000,17911,5000,5560818.0,6252.19685738
78450000,78455000,17912,5000,5561134.0,6252.28165369
78455000,78460000,17913,5000,5561450.0,6252.40560134
78460000,78465000,17914,5000,5561766.0,6252.5887252
78465000,78470000,17915,5000,5562082.0,6252.7356381
78470000,78475000,17916,5000,5562398.0,6252.90442973
78475000,78480000,17917,5000,5562714.0,6253.04783705
78480000,78485000,17918,5000,5563029.0,6253.24316472
78485000,78490000,17919,5000,5563345.0,6253.41206026
78490000,78495000,17920,5000,5563661.0,6253.49999282
78495000,78500000,17921,5000,5563977.0,6253.67619343
78500000,78505000,17922,5000,5564293.0,6253.79644081
78505000,78510000,17923,5000,5564609.0,6253.8612793
78510000,78515000,17924,5000,5564925.0,6253.90159192
78515000,78520000,17925,5000,5565241.0,6254.015258
78520000,78525000,17926,5000,5565557.0,6254.06808062
78525000,78530000,17927,5000,5565873.0,6254.19032578
78530000,78535000,17928,5000,5566189.0,6254.30735946
78535000,78540000,17929,5000,5566505.0,6254.43361264
78540000,78545000,17930,5000,5566821.0,6254.44186328
78545000,78550000,17931,5000,5567136.0,6254.45180066
78550000,78555000,17932,5000,5567452.0,6254.42943549
78555000,78560000,17933,5000,5567768.0,6254.44039021
78560000,78565000,17934,5000,5568084.0,6254.44971396
78565000,78570000,17935,5000,5568400.0,6254.45950732
78570000,78575000,17936,5000,5568716.0,6254.59786748
78575000,78580000,17937,5000,5569032.0,6254.77407514
78580000,78585000,17938,5000,5569348.0,6254.95162101
78585000,78590000,17939,5000,5569664.0,6255.16423402
78590000,78595000,17940,5000,5569980.0,6255.17331805
78595000,78600000,17941,5000,5570295.0,6255.08920013
78600000,78605000,17942,5000,5570611.0,6255.07099334
78605000,78610000,17943,5000,5570927.0,6255.00493973
78610000,78615000,17944,5000,5571243.0,6255.01672764
78615000,78620000,17945,5000,5571559.0,6255.16939272
78620000,78625000,17946,5000,5571875.0,6255.18001201
78625000,78630000,17947,5000,5572191.0,6255.11384771
78630000,78635000,17948,5000,5572507.0,6255.12271272
78635000,78640000,17949,5000,5572823.0,6255.29867307
78640000,78645000,17950,5000,5573139.0,6255.31049164
78645000,78650000,17951,5000,5573455.0,6255.32231394
78650000,78655000,17952,5000,5573770.0,6255.32891364
78655000,78660000,17953,5000,5574086.0,6255.29853916
78660000,78665000,17954,5000,5574402.0,6255.50677613
78665000,78670000,17955,5000,5574718.0,6255.69260465
78670000,78675000,17956,5000,5575034.0,6255.79016186
78675000,78680000,17957,5000,5575350.0,6255.97337931
78680000,78685000,17958,5000,5575666.0,6256.15785701
78685000,78690000,17959,5000,5575982.0,6256.34175564
78690000,78695000,17960,5000,5576297.0,6244.55733626
78695000,78700000,17961,5000,5576613.0,6243.29642351
78700000,78705000,17962,5000,5576929.0,6242.73265076
78705000,78710000,17963,5000,5577245.0,6242.52000209
78710000,78715000,17964,5000,5577561.0,6242.4625753
78715000,78720000,17965,5000,5577877.0,6242.40787437
78720000,78725000,17966,5000,5578193.0,6242.19349372
78725000,78730000,17967,5000,5578509.0,6242.20414712
78730000,78735000,17968,5000,5578825.0,6242.14210616
78735000,78740000,17969,5000,5579140.0,6242.08362514
78740000,78745000,17970,5000,5579456.0,6241.820537
78745000,78750000,17971,5000,5579772.0,6241.82391959
78750000,78755000,17972,5000,5580088.0,6241.78475867
78755000,78760000,17973,5000,5580404.0,6241.73270774
78760000,78765000,17974,5000,5580720.0,6241.85275708
78765000,78770000,17975,5000,5581036.0,6241.96979311
78770000,78775000,17976,5000,5581352.0,6242.0733619
78775000,78780000,17977,5000,5581668.0,6242.19251918
78780000,78785000,17978,5000,5581984.0,6242.25900321
78785000,78790000,17979,5000,5582299.0,6242.37636795
78790000,78795000,17980,5000,5582615.0,6242.42314695
78795000,78800000,17981,5000,5582931.0,6242.53073141
78800000,78805000,17982,5000,5583247.0,6242.62887674
78805000,78810000,17983,5000,5583563.0,6242.68012528
78810000,78815000,17984,5000,5583879.0,6242.628943
78815000,78820000,17985,5000,5584195.0,6242.68038041
78820000,78825000,17986,5000,5584511.0,6242.79867718
78825000,78830000,17987,5000,5584827.0,6242.91141455
78830000,78835000,17988,5000,5585143.0,6243.11527645
78835000,78840000,17989,5000,5585458.0,6243.2441221
78840000,78845000,17990,5000,5585774.0,6243.36001404
78845000,78850000,17991,5000,5586090.0,6243.39329864
78850000,78855000,17992,5000,5586406.0,6243.51131736
78855000,78860000,17993,5000,5586722.0,6243.55189607
78860000,78865000,17994,5000,5587038.0,6243.70727555
78865000,78870000,17995,5000,5587354.0,6243.85416266
78870000,78875000,17996,5000,5587670.0,6243.97140577
78875000,78880000,17997,5000,5587985.0,6244.09196748
78880000,78885000,17998,5000,5588301.0,6244.04379166
78885000,78890000,17999,5000,5588617.0,6243.7584963
78890000,78895000,18000,5000,5588933.0,6243.46022888
78895000,78900000,18001,5000,5589249.0,6242.4656286
78900000,78905000,18002,5000,5589565.0,6242.20403783
78905000,78910000,18003,5000,5589880.0,6242.20348596
78910000,78915000,18004,5000,5590196.0,6242.14230244
78915000,78920000,18005,5000,5590512.0,6242.09730352
78920000,78925000,18006,5000,5590828.0,6242.02489455
78925000,78930000,18007,5000,5591144.0,6241.78602858
78930000,78935000,18008,5000,5591460.0,6241.79596793
78935000,78940000,18009,5000,5591776.0,6241.72084279
78940000,78945000,18010,5000,5592092.0,6241.71885172
78945000,78950000,18011,5000,5592408.0,6241.92132382
78950000,78955000,18012,5000,5592724.0,6242.12848859
78955000,78960000,18013,5000,5593040.0,6242.32920543
78960000,78965000,18014,5000,5593356.0,6242.4187222
78965000,78970000,18015,5000,5593672.0,6242.59653307
78970000,78975000,18016,5000,5593988.0,6242.78969676
78975000,78980000,18017,5000,5594304.0,6242.82447009
78980000,78985000,18018,5000,5594620.0,6242.93484377
78985000,78990000,18019,5000,5594936.0,6242.97015633
78990000,78995000,18020,5000,5595252.0,6243.08695839
78995000,79000000,18021,5000,5595568.0,6243.2002341
79000000,79005000,18022,5000,5595884.0,6243.33398643
79005000,79010000,18023,5000,5596196.0,6243.49341406
79010000,79015000,18024,5000,5596508.0,6243.61084396
79015000,79020000,18025,5000,5596820.0,6243.77136021
79020000,79025000,18026,5000,5597132.0,6243.9087151
79025000,79030000,18027,5000,5597444.0,6244.03995113
79030000,79035000,18028,5000,5597757.0,6244.20002802
79035000,79040000,18029,5000,5598069.0,6244.3190431
79040000,79045000,18030,5000,5598381.0,6244.49910523
79045000,79050000,18031,5000,5598693.0,6244.51023434
79050000,79055000,18032,5000,5599006.0,6244.72652283
79055000,79060000,18033,5000,5599318.0,6244.89759852
79060000,79065000,18034,5000,5599630.0,6245.0341383
79065000,79070000,18035,5000,5599942.0,6245.20805742
79070000,79075000,18036,5000,5600254.0,6245.30855174
79075000,79080000,18037,5000,5600567.0,6245.43199177
79080000,79085000,18038,5000,5600879.0,6245.52855595
79085000,79090000,18039,5000,5601191.0,6245.57712731
79090000,79095000,18040,5000,5601503.0,6245.71100321
79095000,79100000,18041,5000,5601815.0,6245.86862434
79100000,79105000,18042,5000,5602128.0,6245.98732877
79105000,79110000,18043,5000,5602440.0,6246.08119751
79110000,79115000,18044,5000,5602752.0,6246.159079
79115000,79120000,18045,5000,5603064.0,6246.25776567
79120000,79125000,18046,5000,5603376.0,6246.37865717
79125000,79130000,18047,5000,5603689.0,6246.55774501
79130000,79135000,18048,5000,5604001.0,6246.7329094
79135000,79140000,18049,5000,5604313.0,6246.84660754
79140000,79145000,18050,5000,5604625.0,6246.96661213
79145000,79150000,18051,5000,5604938.0,6246.96899546
79150000,79155000,18052,5000,5605250.0,6247.01530264
79155000,79160000,18053,5000,5605562.0,6247.0625382
79160000,79165000,18054,5000,5605874.0,6247.18906538
79165000,79170000,18055,5000,5606186.0,6247.32544622
79170000,79175000,18056,5000,5606498.0,6247.44859093
79175000,79180000,18057,5000,5606811.0,6247.57076138
79180000,79185000,18058,5000,5607123.0,6247.69453568
79185000,79190000,18059,5000,5607435.0,6247.67498498
79190000,79195000,18060,5000,5607747.0,6247.60787473
79195000,79200000,18061,5000,5608059.0,6247.7186407
79200000,79205000,18062,5000,5608371.0,6247.83140288
79205000,79210000,18063,5000,5608684.0,6247.93802393
79210000,79215000,18064,5000,5608996.0,6248.04070518
79215000,79220000,18065,5000,5609308.0,6248.12887421
79220000,79225000,18066,5000,5609620.0,6248.22520621
79225000,79230000,18067,5000,5609932.0,6248.35126087
79230000,79235000,18068,5000,5610245.0,6248.55646326
79235000,79240000,18069,5000,5610557.0,6248.68485163
79240000,79245000,18070,5000,5610869.0,6248.81400918
79245000,79250000,18071,5000,5611181.0,6248.60376337
79250000,79255000,18072,5000,5611493.0,6247.69813872
79255000,79260000,18073,5000,5611805.0,6247.81505462
79260000,79265000,18074,5000,5612118.0,6247.85036421
79265000,79270000,18075,5000,5612430.0,6247.97248802
79270000,79275000,18076,5000,5612742.0,6247.96719597
79275000,79280000,18077,5000,5613054.0,6248.15728932
79280000,79285000,18078,5000,5613366.0,6248.21635508
79285000,79290000,18079,5000,5613679.0,6248.39694261
79290000,79295000,18080,5000,5613991.0,6248.51644172
79295000,79300000,18081,5000,5614303.0,6248.69705747
79300000,79305000,18082,5000,5614615.0,6248.84657672
79305000,79310000,18083,5000,5614927.0,6249.03426002
79310000,79315000,18084,5000,5615240.0,6249.15219968
79315000,79320000,18085,5000,5615552.0,6249.24399576
79320000,79325000,18086,5000,5615864.0,6249.33531181
79325000,79330000,18087,5000,5616176.0,6249.45368373
79330000,79335000,18088,5000,5616488.0,6249.54661885
79335000,79340000,18089,5000,5616801.0,6249.65122662
79340000,79345000,18090,5000,5617113.0,6249.71739497
79345000,79350000,18091,5000,5617425.0,6249.87297885
79350000,79355000,18092,5000,5617737.0,6249.97608797
79355000,79360000,18093,5000,5618050.0,6250.14146409
79360000,79365000,18094,5000,5618362.0,6250.24653009
79365000,79370000,18095,5000,5618674.0,6250.39853039
79370000,79375000,18096,5000,5618986.0,6250.46026306
79375000,79380000,18097,5000,5619298.0,6250.47492836
79380000,79385000,18098,5000,5619611.0,6250.60869804
79385000,79390000,18099,5000,5619923.0,6250.7880753
79390000,79395000,18100,5000,5620235.0,6250.8150617
79395000,79400000,18101,5000,5620547.0,6250.8581723
79400000,79405000,18102,5000,5620859.0,6250.92832233
79405000,79410000,18103,5000,5621172.0,6250.92309777
79410000,79415000,18104,5000,5621484.0,6250.88431058
79415000,79420000,18105,5000,5621796.0,6250.94256808
79420000,79425000,18106,5000,5622108.0,6251.0368235
79425000,79430000,18107,5000,5622421.0,6251.12633874
79430000,79435000,18108,5000,5622733.0,6251.0479394
79435000,79440000,18109,5000,5623045.0,6251.1398618
79440000,79445000,18110,5000,5623357.0,6251.19664236
79445000,79450000,18111,5000,5623669.0,6251.31717962
79450000,79455000,18112,5000,5623982.0,6251.52130526
79455000,79460000,18113,5000,5624294.0,6251.63085257
79460000,79465000,18114,5000,5624606.0,6251.77070975
79465000,79470000,18115,5000,5624918.0,6251.97691833
79470000,79475000,18116,5000,5625230.0,6252.09281649
79475000,79480000,18117,5000,5625543.0,6252.27316355
79480000,79485000,18118,5000,5625855.0,6252.46812856
79485000,79490000,18119,5000,5626167.0,6252.59378956
79490000,79495000,18120,5000,5626479.0,6252.77143898
79495000,79500000,18121,5000,5626791.0,6252.92068606
79500000,79505000,18122,5000,5627104.0,6253.05813763
79505000,79510000,18123,5000,5627416.0,6253.20175809
79510000,79515000,18124,5000,5627728.0,6253.35508385
79515000,79520000,18125,5000,5628040.0,6253.50787995
79520000,79525000,18126,5000,5628352.0,6253.66567459
79525000,79530000,18127,5000,5628664.0,6253.77061855
79530000,79535000,18128,5000,5628977.0,6253.8431052
79535000,79540000,18129,5000,5629289.0,6253.87696337
79540000,79545000,18130,5000,5629601.0,6253.98188525
79545000,79550000,18131,5000,5629913.0,6254.10810707
79550000,79555000,18132,5000,5630226.0,6254.2350333
79555000,79560000,18133,5000,5630538.0,6254.32941868
79560000,79565000,18134,5000,5630850.0,6254.48617359
79565000,79570000,18135,5000,5631162.0,6254.54878779
79570000,79575000,18136,5000,5631474.0,6254.63578594
79575000,79580000,18137,5000,5631787.0,6254.77002597
79580000,79585000,18138,5000,5632099.0,6254.90615555
79585000,79590000,18139,5000,5632411.0,6255.03517597
79590000,79595000,18140,5000,5632723.0,6255.15986653
79595000,79600000,18141,5000,5633035.0,6255.2877843
79600000,79605000,18142,5000,5633347.0,6255.36346026
79605000,79610000,18143,5000,5633659.0,6255.54410973
79610000,79615000,18144,5000,5633971.0,6255.70839922
79615000,79620000,18145,5000,5634284.0,6255.74014955
79620000,79625000,18146,5000,5634596.0,6255.90375952
79625000,79630000,18147,5000,5634908.0,6255.97517929
79630000,79635000,18148,5000,5635220.0,6255.90982826
79635000,79640000,18149,5000,5635532.0,6255.93925191
79640000,79645000,18150,5000,5635844.0,6256.0605397
79645000,79650000,18151,5000,5636157.0,6256.16690184
79650000,79655000,18152,5000,5636469.0,6256.36955323
79655000,79660000,18153,5000,5636781.0,6256.46310641
79660000,79665000,18154,5000,5637093.0,6256.4597065
79665000,79670000,18155,5000,5637405.0,6256.58634742
79670000,79675000,18156,5000,5637718.0,6256.71620166
79675000,79680000,18157,5000,5638030.0,6256.82139631
79680000,79685000,18158,5000,5638342.0,6257.02845138
79685000,79690000,18159,5000,5638654.0,6257.20734225
79690000,79695000,18160,5000,5638966.0,6257.32384035
79695000,79700000,18161,5000,5639279.0,6257.43036638
79700000,79705000,18162,5000,5639591.0,6257.53711385
79705000,79710000,18163,5000,5639903.0,6255.14407834
79710000,79715000,18164,5000,5640215.0,6255.24611052
79715000,79720000,18165,5000,5640527.0,6255.42572268
79720000,79725000,18166,5000,5640840.0,6255.47993901
79725000,79730000,18167,5000,5641152.0,6255.63031183
79730000,79735000,18168,5000,5641464.0,6255.73694457
79735000,79740000,18169,5000,5641776.0,6255.82776004
79740000,79745000,18170,5000,5642088.0,6255.83996408
79745000,79750000,18171,5000,5642401.0,6255.79817734
79750000,79755000,18172,5000,5642713.0,6255.84793076
79755000,79760000,18173,5000,5643025.0,6255.86863401
79760000,79765000,18174,5000,5643337.0,6255.94067575
79765000,79770000,18175,5000,5643650.0,6256.08216995
79770000,79775000,18176,5000,5643962.0,6256.24911513
79775000,79780000,18177,5000,5644274.0,6256.38059832
79780000,79785000,18178,5000,5644586.0,6256.49209312
79785000,79790000,18179,5000,5644898.0,6256.62811518
79790000,79795000,18180,5000,5645211.0,6256.73699109
79795000,79800000,18181,5000,5645523.0,6256.87418723
79800000,79805000,18182,5000,5645835.0,6256.98313141
79805000,79810000,18183,5000,5646147.0,6257.19014504
79810000,79815000,18184,5000,5646459.0,6256.98502081
79815000,79820000,18185,5000,5646771.0,6257.19454909
79820000,79825000,18186,5000,5647084.0,6257.38079124
79825000,79830000,18187,5000,5647396.0,6256.82733227
79830000,79835000,18188,5000,5647708.0,6256.57655239
79835000,79840000,18189,5000,5648020.0,6256.58749229
79840000,79845000,18190,5000,5648332.0,6256.70995694
79845000,79850000,18191,5000,5648644.0,6256.80566785
79850000,79855000,18192,5000,5648956.0,6256.79135589
79855000,79860000,18193,5000,5649269.0,6256.90798172
79860000,79865000,18194,5000,5649581.0,6256.97787984
79865000,79870000,18195,5000,5649893.0,6257.12682293
79870000,79875000,18196,5000,5650205.0,6257.28040744
79875000,79880000,18197,5000,5650518.0,6257.45858168
79880000,79885000,18198,5000,5650830.0,6257.48976611
79885000,79890000,18199,5000,5651142.0,6257.61657621
79890000,79895000,18200,5000,5651454.0,6253.88552752
79895000,79900000,18201,5000,5651766.0,6253.62499481
79900000,79905000,18202,5000,5652078.0,6253.77408726
79905000,79910000,18203,5000,5652391.0,6253.89528949
79910000,79915000,18204,5000,5652703.0,6254.10300598
79915000,79920000,18205,5000,5653015.0,6254.28488161
79920000,79925000,18206,5000,5653327.0,6254.44050208
79925000,79930000,18207,5000,5653640.0,6254.61512059
79930000,79935000,18208,5000,5653952.0,6254.79495327
79935000,79940000,18209,5000,5654264.0,6254.92567731
79940000,79945000,18210,5000,5654576.0,6255.10719997
79945000,79950000,18211,5000,5654888.0,6255.14303617
79950000,79955000,18212,5000,5655200.0,6255.22127304
79955000,79960000,18213,5000,5655513.0,6255.2268375
79960000,79965000,18214,5000,5655825.0,6255.43333259
79965000,79970000,18215,5000,5656137.0,6255.61327089
79970000,79975000,18216,5000,5656449.0,6255.77040324
79975000,79980000,18217,5000,5656761.0,6255.95063425
79980000,79985000,18218,5000,5657073.0,6256.06918378
79985000,79990000,18219,5000,5657386.0,6256.10433935
79990000,79995000,18220,5000,5657698.0,6256.14350194
79995000,80000000,18221,5000,5658010.0,6256.23088611
80000000,80005000,18222,5000,5658322.0,6256.28923618
80005000,80010000,18223,5000,5658626.0,6256.30919909
80010000,80015000,18224,5000,5658929.0,6256.33293079
80015000,80020000,18225,5000,5659233.0,6256.43736316
80020000,80025000,18226,5000,5659536.0,6256.57728267
80025000,80030000,18227,5000,5659840.0,6256.70166683
80030000,80035000,18228,5000,5660143.0,6256.86231196
80035000,80040000,18229,5000,5660446.0,6256.94503639
80040000,80045000,18230,5000,5660750.0,6256.96743577
80045000,80050000,18231,5000,5661053.0,6257.16266335
80050000,80055000,18232,5000,5661356.0,6257.32682811
80055000,80060000,18233,5000,5661660.0,6257.49188303
80060000,80065000,18234,5000,5661963.0,6257.58377223
80065000,80070000,18235,5000,5662267.0,6257.63041775
80070000,80075000,18236,5000,5662570.0,6257.78270678
80075000,80080000,18237,5000,5662874.0,6257.89521546
80080000,80085000,18238,5000,5663177.0,6258.04097428
80085000,80090000,18239,5000,5663480.0,6258.1154828
80090000,80095000,18240,5000,5663784.0,6258.30599716
80095000,80100000,18241,5000,5664087.0,6258.37204699
80100000,80105000,18242,5000,5664390.0,6258.4682741
80105000,80110000,18243,5000,5664694.0,6258.42447911
80110000,80115000,18244,5000,5664997.0,6258.34156607
80115000,80120000,18245,5000,5665301.0,6258.43286665
80120000,80125000,18246,5000,5665604.0,6258.56303039
80125000,80130000,18247,5000,5665907.0,6258.66910726
80130000,80135000,18248,5000,5666211.0,6258.77930716
80135000,80140000,18249,5000,5666514.0,6257.42148495
80140000,80145000,18250,5000,5666817.0,6256.8503597
80145000,80150000,18251,5000,5667121.0,6256.19625065
80150000,80155000,18252,5000,5667424.0,6255.97624211
80155000,80160000,18253,5000,5667728.0,6255.41161768
80160000,80165000,18254,5000,5668031.0,6255.12157477
80165000,80170000,18255,5000,5668335.0,6255.12383913
80170000,80175000,18256,5000,5668638.0,6254.90195516
80175000,80180000,18257,5000,5668942.0,6255.09217755
80180000,80185000,18258,5000,5669245.0,6255.28111332
80185000,80190000,18259,5000,5669548.0,6255.38765519
80190000,80195000,18260,5000,5669852.0,6255.09318036
80195000,80200000,18261,5000,5670155.0,6255.19479357
80200000,80205000,18262,5000,5670458.0,6255.26948723
80205000,80210000,18263,5000,5670762.0,6255.04846035
80210000,80215000,18264,5000,5671065.0,6255.00754849
80215000,80220000,18265,5000,5671368.0,6254.7777072
80220000,80225000,18266,5000,5671672.0,6254.53949042
80225000,80230000,18267,5000,5671975.0,6254.63860779
80230000,80235000,18268,5000,5672279.0,6254.57564674
80235000,80240000,18269,5000,5672582.0,6254.68658643
80240000,80245000,18270,5000,5672886.0,6254.4128374
80245000,80250000,18271,5000,5673189.0,6254.57613978
80250000,80255000,18272,5000,5673492.0,6254.50156521
80255000,80260000,18273,5000,5673796.0,6254.22772182
80260000,80265000,18274,5000,5674099.0,6254.20849103
80265000,80270000,18275,5000,5674402.0,6253.97284942
80270000,80275000,18276,5000,5674706.0,6253.96872868
80275000,80280000,18277,5000,5675009.0,6253.95009478
80280000,80285000,18278,5000,5675312.0,6253.94248802
80285000,80290000,18279,5000,5675616.0,6253.86673617
80290000,80295000,18280,5000,5675919.0,6253.9606438
80295000,80300000,18281,5000,5676223.0,6253.88451258
80300000,80305000,18282,5000,5676526.0,6253.92306288
80305000,80310000,18283,5000,5676829.0,6254.10934135
80310000,80315000,18284,5000,5677133.0,6254.11030542
80315000,80320000,18285,5000,5677436.0,6254.25955483
80320000,80325000,18286,5000,5677740.0,6254.42608014
80325000,80330000,18287,5000,5678043.0,6254.57624811
80330000,80335000,18288,5000,5678347.0,6254.67606422
80335000,80340000,18289,5000,5678650.0,6254.86159938
80340000,80345000,18290,5000,5678954.0,6255.04091103
80345000,80350000,18291,5000,5679257.0,6255.23017532
80350000,80355000,18292,5000,5679561.0,6255.33558508
80355000,80360000,18293,5000,5679864.0,6255.47159695
80360000,80365000,18294,5000,5680167.0,6255.58210471
80365000,80370000,18295,5000,5680471.0,6255.63840483
80370000,80375000,18296,5000,5680774.0,6255.62952704
80375000,80380000,18297,5000,5681078.0,6255.5640352
80380000,80385000,18298,5000,5681381.0,6255.28251029
80385000,80390000,18299,5000,5681684.0,6255.46696476
80390000,80395000,18300,5000,5681988.0,6255.55669134
80395000,80400000,18301,5000,5682291.0,6255.64322306
80400000,80405000,18302,5000,5682595.0,6255.69301942
80405000,80410000,18303,5000,5682898.0,6255.79310502
80410000,80415000,18304,5000,5683201.0,6255.89264464
80415000,80420000,18305,5000,5683505.0,6255.92130578
80420000,80425000,18306,5000,5683808.0,6255.54369486
80425000,80430000,18307,5000,5684111.0,6255.53926752
80430000,80435000,18308,5000,5684415.0,6255.31571665
80435000,80440000,18309,5000,5684718.0,6243.40089416
80440000,80445000,18310,5000,5685021.0,6233.16533556
80445000,80450000,18311,5000,5685324.0,6195.23638728
80450000,80455000,18312,5000,5685628.0,6180.20639665
80455000,80460000,18313,5000,5685931.0,6140.93381329
80460000,80465000,18314,5000,5686235.0,6132.10909095
80465000,80470000,18315,5000,5686538.0,6131.56749427
80470000,80475000,18316,5000,5686841.0,6131.57441918
80475000,80480000,18317,5000,5687145.0,6131.03924993
80480000,80485000,18318,5000,5687448.0,6130.49526493
80485000,80490000,18319,5000,5687752.0,6129.95281457
80490000,80495000,18320,5000,5688055.0,6129.40778235
80495000,80500000,18321,5000,5688358.0,6129.10988053
80500000,80505000,18322,5000,5688662.0,6128.25094634
80505000,80510000,18323,5000,5688965.0,6126.73412226
80510000,80515000,18324,5000,5689269.0,6126.20643014
80515000,80520000,18325,5000,5689572.0,6125.26420653
80520000,80525000,18326,5000,5689875.0,6124.73658983
80525000,80530000,18327,5000,5690179.0,6124.90491277
80530000,80535000,18328,5000,5690482.0,6125.02162992
80535000,80540000,18329,5000,5690786.0,6123.79397365
80540000,80545000,18330,5000,5691089.0,6122.55639985
80545000,80550000,18331,5000,5691392.0,6121.68392676
80550000,80555000,18332,5000,5691696.0,6120.15331259
80555000,80560000,18333,5000,5691999.0,6118.30843998
80560000,80565000,18334,5000,5692303.0,6117.44266248
80565000,80570000,18335,5000,5692606.0,6116.24732789
80570000,80575000,18336,5000,5692909.0,6114.39765317
80575000,80580000,18337,5000,5693212.0,6112.87873116
80580000,80585000,18338,5000,5693516.0,6112.3426954
80585000,80590000,18339,5000,5693819.0,6112.05423148
80590000,80595000,18340,5000,5694122.0,6112.2313634
80595000,80600000,18341,5000,5694426.0,6112.35802843
80600000,80605000,18342,5000,5694729.0,6111.49031877
80605000,80610000,18343,5000,5695033.0,6110.62565268
80610000,80615000,18344,5000,5695336.0,6105.44263634
80615000,80620000,18345,5000,5695639.0,6104.25267524
80620000,80625000,18346,5000,5695943.0,6102.0850273
80625000,80630000,18347,5000,5696246.0,6100.89944955
80630000,80635000,18348,5000,5696550.0,6100.03950539
80635000,80640000,18349,5000,5696853.0,6098.19560284
80640000,80645000,18350,5000,5697156.0,6097.33839132
80645000,80650000,18351,5000,5697459.0,6095.49788316
80650000,80655000,18352,5000,5697763.0,6094.96694978
80655000,80660000,18353,5000,5698066.0,6093.4494232
80660000,80665000,18354,5000,5698370.0,6093.2443136
80665000,80670000,18355,5000,5698673.0,6093.39183376
80670000,80675000,18356,5000,5698976.0,6093.49835772
80675000,80680000,18357,5000,5699280.0,6093.66600096
80680000,80685000,18358,5000,5699583.0,6092.47172781
80685000,80690000,18359,5000,5699886.0,6090.95390596
80690000,80695000,18360,5000,5700190.0,6089.78299075
80695000,80700000,18361,5000,5700493.0,6088.28784065
80700000,80705000,18362,5000,5700796.0,6087.12478557
80705000,80710000,18363,5000,5701100.0,6085.55668112
80710000,80715000,18364,5000,5701403.0,6084.06536661
80715000,80720000,18365,5000,5701707.0,6082.57579298
80720000,80725000,18366,5000,5702010.0,6078.15696238
80725000,80730000,18367,5000,5702314.0,6077.32258044
80730000,80735000,18368,5000,5702617.0,6075.8271632
80735000,80740000,18369,5000,5702920.0,6074.00518197
80740000,80745000,18370,5000,5703223.0,6073.80162413
80745000,80750000,18371,5000,5703527.0,6073.27761611
80750000,80755000,18372,5000,5703830.0,6072.74450428
80755000,80760000,18373,5000,5704133.0,6071.18331363
80760000,80765000,18374,5000,5704437.0,6069.36570337
80765000,80770000,18375,5000,5704740.0,6067.87373692
80770000,80775000,18376,5000,5705043.0,6066.3733207
80775000,80780000,18377,5000,5705347.0,6063.91129624
80780000,80785000,18378,5000,5705650.0,6062.41400076
80785000,80790000,18379,5000,5705954.0,6060.9372276
80790000,80795000,18380,5000,5706257.0,6058.80231142
80795000,80800000,18381,5000,5706560.0,6057.31398234
80800000,80805000,18382,5000,5706864.0,6055.4432799
80805000,80810000,18383,5000,5707167.0,6054.2810563
80810000,80815000,18384,5000,5707471.0,6051.18405214
80815000,80820000,18385,5000,5707774.0,6050.02108594
80820000,80825000,18386,5000,5708078.0,6048.20639906
80825000,80830000,18387,5000,5708381.0,6047.94812288
80830000,80835000,18388,5000,5708684.0,6047.11515462
80835000,80840000,18389,5000,5708988.0,6045.63755699
80840000,80845000,18390,5000,5709291.0,6044.48039519
80845000,80850000,18391,5000,5709594.0,6042.36194198
80850000,80855000,18392,5000,5709898.0,6040.89162755
80855000,80860000,18393,5000,5710201.0,6039.41601178
80860000,80865000,18394,5000,5710505.0,6039.42110182
80865000,80870000,18395,5000,5710808.0,6037.62614027
80870000,80875000,18396,5000,5711112.0,6036.47396957
80875000,80880000,18397,5000,5711415.0,6035.32374638
80880000,80885000,18398,5000,5711718.0,6033.52777091
80885000,80890000,18399,5000,5712022.0,6032.05143968
80890000,80895000,18400,5000,5712325.0,6030.26383525
80895000,80900000,18401,5000,5712629.0,6027.77937159
80900000,80905000,18402,5000,5712932.0,6020.92186632
80905000,80910000,18403,5000,5713236.0,6020.40865346
80910000,80915000,18404,5000,5713539.0,6018.31228066
80915000,80920000,18405,5000,5713842.0,6016.21288337
80920000,80925000,18406,5000,5714146.0,6014.44290747
80925000,80930000,18407,5000,5714449.0,6013.29837249
80930000,80935000,18408,5000,5714752.0,6011.46816272
80935000,80940000,18409,5000,5715056.0,6010.32674704
80940000,80945000,18410,5000,5715359.0,6008.8664515
80945000,80950000,18411,5000,5715662.0,6008.35788765
80950000,80955000,18412,5000,5715966.0,6008.37106295
80955000,80960000,18413,5000,5716269.0,6006.91696406
80960000,80965000,18414,5000,5716573.0,6006.09016806
80965000,80970000,18415,5000,5716876.0,6004.63869741
80970000,80975000,18416,5000,5717179.0,6003.50395876
80975000,80980000,18417,5000,5717483.0,6002.05363443
80980000,80985000,18418,5000,5717786.0,6001.23384679
80985000,80990000,18419,5000,5718089.0,6000.41430835
80990000,80995000,18420,5000,5718393.0,5998.90738723
80995000,81000000,18421,5000,5718696.0,5998.4050595
81000000,81005000,18422,5000,5718999.0,5998.58975986
81005000,81010000,18423,5000,5719307.0,5998.78442769
81010000,81015000,18424,5000,5719614.0,5994.74552565
81015000,81020000,18425,5000,5719922.0,5992.36297933
81020000,81025000,18426,5000,5720229.0,5989.35251246
81025000,81030000,18427,5000,5720536.0,5988.22392235
81030000,81035000,18428,5000,5720844.0,5986.15769912
81035000,81040000,18429,5000,5721152.0,5984.4032987
81040000,81045000,18430,5000,5721459.0,5983.55586722
81045000,81050000,18431,5000,5721767.0,5982.43430372
81050000,81055000,18432,5000,5722074.0,5981.59758639
81055000,81060000,18433,5000,5722382.0,5980.46275302
81060000,81065000,18434,5000,5722689.0,5979.64719553
81065000,81070000,18435,5000,5722997.0,5978.52582473
81070000,81075000,18436,5000,5723304.0,5977.33672354
81075000,81080000,18437,5000,5723612.0,5976.84229742
81080000,81085000,18438,5000,5723919.0,5976.0197851
81085000,81090000,18439,5000,5724227.0,5975.4118948
81090000,81095000,18440,5000,5724534.0,5974.91708409
81095000,81100000,18441,5000,5724842.0,5974.73476919
81100000,81105000,18442,5000,5725149.0,5974.9268322
81105000,81110000,18443,5000,5725457.0,5975.05911476
81110000,81115000,18444,5000,5725764.0,5975.24189411
81115000,81120000,18445,5000,5726072.0,5975.41128622
81120000,81125000,18446,5000,5726379.0,5974.87681575
81125000,81130000,18447,5000,5726687.0,5974.85142748
81130000,81135000,18448,5000,5726994.0,5974.66637401
81135000,81140000,18449,5000,5727302.0,5974.16752488
81140000,81145000,18450,5000,5727609.0,5973.67230471
81145000,81150000,18451,5000,5727917.0,5973.48422566
81150000,81155000,18452,5000,5728224.0,5967.62647812
81155000,81160000,18453,5000,5728532.0,5953.17907082
81160000,81165000,18454,5000,5728839.0,5951.76202777
81165000,81170000,18455,5000,5729147.0,5950.34845558
81170000,81175000,18456,5000,5729454.0,5949.23701529
81175000,81180000,18457,5000,5729762.0,5947.82162013
81180000,81185000,18458,5000,5730069.0,5945.96019104
81185000,81190000,18459,5000,5730376.0,5945.16626093
81190000,81195000,18460,5000,5730684.0,5943.74804468
81195000,81200000,18461,5000,5730992.0,5942.64291846
81200000,81205000,18462,5000,5731299.0,5942.65884322
81205000,81210000,18463,5000,5731606.0,5942.60781067
81210000,81215000,18464,5000,5731914.0,5941.75457407
81215000,81220000,18465,5000,5732221.0,5940.95462335
81220000,81225000,18466,5000,5732529.0,5940.14190245
81225000,81230000,18467,5000,5732836.0,5939.6539427
81230000,81235000,18468,5000,5733144.0,5939.13897388
81235000,81240000,18469,5000,5733451.0,5939.22901293
81240000,81245000,18470,5000,5733759.0,5939.0156394
81245000,81250000,18471,5000,5734067.0,5938.45610536
81250000,81255000,18472,5000,5734374.0,5937.97057569
81255000,81260000,18473,5000,5734681.0,5937.43525272
81260000,81265000,18474,5000,5734989.0,5937.21798964
81265000,81270000,18475,5000,5735297.0,5936.73055987
81270000,81275000,18476,5000,5735604.0,5936.55267563
81275000,81280000,18477,5000,5735912.0,5936.01799304
81280000,81285000,18478,5000,5736219.0,5935.53408116
81285000,81290000,18479,5000,5736527.0,5935.65043161
81290000,81295000,18480,5000,5736834.0,5935.75636228
81295000,81300000,18481,5000,5737142.0,5935.77735282
81300000,81305000,18482,5000,5737449.0,5935.78319983
81305000,81310000,18483,5000,5737757.0,5935.81789337
81310000,81315000,18484,5000,5738064.0,5935.93438481
81315000,81320000,18485,5000,5738372.0,5936.00324505
81320000,81325000,18486,5000,5738679.0,5935.9740873
81325000,81330000,18487,5000,5738987.0,5935.96014431
81330000,81335000,18488,5000,5739294.0,5936.14846738
81335000,81340000,18489,5000,5739602.0,5936.33821469
81340000,81345000,18490,5000,5739909.0,5936.45398644
81345000,81350000,18491,5000,5740217.0,5936.495745
81350000,81355000,18492,5000,5740524.0,5936.56436981
81355000,81360000,18493,5000,5740832.0,5936.66662806
81360000,81365000,18494,5000,5741139.0,5936.776236
81365000,81370000,18495,5000,5741447.0,5934.45240757
81370000,81375000,18496,5000,5741754.0,5934.59815074
81375000,81380000,18497,5000,5742062.0,5934.34052066
81380000,81385000,18498,5000,5742369.0,5934.3553178
81385000,81390000,18499,5000,5742677.0,5934.10756647
81390000,81395000,18500,5000,5742984.0,5933.55028609
81395000,81400000,18501,5000,5743292.0,5933.32351291
81400000,81405000,18502,5000,5743599.0,5933.34215567
81405000,81410000,18503,5000,5743907.0,5933.29524547
81410000,81415000,18504,5000,5744214.0,5933.23245851
81415000,81420000,18505,5000,5744522.0,5933.34307983
81420000,81425000,18506,5000,5744829.0,5933.4500423
81425000,81430000,18507,5000,5745137.0,5933.63837369
81430000,81435000,18508,5000,5745444.0,5933.68245723
81435000,81440000,18509,5000,5745752.0,5933.66728651
81440000,81445000,18510,5000,5746059.0,5933.71141389
81445000,81450000,18511,5000,5746367.0,5933.7295734
81450000,81455000,18512,5000,5746675.0,5933.7447292
81455000,81460000,18513,5000,5746982.0,5933.91776731
81460000,81465000,18514,5000,5747290.0,5934.054387
81465000,81470000,18515,5000,5747597.0,5934.11846144
81470000,81475000,18516,5000,5747905.0,5934.11406343
81475000,81480000,18517,5000,5748212.0,5934.05165781
81480000,81485000,18518,5000,5748520.0,5934.2210638
81485000,81490000,18519,5000,5748827.0,5934.37687135
81490000,81495000,18520,5000,5749134.0,5934.47625798
81495000,81500000,18521,5000,5749442.0,5934.6294486
81500000,81505000,18522,5000,5749749.0,5934.74391795
81505000,81510000,18523,5000,5750057.0,5934.88704508
81510000,81515000,18524,5000,5750364.0,5935.05084736
81515000,81520000,18525,5000,5750672.0,5935.06888736
81520000,81525000,18526,5000,5750979.0,5935.25918333
81525000,81530000,18527,5000,5751287.0,5935.07513073
81530000,81535000,18528,5000,5751594.0,5934.85984362
81535000,81540000,18529,5000,5751902.0,5933.39162861
81540000,81545000,18530,5000,5752209.0,5933.21549919
81545000,81550000,18531,5000,5752517.0,5933.23509411
81550000,81555000,18532,5000,5752824.0,5933.2530444
81555000,81560000,18533,5000,5753132.0,5932.77194519
81560000,81565000,18534,5000,5753439.0,5932.90837502
81565000,81570000,18535,5000,5753747.0,5933.02985579
81570000,81575000,18536,5000,5754054.0,5933.07568938
81575000,81580000,18537,5000,5754362.0,5933.17929083
81580000,81585000,18538,5000,5754669.0,5933.31586061
81585000,81590000,18539,5000,5754976.0,5933.4227035
81590000,81595000,18540,5000,5755284.0,5933.54491544
81595000,81600000,18541,5000,5755591.0,5933.64676377
81600000,81605000,18542,5000,5755899.0,5933.65753143
81605000,81610000,18543,5000,5756207.0,5933.8447545
81610000,81615000,18544,5000,5756514.0,5933.96250333
81615000,81620000,18545,5000,5756822.0,5934.03255463
81620000,81625000,18546,5000,5757129.0,5933.96835458
81625000,81630000,18547,5000,5757437.0,5933.78107678
81630000,81635000,18548,5000,5757744.0,5933.59915815
81635000,81640000,18549,5000,5758052.0,5933.33526114
81640000,81645000,18550,5000,5758359.0,5933.15809165
81645000,81650000,18551,5000,5758667.0,5933.33543683
81650000,81655000,18552,5000,5758974.0,5933.52485096
81655000,81660000,18553,5000,5759282.0,5933.64569855
81660000,81665000,18554,5000,5759589.0,5933.69665481
81665000,81670000,18555,5000,5759897.0,5933.7924251
81670000,81675000,18556,5000,5760204.0,5933.8505774
81675000,81680000,18557,5000,5760511.0,5933.96651455
81680000,81685000,18558,5000,5760819.0,5933.90606759
81685000,81690000,18559,5000,5761127.0,5934.00298023
81690000,81695000,18560,5000,5761434.0,5934.0715654
81695000,81700000,18561,5000,5761742.0,5934.14057588
81700000,81705000,18562,5000,5762049.0,5934.24905103
81705000,81710000,18563,5000,5762357.0,5934.44420347
81710000,81715000,18564,5000,5762664.0,5934.60577269
81715000,81720000,18565,5000,5762972.0,5934.75042597
81720000,81725000,18566,5000,5763279.0,5934.85356391
81725000,81730000,18567,5000,5763586.0,5934.92466369
81730000,81735000,18568,5000,5763894.0,5934.95941355
81735000,81740000,18569,5000,5764202.0,5934.99834443
81740000,81745000,18570,5000,5764509.0,5935.03055295
81745000,81750000,18571,5000,5764816.0,5935.15159357
81750000,81755000,18572,5000,5765124.0,5935.26641379
81755000,81760000,18573,5000,5765432.0,5935.45380431
81760000,81765000,18574,5000,5765739.0,5935.64102693
81765000,81770000,18575,5000,5766047.0,5935.83107886
81770000,81775000,18576,5000,5766354.0,5935.989803
81775000,81780000,18577,5000,5766662.0,5935.96412013
81780000,81785000,18578,5000,5766969.0,5935.98114002
81785000,81790000,18579,5000,5767277.0,5935.79041669
81790000,81795000,18580,5000,5767584.0,5935.61088242
81795000,81800000,18581,5000,5767892.0,5935.73868838
81800000,81805000,18582,5000,5768199.0,5935.90187503
81805000,81810000,18583,5000,5768507.0,5936.09242249
81810000,81815000,18584,5000,5768814.0,5936.18133907
81815000,81820000,18585,5000,5769122.0,5936.35070385
81820000,81825000,18586,5000,5769429.0,5936.51623356
81825000,81830000,18587,5000,5769737.0,5936.57956539
81830000,81835000,18588,5000,5770044.0,5936.65373013
81835000,81840000,18589,5000,5770352.0,5936.83957047
81840000,81845000,18590,5000,5770659.0,5937.00272006
81845000,81850000,18591,5000,5770967.0,5937.0133173
81850000,81855000,18592,5000,5771274.0,5937.18074422
81855000,81860000,18593,5000,5771582.0,5937.36624546
81860000,81865000,18594,5000,5771889.0,5937.46474116
81865000,81870000,18595,5000,5772197.0,5937.63280448
81870000,81875000,18596,5000,5772504.0,5937.7435906
81875000,81880000,18597,5000,5772812.0,5937.82499446
81880000,81885000,18598,5000,5773120.0,5937.91343947
81885000,81890000,18599,5000,5773427.0,5938.04283717
81890000,81895000,18600,5000,5773735.0,5938.19365369
81895000,81900000,18601,5000,5774042.0,5938.25169762
81900000,81905000,18602,5000,5774350.0,5938.35688859
81905000,81910000,18603,5000,5774657.0,5934.46146719
81910000,81915000,18604,5000,5774965.0,5933.59905281
81915000,81920000,18605,5000,5775272.0,5933.41369142
81920000,81925000,18606,5000,5775580.0,5933.48269589
81925000,81930000,18607,5000,5775887.0,5933.59656239
81930000,81935000,18608,5000,5776195.0,5933.65645951
81935000,81940000,18609,5000,5776502.0,5933.78554856
81940000,81945000,18610,5000,5776810.0,5933.81759137
81945000,81950000,18611,5000,5777117.0,5933.93479856
81950000,81955000,18612,5000,5777425.0,5934.0952697
81955000,81960000,18613,5000,5777732.0,5934.21773846
81960000,81965000,18614,5000,5778040.0,5934.39764028
81965000,81970000,18615,5000,5778347.0,5934.52291442
81970000,81975000,18616,5000,5778655.0,5934.65121866
81975000,81980000,18617,5000,5778962.0,5934.75416426
81980000,81985000,18618,5000,5779270.0,5934.87159799
81985000,81990000,18619,5000,5779577.0,5934.87098865
81990000,81995000,18620,5000,5779885.0,5934.86879965
81995000,82000000,18621,5000,5780192.0,5934.67021472
82000000,82005000,18622,5000,5780500.0,5934.12442992
82005000,82010000,18623,5000,5780815.0,5933.9517888
82010000,82015000,18624,5000,5781131.0,5933.78349044
82015000,82020000,18625,5000,5781446.0,5933.30863723
82020000,82025000,18626,5000,5781761.0,5933.13567787
82025000,82030000,18627,5000,5782077.0,5932.95213298
82030000,82035000,18628,5000,5782392.0,5932.78275202
82035000,82040000,18629,5000,5782707.0,5932.90969192
82040000,82045000,18630,5000,5783023.0,5933.03274418
82045000,82050000,18631,5000,5783338.0,5933.05750165
82050000,82055000,18632,5000,5783654.0,5933.08934519
82055000,82060000,18633,5000,5783969.0,5933.11868699
82060000,82065000,18634,5000,5784285.0,5933.06265148
82065000,82070000,18635,5000,5784600.0,5933.02179749
82070000,82075000,18636,5000,5784915.0,5932.84537433
82075000,82080000,18637,5000,5785231.0,5932.80120181
82080000,82085000,18638,5000,5785546.0,5932.76055364
82085000,82090000,18639,5000,5785862.0,5932.70701229
82090000,82095000,18640,5000,5786177.0,5932.72307955
82095000,82100000,18641,5000,5786492.0,5932.48993742
82100000,82105000,18642,5000,5786808.0,5932.49974074
82105000,82110000,18643,5000,5787123.0,5932.5222026
82110000,82115000,18644,5000,5787438.0,5932.63645339
82115000,82120000,18645,5000,5787754.0,5932.80793346
82120000,82125000,18646,5000,5788069.0,5932.89831038
82125000,82130000,18647,5000,5788385.0,5933.07488644
82130000,82135000,18648,5000,5788700.0,5933.15003211
82135000,82140000,18649,5000,5789015.0,5933.27863592
82140000,82145000,18650,5000,5789331.0,5933.38593889
82145000,82150000,18651,5000,5789646.0,5933.51775626
82150000,82155000,18652,5000,5789962.0,5933.68533609
82155000,82160000,18653,5000,5790277.0,5933.83245332
82160000,82165000,18654,5000,5790592.0,5933.05727771
82165000,82170000,18655,5000,5790908.0,5933.1800025
82170000,82175000,18656,5000,5791223.0,5933.29155504
82175000,82180000,18657,5000,5791539.0,5933.44853638
82180000,82185000,18658,5000,5791854.0,5933.55334905
82185000,82190000,18659,5000,5792169.0,5933.61006533
82190000,82195000,18660,5000,5792485.0,5933.69559336
82195000,82200000,18661,5000,5792800.0,5933.65593798
82200000,82205000,18662,5000,5793116.0,5933.80127894
82205000,82210000,18663,5000,5793431.0,5933.61612283
82210000,82215000,18664,5000,5793746.0,5933.44908316
82215000,82220000,18665,5000,5794062.0,5933.28011099
82220000,82225000,18666,5000,5794377.0,5933.11247056
82225000,82230000,18667,5000,5794693.0,5932.89612523
82230000,82235000,18668,5000,5795008.0,5933.09222629
82235000,82240000,18669,5000,5795323.0,5933.28944721
82240000,82245000,18670,5000,5795639.0,5933.4380681
82245000,82250000,18671,5000,5795954.0,5933.61230477
82250000,82255000,18672,5000,5796270.0,5933.78727116
82255000,82260000,18673,5000,5796585.0,5933.96098639
82260000,82265000,18674,5000,5796901.0,5934.08784913
82265000,82270000,18675,5000,5797216.0,5934.04017885
82270000,82275000,18676,5000,5797531.0,5934.16602791
82275000,82280000,18677,5000,5797847.0,5934.22564698
82280000,82285000,18678,5000,5798163.0,5934.3500129
82285000,82290000,18679,5000,5798478.0,5934.46253574
82290000,82295000,18680,5000,5798793.0,5934.47898169
82295000,82300000,18681,5000,5799109.0,5934.50692506
82300000,82305000,18682,5000,5799424.0,5934.45078522
82305000,82310000,18683,5000,5799740.0,5934.28379807
82310000,82315000,18684,5000,5800055.0,5934.25545802
82315000,82320000,18685,5000,5800370.0,5934.23139573
82320000,82325000,18686,5000,5800686.0,5934.0159752
82325000,82330000,18687,5000,5801001.0,5934.03539191
82330000,82335000,18688,5000,5801317.0,5934.22734473
82335000,82340000,18689,5000,5801632.0,5934.32601063
82340000,82345000,18690,5000,5801948.0,5934.51894702
82345000,82350000,18691,5000,5802263.0,5934.61413001
82350000,82355000,18692,5000,5802578.0,5934.78476765
82355000,82360000,18693,5000,5802894.0,5934.87752158
82360000,82365000,18694,5000,5803209.0,5935.00261236
82365000,82370000,18695,5000,5803525.0,5935.14156084
82370000,82375000,18696,5000,5803840.0,5935.28960073
82375000,82380000,18697,5000,5804155.0,5935.43003453
82380000,82385000,18698,5000,5804471.0,5935.54482951
82385000,82390000,18699,5000,5804786.0,5935.65698618
82390000,82395000,18700,5000,5805102.0,5935.72727143
82395000,82400000,18701,5000,5805417.0,5935.80708258
82400000,82405000,18702,5000,5805733.0,5935.86657728
82405000,82410000,18703,5000,5806048.0,5936.01692487
82410000,82415000,18704,5000,5806363.0,5936.12526252
82415000,82420000,18705,5000,5806679.0,5917.08412142
82420000,82425000,18706,5000,5806994.0,5917.27080326
82425000,82430000,18707,5000,5807310.0,5917.411803
82430000,82435000,18708,5000,5807625.0,5916.64438625
82435000,82440000,18709,5000,5807940.0,5915.87493727
82440000,82445000,18710,5000,5808256.0,5915.40743119
82445000,82450000,18711,5000,5808571.0,5914.93041665
82450000,82455000,18712,5000,5808887.0,5914.75443907
82455000,82460000,18713,5000,5809202.0,5914.28701721
82460000,82465000,18714,5000,5809518.0,5913.8188232
82465000,82470000,18715,5000,5809833.0,5913.93943546
82470000,82475000,18716,5000,5810148.0,5913.71092956
82475000,82480000,18717,5000,5810464.0,5913.84519367
82480000,82485000,18718,5000,5810779.0,5914.03661881
82485000,82490000,18719,5000,5811095.0,5914.13579421
82490000,82495000,18720,5000,5811410.0,5914.33247978
82495000,82500000,18721,5000,5811725.0,5914.50653175
82500000,82505000,18722,5000,5812041.0,5914.64877138
82505000,82510000,18723,5000,5812356.0,5914.75179263
82510000,82515000,18724,5000,5812672.0,5914.76794564
82515000,82520000,18725,5000,5812987.0,5914.93802574
82520000,82525000,18726,5000,5813302.0,5915.06401096
82525000,82530000,18727,5000,5813618.0,5915.19113738
82530000,82535000,18728,5000,5813933.0,5915.30793978
82535000,82540000,18729,5000,5814249.0,5915.44338494
82540000,82545000,18730,5000,5814564.0,5915.61188006
82545000,82550000,18731,5000,5814880.0,5915.78299672
82550000,82555000,18732,5000,5815195.0,5915.94926619
82555000,82560000,18733,5000,5815511.0,5916.07125016
82560000,82565000,18734,5000,5815826.0,5916.19082399
82565000,82570000,18735,5000,5816141.0,5916.30298732
82570000,82575000,18736,5000,5816457.0,5916.34503219
82575000,82580000,18737,5000,5816772.0,5916.53664794
82580000,82585000,18738,5000,5817087.0,5916.70326087
82585000,82590000,18739,5000,5817403.0,5916.84959256
82590000,82595000,18740,5000,5817718.0,5916.90476753
82595000,82600000,18741,5000,5818034.0,5916.69287282
82600000,82605000,18742,5000,5818349.0,5916.71334223
82605000,82610000,18743,5000,5818664.0,5916.43341253
82610000,82615000,18744,5000,5818980.0,5916.45922144
82615000,82620000,18745,5000,5819295.0,5916.45925329
82620000,82625000,18746,5000,5819610.0,5916.57010058
82625000,82630000,18747,5000,5819926.0,5916.69529236
82630000,82635000,18748,5000,5820241.0,5916.76863131
82635000,82640000,18749,5000,5820557.0,5916.95792547
82640000,82645000,18750,5000,5820872.0,5917.04700886
82645000,82650000,18751,5000,5821187.0,5917.1788721
82650000,82655000,18752,5000,5821503.0,5917.3683259
82655000,82660000,18753,5000,5821818.0,5917.54090566
82660000,82665000,18754,5000,5822134.0,5917.67129406
82665000,82670000,18755,5000,5822449.0,5917.75900114
82670000,82675000,18756,5000,5822764.0,5917.83502602
82675000,82680000,18757,5000,5823080.0,5917.90708808
82680000,82685000,18758,5000,5823395.0,5917.86692308
82685000,82690000,18759,5000,5823711.0,5917.93376174
82690000,82695000,18760,5000,5824026.0,5918.05500552
82695000,82700000,18761,5000,5824342.0,5918.17956701
82700000,82705000,18762,5000,5824657.0,5918.31383127
82705000,82710000,18763,5000,5824973.0,5918.44478049
82710000,82715000,18764,5000,5825288.0,5918.56362858
82715000,82720000,18765,5000,5825603.0,5918.69703759
82720000,82725000,18766,5000,5825919.0,5918.84657933
82725000,82730000,18767,5000,5826234.0,5918.97408474
82730000,82735000,18768,5000,5826550.0,5919.1031755
82735000,82740000,18769,5000,5826865.0,5919.06745628
82740000,82745000,18770,5000,5827180.0,5919.03140018
82745000,82750000,18771,5000,5827496.0,5919.1323971
82750000,82755000,18772,5000,5827811.0,5919.33034775
82755000,82760000,18773,5000,5828127.0,5919.49695149
82760000,82765000,18774,5000,5828442.0,5919.62900133
82765000,82770000,18775,5000,5828758.0,5919.67761843
82770000,82775000,18776,5000,5829073.0,5919.73161817
82775000,82780000,18777,5000,5829388.0,5919.86702269
82780000,82785000,18778,5000,5829704.0,5919.98933203
82785000,82790000,18779,5000,5830019.0,5920.03261701
82790000,82795000,18780,5000,5830335.0,5920.07648052
82795000,82800000,18781,5000,5830650.0,5920.13746082
82800000,82805000,18782,5000,5830966.0,5920.2591254
82805000,82810000,18783,5000,5831281.0,5920.3030281
82810000,82815000,18784,5000,5831596.0,5920.42462512
82815000,82820000,18785,5000,5831912.0,5920.54412097
82820000,82825000,18786,5000,5832227.0,5920.66321832
82825000,82830000,18787,5000,5832543.0,5920.73188202
82830000,82835000,18788,5000,5832858.0,5920.85792942
82835000,82840000,18789,5000,5833173.0,5920.95522999
82840000,82845000,18790,5000,5833489.0,5921.0084989
82845000,82850000,18791,5000,5833804.0,5921.12700602
82850000,82855000,18792,5000,5834120.0,5921.1048435
82855000,82860000,18793,5000,5834435.0,5921.22781946
82860000,82865000,18794,5000,5834751.0,5921.34843523
82865000,82870000,18795,5000,5835066.0,5921.42574957
82870000,82875000,18796,5000,5835381.0,5921.55170588
82875000,82880000,18797,5000,5835697.0,5921.6784452
82880000,82885000,18798,5000,5836012.0,5921.62063956
82885000,82890000,18799,5000,5836328.0,5921.57358784
82890000,82895000,18800,5000,5836643.0,5921.51545383
82895000,82900000,18801,5000,5836958.0,5921.45774116
82900000,82905000,18802,5000,5837274.0,5921.45311107
82905000,82910000,18803,5000,5837589.0,5921.62208811
82910000,82915000,18804,5000,5837905.0,5921.73655547
82915000,82920000,18805,5000,5838220.0,5921.90870448
82920000,82925000,18806,5000,5838535.0,5922.07508487
82925000,82930000,18807,5000,5838851.0,5922.19633208
82930000,82935000,18808,5000,5839166.0,5922.33908817
82935000,82940000,18809,5000,5839482.0,5922.44080379
82940000,82945000,18810,5000,5839797.0,5922.60733415
82945000,82950000,18811,5000,5840112.0,5922.73407568
82950000,82955000,18812,5000,5840428.0,5922.90387414
82955000,82960000,18813,5000,5840743.0,5922.97618105
82960000,82965000,18814,5000,5841059.0,5923.08811406
82965000,82970000,18815,5000,5841374.0,5923.26191136
82970000,82975000,18816,5000,5841690.0,5923.35418365
82975000,82980000,18817,5000,5842005.0,5923.40309108
82980000,82985000,18818,5000,5842320.0,5923.34831967
82985000,82990000,18819,5000,5842636.0,5923.41803016
82990000,82995000,18820,5000,5842951.0,5923.50984071
82995000,83000000,18821,5000,5843267.0,5916.3640632
83000000,83005000,18822,5000,5843582.0,5916.19925874
83005000,83010000,18823,5000,5843889.0,5916.2212004
83010000,83015000,18824,5000,5844196.0,5916.23985852
83015000,83020000,18825,5000,5844503.0,5916.06695879
83020000,83025000,18826,5000,5844810.0,5915.2536567
83025000,83030000,18827,5000,5845117.0,5915.3588342
83030000,83035000,18828,5000,5845424.0,5915.47272779
83035000,83040000,18829,5000,5845731.0,5915.54342871
83040000,83045000,18830,5000,5846037.0,5915.69651029
83045000,83050000,18831,5000,5846344.0,5915.8509125
83050000,83055000,18832,5000,5846651.0,5915.93155175
83055000,83060000,18833,5000,5846958.0,5916.11670643
83060000,83065000,18834,5000,5847265.0,5916.20402389
83065000,83070000,18835,5000,5847572.0,5916.36737895
83070000,83075000,18836,5000,5847879.0,5916.53274247
83075000,83080000,18837,5000,5848186.0,5916.69547043
83080000,83085000,18838,5000,5848493.0,5916.80785409
83085000,83090000,18839,5000,5848800.0,5916.99396545
83090000,83095000,18840,5000,5849107.0,5917.15049786
83095000,83100000,18841,5000,5849414.0,5917.25690173
83100000,83105000,18842,5000,5849721.0,5917.40288264
83105000,83110000,18843,5000,5850028.0,5917.55541456
83110000,83115000,18844,5000,5850335.0,5917.71108803
83115000,83120000,18845,5000,5850642.0,5917.82578613
83120000,83125000,18846,5000,5850949.0,5917.96477314
83125000,83130000,18847,5000,5851256.0,5918.12355896
83130000,83135000,18848,5000,5851562.0,5918.20102675
83135000,83140000,18849,5000,5851869.0,5918.31863953
83140000,83145000,18850,5000,5852176.0,5918.43194069
83145000,83150000,18851,5000,5852483.0,5918.26074597
83150000,83155000,18852,5000,5852790.0,5918.43998208
83155000,83160000,18853,5000,5853097.0,5918.60719857
83160000,83165000,18854,5000,5853404.0,5918.71623547
83165000,83170000,18855,5000,5853711.0,5918.67605819
83170000,83175000,18856,5000,5854018.0,5918.65514889
83175000,83180000,18857,5000,5854325.0,5918.62248238
83180000,83185000,18858,5000,5854632.0,5918.79916417
83185000,83190000,18859,5000,5854939.0,5918.94040216
83190000,83195000,18860,5000,5855246.0,5919.08336255
83195000,83200000,18861,5000,5855553.0,5918.89119138
83200000,83205000,18862,5000,5855860.0,5918.71203477
83205000,83210000,18863,5000,5856167.0,5918.53671837
83210000,83215000,18864,5000,5856474.0,5918.04180374
83215000,83220000,18865,5000,5856781.0,5917.78863728
83220000,83225000,18866,5000,5857088.0,5917.5457549
83225000,83230000,18867,5000,5857395.0,5917.32687603
83230000,83235000,18868,5000,5857702.0,5917.07765569
83235000,83240000,18869,5000,5858009.0,5917.19602017
83240000,83245000,18870,5000,5858315.0,5917.32248695
83245000,83250000,18871,5000,5858623.0,5917.44537861
83250000,83255000,18872,5000,5858930.0,5917.56549972
83255000,83260000,18873,5000,5859237.0,5917.68526827
83260000,83265000,18874,5000,5859544.0,5917.8019199
83265000,83270000,18875,5000,5859851.0,5917.92154057
83270000,83275000,18876,5000,5860158.0,5918.00150005
83275000,83280000,18877,5000,5860465.0,5918.12181681
83280000,83285000,18878,5000,5860772.0,5918.24035192
83285000,83290000,18879,5000,5861079.0,5918.20634596
83290000,83295000,18880,5000,5861386.0,5918.31955473
83295000,83300000,18881,5000,5861693.0,5918.07454386
83300000,83305000,18882,5000,5861999.0,5918.20117497
83305000,83310000,18883,5000,5862306.0,5918.28084023
83310000,83315000,18884,5000,5862614.0,5918.37981608
83315000,83320000,18885,5000,5862921.0,5918.47659165
83320000,83325000,18886,5000,5863228.0,5918.61877388
83325000,83330000,18887,5000,5863535.0,5918.6846108
83330000,83335000,18888,5000,5863842.0,5918.47308232
83335000,83340000,18889,5000,5864149.0,5918.23665335
83340000,83345000,18890,5000,5864456.0,5918.33269583
83345000,83350000,18891,5000,5864763.0,5918.45289775
83350000,83355000,18892,5000,5865069.0,5918.50499895
83355000,83360000,18893,5000,5865376.0,5918.60462209
83360000,83365000,18894,5000,5865683.0,5918.72282418
83365000,83370000,18895,5000,5865990.0,5918.7771001
83370000,83375000,18896,5000,5866297.0,5918.84630557
83375000,83380000,18897,5000,5866604.0,5918.78803726
83380000,83385000,18898,5000,5866911.0,5918.88777284
83385000,83390000,18899,5000,5867218.0,5918.93559986
83390000,83395000,18900,5000,5867525.0,5919.05276421
83395000,83400000,18901,5000,5867832.0,5919.16619969
83400000,83405000,18902,5000,5868139.0,5919.32129427
83405000,83410000,18903,5000,5868446.0,5919.44498517
83410000,83415000,18904,5000,5868753.0,5919.55937106
83415000,83420000,18905,5000,5869060.0,5919.67645413
83420000,83425000,18906,5000,5869367.0,5919.83632215
83425000,83430000,18907,5000,5869673.0,5919.95456739
83430000,83435000,18908,5000,5869980.0,5920.11243624
83435000,83440000,18909,5000,5870287.0,5920.21977951
83440000,83445000,18910,5000,5870594.0,5920.30988577
83445000,83450000,18911,5000,5870901.0,5920.40092767
83450000,83455000,18912,5000,5871208.0,5920.48672187
83455000,83460000,18913,5000,5871515.0,5920.65064643
83460000,83465000,18914,5000,5871822.0,5920.41331934
83465000,83470000,18915,5000,5872129.0,5920.23985394
83470000,83475000,18916,5000,5872436.0,5920.42545952
83475000,83480000,18917,5000,5872743.0,5920.5812025
83480000,83485000,18918,5000,5873050.0,5920.69144771
83485000,83490000,18919,5000,5873357.0,5920.71003368
83490000,83495000,18920,5000,5873664.0,5920.71336983
83495000,83500000,18921,5000,5873971.0,5920.89949959
83500000,83505000,18922,5000,5874278.0,5921.06020221
83505000,83510000,18923,5000,5874585.0,5921.2437677
83510000,83515000,18924,5000,5874892.0,5921.40254462
83515000,83520000,18925,5000,5875199.0,5921.50960529
83520000,83525000,18926,5000,5875506.0,5921.03828217
83525000,83530000,18927,5000,5875813.0,5920.56270397
83530000,83535000,18928,5000,5876120.0,5920.74679413
83535000,83540000,18929,5000,5876427.0,5920.91083991
83540000,83545000,18930,5000,5876734.0,5921.07333724
83545000,83550000,18931,5000,5877041.0,5914.56061397
83550000,83555000,18932,5000,5877348.0,5901.62298734
83555000,83560000,18933,5000,5877655.0,5894.60258393
83560000,83565000,18934,5000,5877962.0,5886.45977578
83565000,83570000,18935,5000,5878269.0,5882.45349571
83570000,83575000,18936,5000,5878576.0,5882.47250916
83575000,83580000,18937,5000,5878883.0,5877.88353092
83580000,83585000,18938,5000,5879190.0,5875.9492384
83585000,83590000,18939,5000,5879497.0,5875.19711986
83590000,83595000,18940,5000,5879804.0,5874.73752659
83595000,83600000,18941,5000,5880111.0,5874.27930963
83600000,83605000,18942,5000,5880418.0,5873.52710162
83605000,83610000,18943,5000,5880725.0,5872.45947811
83610000,83615000,18944,5000,5881032.0,5872.00145613
83615000,83620000,18945,5000,5881339.0,5870.07609771
83620000,83625000,18946,5000,5881646.0,5869.91283733
83625000,83630000,18947,5000,5881953.0,5870.03127776
83630000,83635000,18948,5000,5882260.0,5870.18331891
83635000,83640000,18949,5000,5882567.0,5870.30460975
83640000,83645000,18950,5000,5882874.0,5870.42267505
83645000,83650000,18951,5000,5883180.0,5870.61072971
83650000,83655000,18952,5000,5883487.0,5870.73244107
83655000,83660000,18953,5000,5883794.0,5870.92060337
83660000,83665000,18954,5000,5884101.0,5871.0857491
83665000,83670000,18955,5000,5884408.0,5871.25273051
83670000,83675000,18956,5000,5884715.0,5871.4198283
83675000,83680000,18957,5000,5885022.0,5871.60862715
83680000,83685000,18958,5000,5885329.0,5871.72695163
83685000,83690000,18959,5000,5885636.0,5871.89299336
83690000,83695000,18960,5000,5885943.0,5872.02423683
83695000,83700000,18961,5000,5886250.0,5872.19787874
83700000,83705000,18962,5000,5886557.0,5872.38537796
83705000,83710000,18963,5000,5886864.0,5872.5529006
83710000,83715000,18964,5000,5887171.0,5872.7377376
83715000,83720000,18965,5000,5887478.0,5872.86187452
83720000,83725000,18966,5000,5887785.0,5873.01950121
83725000,83730000,18967,5000,5888092.0,5873.13137326
83730000,83735000,18968,5000,5888399.0,5873.29811702
83735000,83740000,18969,5000,5888706.0,5873.48016652
83740000,83745000,18970,5000,5889013.0,5873.67219643
83745000,83750000,18971,5000,5889320.0,5873.75079553
83750000,83755000,18972,5000,5889627.0,5873.84595592
83755000,83760000,18973,5000,5889934.0,5873.65880898
83760000,83765000,18974,5000,5890241.0,5873.20189039
83765000,83770000,18975,5000,5890548.0,5873.03777923
83770000,83775000,18976,5000,5890855.0,5872.54473437
83775000,83780000,18977,5000,5891162.0,5872.37800097
83780000,83785000,18978,5000,5891469.0,5872.5640243
83785000,83790000,18979,5000,5891776.0,5872.72951705
83790000,83795000,18980,5000,5892083.0,5872.84949436
83795000,83800000,18981,5000,5892390.0,5873.01656907
83800000,83805000,18982,5000,5892697.0,5873.17910564
83805000,83810000,18983,5000,5893004.0,5873.3439622
83810000,83815000,18984,5000,5893311.0,5873.39506352
83815000,83820000,18985,5000,5893618.0,5873.41723926
83820000,83825000,18986,5000,5893925.0,5873.52295385
83825000,83830000,18987,5000,5894232.0,5873.69497832
83830000,83835000,18988,5000,5894539.0,5873.86125235
83835000,83840000,18989,5000,5894846.0,5874.02700912
83840000,83845000,18990,5000,5895153.0,5874.09788949
83845000,83850000,18991,5000,5895460.0,5874.21697609
83850000,83855000,18992,5000,5895767.0,5874.33318048
83855000,83860000,18993,5000,5896074.0,5874.45347996
83860000,83865000,18994,5000,5896381.0,5874.63938976
83865000,83870000,18995,5000,5896688.0,5874.8233062
83870000,83875000,18996,5000,5896995.0,5874.86826676
83875000,83880000,18997,5000,5897302.0,5874.98758776
83880000,83885000,18998,5000,5897609.0,5875.10066798
83885000,83890000,18999,5000,5897916.0,5875.29008796
83890000,83895000,19000,5000,5898223.0,5875.45426434
83895000,83900000,19001,5000,5898529.0,5875.54813979
83900000,83905000,19002,5000,5898836.0,5875.71369269
83905000,83910000,19003,5000,5899143.0,5875.83186025
83910000,83915000,19004,5000,5899450.0,5875.66680613
83915000,83920000,19005,5000,5899757.0,5875.78338118
83920000,83925000,19006,5000,5900064.0,5875.94962615
83925000,83930000,19007,5000,5900371.0,5876.13958757
83930000,83935000,19008,5000,5900678.0,5876.32644545
83935000,83940000,19009,5000,5900985.0,5876.39912809
83940000,83945000,19010,5000,5901292.0,5876.56585051
83945000,83950000,19011,5000,5901598.0,5876.73119395
83950000,83955000,19012,5000,5901905.0,5876.85077449
83955000,83960000,19013,5000,5902213.0,5876.87484248
83960000,83965000,19014,5000,5902519.0,5877.03710751
83965000,83970000,19015,5000,5902826.0,5877.20240841
83970000,83975000,19016,5000,5903133.0,5877.38858699
83975000,83980000,19017,5000,5903440.0,5877.55644629
83980000,83985000,19018,5000,5903747.0,5877.73863603
83985000,83990000,19019,5000,5904054.0,5877.84358491
83990000,83995000,19020,5000,5904361.0,5878.03062635
83995000,84000000,19021,5000,5904668.0,5878.11368076
84000000,84005000,19022,5000,5904975.0,5878.23850312
84005000,84010000,19023,5000,5905274.0,5878.40985516
84010000,84015000,19024,5000,5905573.0,5878.50545773
84015000,84020000,19025,5000,5905872.0,5878.61190203
84020000,84025000,19026,5000,5906171.0,5878.77023546
84025000,84030000,19027,5000,5906470.0,5878.90344674
84030000,84035000,19028,5000,5906769.0,5878.93441033
84035000,84040000,19029,5000,5907069.0,5879.08060262
84040000,84045000,19030,5000,5907368.0,5879.20795239
84045000,84050000,19031,5000,5907667.0,5879.38078815
84050000,84055000,19032,5000,5907966.0,5879.47585454
84055000,84060000,19033,5000,5908265.0,5879.55005376
84060000,84065000,19034,5000,5908564.0,5879.64085422
84065000,84070000,19035,5000,5908863.0,5879.76708521
84070000,84075000,19036,5000,5909162.0,5879.88222752
84075000,84080000,19037,5000,5909462.0,5880.00419123
84080000,84085000,19038,5000,5909761.0,5880.10227077
84085000,84090000,19039,5000,5910060.0,5880.20746306
84090000,84095000,19040,5000,5910359.0,5880.3135858
84095000,84100000,19041,5000,5910658.0,5880.40737417
84100000,84105000,19042,5000,5910957.0,5880.50850384
84105000,84110000,19043,5000,5911256.0,5880.61807494
84110000,84115000,19044,5000,5911556.0,5880.72827677
84115000,84120000,19045,5000,5911855.0,5880.66278882
84120000,84125000,19046,5000,5912154.0,5880.67336786
84125000,84130000,19047,5000,5912453.0,5880.64213116
84130000,84135000,19048,5000,5912752.0,5880.74448973
84135000,84140000,19049,5000,5913051.0,5880.84547913
84140000,84145000,19050,5000,5913350.0,5880.91342341
84145000,84150000,19051,5000,5913650.0,5880.97716137
84150000,84155000,19052,5000,5913949.0,5881.09802792
84155000,84160000,19053,5000,5914248.0,5881.22354298
84160000,84165000,19054,5000,5914547.0,5881.31732797
84165000,84170000,19055,5000,5914846.0,5881.36746347
84170000,84175000,19056,5000,5915145.0,5881.44992046
84175000,84180000,19057,5000,5915444.0,5881.57054843
84180000,84185000,19058,5000,5915743.0,5881.7397976
84185000,84190000,19059,5000,5916042.0,5881.90905891
84190000,84195000,19060,5000,5916341.0,5882.05927131
84195000,84200000,19061,5000,5916640.0,5882.21134172
84200000,84205000,19062,5000,5916940.0,5882.36363752
84205000,84210000,19063,5000,5917239.0,5882.40295152
84210000,84215000,19064,5000,5917538.0,5882.41918732
84215000,84220000,19065,5000,5917837.0,5882.53154022
84220000,84225000,19066,5000,5918136.0,5882.66098359
84225000,84230000,19067,5000,5918435.0,5882.76631257
84230000,84235000,19068,5000,5918734.0,5882.84284133
84235000,84240000,19069,5000,5919033.0,5882.95528898
84240000,84245000,19070,5000,5919333.0,5883.06228019
84245000,84250000,19071,5000,5919632.0,5883.07383865
84250000,84255000,19072,5000,5919931.0,5883.13701979
84255000,84260000,19073,5000,5920230.0,5883.24205196
84260000,84265000,19074,5000,5920529.0,5883.34508261
84265000,84270000,19075,5000,5920828.0,5883.40861567
84270000,84275000,19076,5000,5921127.0,5883.43591604
84275000,84280000,19077,5000,5921427.0,5883.5523625
84280000,84285000,19078,5000,5921726.0,5883.66469733
84285000,84290000,19079,5000,5922025.0,5883.77718398
84290000,84295000,19080,5000,5922324.0,5883.89011794
84295000,84300000,19081,5000,5922623.0,5884.00356747
84300000,84305000,19082,5000,5922922.0,5884.11569288
84305000,84310000,19083,5000,5923221.0,5884.08537845
84310000,84315000,19084,5000,5923520.0,5884.26281813
84315000,84320000,19085,5000,5923820.0,5884.40313807
84320000,84325000,19086,5000,5924119.0,5884.5016525
84325000,84330000,19087,5000,5924418.0,5884.65934156
84330000,84335000,19088,5000,5924717.0,5884.79328605
84335000,84340000,19089,5000,5925016.0,5884.9312213
84340000,84345000,19090,5000,5925315.0,5885.02721102
84345000,84350000,19091,5000,5925614.0,5885.1148065
84350000,84355000,19092,5000,5925914.0,5885.27041153
84355000,84360000,19093,5000,5926213.0,5885.30861608
84360000,84365000,19094,5000,5926512.0,5885.35634555
84365000,84370000,19095,5000,5926811.0,5885.40107102
84370000,84375000,19096,5000,5927110.0,5885.4679022
84375000,84380000,19097,5000,5927409.0,5885.54112066
84380000,84385000,19098,5000,5927708.0,5885.63992394
84385000,84390000,19099,5000,5928007.0,5885.76799877
84390000,84395000,19100,5000,5928307.0,5885.86339236
84395000,84400000,19101,5000,5928606.0,5885.92916427
84400000,84405000,19102,5000,5928905.0,5885.9651256
84405000,84410000,19103,5000,5929204.0,5886.04114836
84410000,84415000,19104,5000,5929503.0,5886.04542628
84415000,84420000,19105,5000,5929802.0,5886.0786544
84420000,84425000,19106,5000,5930101.0,5886.05231629
84425000,84430000,19107,5000,5930400.0,5886.09082672
84430000,84435000,19108,5000,5930699.0,5886.14342633
84435000,84440000,19109,5000,5930999.0,5886.24387579
84440000,84445000,19110,5000,5931298.0,5886.40495712
84445000,84450000,19111,5000,5931597.0,5886.50937058
84450000,84455000,19112,5000,5931896.0,5886.54624842
84455000,84460000,19113,5000,5932195.0,5886.71968538
84460000,84465000,19114,5000,5932494.0,5886.87181016
84465000,84470000,19115,5000,5932793.0,5887.0194289
84470000,84475000,19116,5000,5933092.0,5887.11183782
84475000,84480000,19117,5000,5933392.0,5887.19832898
84480000,84485000,19118,5000,5933691.0,5887.30626873
84485000,84490000,19119,5000,5933990.0,5887.41790462
84490000,84495000,19120,5000,5934289.0,5887.38616094
84495000,84500000,19121,5000,5934588.0,5887.45979187
84500000,84505000,19122,5000,5934887.0,5887.56483214
84505000,84510000,19123,5000,5935186.0,5887.60278304
84510000,84515000,19124,5000,5935486.0,5887.69530707
84515000,84520000,19125,5000,5935785.0,5887.64858672
84520000,84525000,19126,5000,5936084.0,5887.76112018
84525000,84530000,19127,5000,5936383.0,5887.87434693
84530000,84535000,19128,5000,5936682.0,5887.91875762
84535000,84540000,19129,5000,5936981.0,5879.53114986
84540000,84545000,19130,5000,5937281.0,5876.11994102
84545000,84550000,19131,5000,5937580.0,5876.2793076
84550000,84555000,19132,5000,5937879.0,5876.44037638
84555000,84560000,19133,5000,5938178.0,5876.46074252
84560000,84565000,19134,5000,5938477.0,5876.29361534
84565000,84570000,19135,5000,5938776.0,5876.12430489
84570000,84575000,19136,5000,5939075.0,5875.95875942
84575000,84580000,19137,5000,5939374.0,5875.78918895
84580000,84585000,19138,5000,5939674.0,5875.97277342
84585000,84590000,19139,5000,5939973.0,5876.1341153
84590000,84595000,19140,5000,5940272.0,5876.31686524
84595000,84600000,19141,5000,5940571.0,5876.43157792
84600000,84605000,19142,5000,5940870.0,5876.56287844
84605000,84610000,19143,5000,5941169.0,5876.74698904
84610000,84615000,19144,5000,5941468.0,5876.90733479
84615000,84620000,19145,5000,5941767.0,5877.06767314
84620000,84625000,19146,5000,5942067.0,5877.1832849
84625000,84630000,19147,5000,5942366.0,5877.34317862
84630000,84635000,19148,5000,5942665.0,5877.52738554
84635000,84640000,19149,5000,5942964.0,5877.68693888
84640000,84645000,19150,5000,5943263.0,5877.80213574
84645000,84650000,19151,5000,5943562.0,5877.98750691
84650000,84655000,19152,5000,5943861.0,5878.14968797
84655000,84660000,19153,5000,5944160.0,5878.33424937
84660000,84665000,19154,5000,5944459.0,5878.51855293
84665000,84670000,19155,5000,5944759.0,5878.67971345
84670000,84675000,19156,5000,5945058.0,5878.84070236
84675000,84680000,19157,5000,5945357.0,5879.00226603
84680000,84685000,19158,5000,5945656.0,5879.16430466
84685000,84690000,19159,5000,5945955.0,5879.32478357
84690000,84695000,19160,5000,5946254.0,5879.43926532
84695000,84700000,19161,5000,5946553.0,5879.5574545
84700000,84705000,19162,5000,5946853.0,5879.71941658
84705000,84710000,19163,5000,5947152.0,5879.87871518
84710000,84715000,19164,5000,5947451.0,5879.99229443
84715000,84720000,19165,5000,5947750.0,5880.15161273
84720000,84725000,19166,5000,5948049.0,5880.31170813
84725000,84730000,19167,5000,5948348.0,5880.47213988
84730000,84735000,19168,5000,5948647.0,5880.63100498
84735000,84740000,19169,5000,5948946.0,5880.74390798
84740000,84745000,19170,5000,5949245.0,5880.76443902
84745000,84750000,19171,5000,5949544.0,5880.94705179
84750000,84755000,19172,5000,5949843.0,5881.1079449
84755000,84760000,19173,5000,5950143.0,5881.22133812
84760000,84765000,19174,5000,5950442.0,5881.37717693
84765000,84770000,19175,5000,5950741.0,5881.5510106
84770000,84775000,19176,5000,5951040.0,5881.59945024
84775000,84780000,19177,5000,5951339.0,5881.7318626
84780000,84785000,19178,5000,5951638.0,5881.86861104
84785000,84790000,19179,5000,5951937.0,5881.91422351
84790000,84795000,19180,5000,5952236.0,5881.96060539
84795000,84800000,19181,5000,5952535.0,5882.13472998
84800000,84805000,19182,5000,5952834.0,5882.3136895
84805000,84810000,19183,5000,5953134.0,5882.47077327
84810000,84815000,19184,5000,5953433.0,5882.59543343
84815000,84820000,19185,5000,5953732.0,5882.75411954
84820000,84825000,19186,5000,5954031.0,5882.85884515
84825000,84830000,19187,5000,5954330.0,5882.85347281
84830000,84835000,19188,5000,5954629.0,5882.9637252
84835000,84840000,19189,5000,5954928.0,5883.04803721
84840000,84845000,19190,5000,5955228.0,5881.10500576
84845000,84850000,19191,5000,5955527.0,5881.18366382
84850000,84855000,19192,5000,5955826.0,5879.78403525
84855000,84860000,19193,5000,5956125.0,5878.95927514
84860000,84865000,19194,5000,5956424.0,5879.05983596
84865000,84870000,19195,5000,5956723.0,5879.13759095
84870000,84875000,19196,5000,5957022.0,5879.24942614
84875000,84880000,19197,5000,5957322.0,5879.40631551
84880000,84885000,19198,5000,5957621.0,5879.48647703
84885000,84890000,19199,5000,5957920.0,5879.58857014
84890000,84895000,19200,5000,5958219.0,5879.6365763
84895000,84900000,19201,5000,5958518.0,5879.74447088
84900000,84905000,19202,5000,5958817.0,5879.84709657
84905000,84910000,19203,5000,5959116.0,5879.95086503
84910000,84915000,19204,5000,5959415.0,5879.98846272
84915000,84920000,19205,5000,5959714.0,5880.08865141
84920000,84925000,19206,5000,5960013.0,5880.26379807
84925000,84930000,19207,5000,5960313.0,5880.34724588
84930000,84935000,19208,5000,5960612.0,5880.43329867
84935000,84940000,19209,5000,5960911.0,5880.54315164
84940000,84945000,19210,5000,5961210.0,5880.72054267
84945000,84950000,19211,5000,5961509.0,5880.8772803
84950000,84955000,19212,5000,5961808.0,5880.9874195
84955000,84960000,19213,5000,5962107.0,5881.14288913
84960000,84965000,19214,5000,5962407.0,5881.30255082
84965000,84970000,19215,5000,5962706.0,5881.41052696
84970000,84975000,19216,5000,5963005.0,5881.51229581
84975000,84980000,19217,5000,5963304.0,5881.67051293
84980000,84985000,19218,5000,5963603.0,5881.6438692
84985000,84990000,19219,5000,5963902.0,5881.74953439
84990000,84995000,19220,5000,5964201.0,5881.80610286
84995000,85000000,19221,5000,5964500.0,5881.82464926
85000000,85005000,19222,5000,5964800.0,5881.8552607
85005000,85010000,19223,5000,5965109.0,5881.95319356
85010000,85015000,19224,5000,5965418.0,5882.01922009
85015000,85020000,19225,5000,5965727.0,5882.06343005
85020000,85025000,19226,5000,5966036.0,5882.11014704
85025000,85030000,19227,5000,5966346.0,5882.07966208
85030000,85035000,19228,5000,5966655.0,5882.19445211
85035000,85040000,19229,5000,5966964.0,5882.30665488
85040000,85045000,19230,5000,5967273.0,5882.42205641
85045000,85050000,19231,5000,5967582.0,5882.46690418
85050000,85055000,19232,5000,5967891.0,5882.51259543
85055000,85060000,19233,5000,5968200.0,5882.50420838
85060000,85065000,19234,5000,5968510.0,5882.57328786
85065000,85070000,19235,5000,5968819.0,5882.62644071
85070000,85075000,19236,5000,5969128.0,5882.72115705
85075000,85080000,19237,5000,5969437.0,5882.82632591
85080000,85085000,19238,5000,5969746.0,5883.00451172
85085000,85090000,19239,5000,5970055.0,5883.17790591
85090000,85095000,19240,5000,5970364.0,5883.33179708
85095000,85100000,19241,5000,5970674.0,5883.36710366
85100000,85105000,19242,5000,5970983.0,5883.45895371
85105000,85110000,19243,5000,5971292.0,5883.59129536
85110000,85115000,19244,5000,5971602.0,5883.6868518
85115000,85120000,19245,5000,5971911.0,5883.78692939
85120000,85125000,19246,5000,5972220.0,5883.86624679
85125000,85130000,19247,5000,5972529.0,5883.98688957
85130000,85135000,19248,5000,5972838.0,5884.07218764
85135000,85140000,19249,5000,5973148.0,5884.13769043
85140000,85145000,19250,5000,5973457.0,5884.09395323
85145000,85150000,19251,5000,5973766.0,5884.11279798
85150000,85155000,19252,5000,5974075.0,5884.13435883
85155000,85160000,19253,5000,5974384.0,5884.09551424
85160000,85165000,19254,5000,5974694.0,5883.87181378
85165000,85170000,19255,5000,5975003.0,5883.86116701
85170000,85175000,19256,5000,5975312.0,5883.75433977
85175000,85180000,19257,5000,5975621.0,5883.76409861
85180000,85185000,19258,5000,5975930.0,5883.73267447
85185000,85190000,19259,5000,5976240.0,5883.5119576
85190000,85195000,19260,5000,5976549.0,5883.27717134
85195000,85200000,19261,5000,5976858.0,5883.32865358
85200000,85205000,19262,5000,5977167.0,5883.46780423
85205000,85210000,19263,5000,5977476.0,5883.59157128
85210000,85215000,19264,5000,5977786.0,5883.75632003
85215000,85220000,19265,5000,5978095.0,5883.9233076
85220000,85225000,19266,5000,5978404.0,5884.10501583
85225000,85230000,19267,5000,5978713.0,5884.19391669
85230000,85235000,19268,5000,5979023.0,5884.3758571
85235000,85240000,19269,5000,5979332.0,5884.47966704
85240000,85245000,19270,5000,5979641.0,5884.55524458
85245000,85250000,19271,5000,5979950.0,5884.62933344
85250000,85255000,19272,5000,5980259.0,5884.73984537
85255000,85260000,19273,5000,5980569.0,5884.80228853
85260000,85265000,19274,5000,5980878.0,5884.89226463
85265000,85270000,19275,5000,5981187.0,5884.88462468
85270000,85275000,19276,5000,5981497.0,5885.02559451
85275000,85280000,19277,5000,5981806.0,5885.13325338
85280000,85285000,19278,5000,5982115.0,5885.18388566
85285000,85290000,19279,5000,5982425.0,5885.297088
85290000,85295000,19280,5000,5982734.0,5885.12537059
85295000,85300000,19281,5000,5983043.0,5885.11066916
85300000,85305000,19282,5000,5983352.0,5885.06136552
85305000,85310000,19283,5000,5983662.0,5885.19750315
85310000,85315000,19284,5000,5983971.0,5885.27780567
85315000,85320000,19285,5000,5984280.0,5885.37720251
85320000,85325000,19286,5000,5984589.0,5885.54035318
85325000,85330000,19287,5000,5984899.0,5885.69800312
85330000,85335000,19288,5000,5985208.0,5885.78414587
85335000,85340000,19289,5000,5985517.0,5885.96416925
85340000,85345000,19290,5000,5985826.0,5886.06646195
85345000,85350000,19291,5000,5986135.0,5886.16303057
85350000,85355000,19292,5000,5986445.0,5886.25795936
85355000,85360000,19293,5000,5986754.0,5886.25881571
85360000,85365000,19294,5000,5987063.0,5886.01786707
85365000,85370000,19295,5000,5987372.0,5885.79230688
85370000,85375000,19296,5000,5987682.0,5885.62695371
85375000,85380000,19297,5000,5987991.0,5885.44584141
85380000,85385000,19298,5000,5988300.0,5885.57909983
85385000,85390000,19299,5000,5988610.0,5885.67691566
85390000,85395000,19300,5000,5988919.0,5885.80980165
85395000,85400000,19301,5000,5989228.0,5885.9277786
85400000,85405000,19302,5000,5989537.0,5886.03409339
85405000,85410000,19303,5000,5989847.0,5886.14083349
85410000,85415000,19304,5000,5990156.0,5886.22039304
85415000,85420000,19305,5000,5990465.0,5886.33170231
85420000,85425000,19306,5000,5990774.0,5886.32132283
85425000,85430000,19307,5000,5991084.0,5886.36065364
85430000,85435000,19308,5000,5991393.0,5886.47113297
85435000,85440000,19309,5000,5991702.0,5886.57180698
85440000,85445000,19310,5000,5992012.0,5886.7107248
85445000,85450000,19311,5000,5992320.0,5883.00390505
85450000,85455000,19312,5000,5992630.0,5879.37444652
85455000,85460000,19313,5000,5992939.0,5879.44668941
85460000,85465000,19314,5000,5993248.0,5879.55031541
85465000,85470000,19315,5000,5993558.0,5879.66386093
85470000,85475000,19316,5000,5993867.0,5879.61873499
85475000,85480000,19317,5000,5994176.0,5879.66144513
85480000,85485000,19318,5000,5994485.0,5879.72818777
85485000,85490000,19319,5000,5994794.0,5879.90930472
85490000,85495000,19320,5000,5995104.0,5880.06786971
85495000,85500000,19321,5000,5995413.0,5880.17922239
85500000,85505000,19322,5000,5995722.0,5880.24403888
85505000,85510000,19323,5000,5996031.0,5880.41185933
85510000,85515000,19324,5000,5996340.0,5880.52925774
85515000,85520000,19325,5000,5996650.0,5880.63000418
85520000,85525000,19326,5000,5996959.0,5880.74823488
85525000,85530000,19327,5000,5997268.0,5880.79753002
85530000,85535000,19328,5000,5997577.0,5880.83468683
85535000,85540000,19329,5000,5997886.0,5880.93060476
85540000,85545000,19330,5000,5998196.0,5881.03032153
85545000,85550000,19331,5000,5998505.0,5881.1361432
85550000,85555000,19332,5000,5998814.0,5881.16881696
85555000,85560000,19333,5000,5999123.0,5881.28813439
85560000,85565000,19334,5000,5999432.0,5881.38768521
85565000,85570000,19335,5000,5999742.0,5881.50631458
85570000,85575000,19336,5000,6000051.0,5881.61992585
85575000,85580000,19337,5000,6000360.0,5881.73445079
85580000,85585000,19338,5000,6000669.0,5881.89982671
85585000,85590000,19339,5000,6000978.0,5882.06231784
85590000,85595000,19340,5000,6001288.0,5882.09675109
85595000,85600000,19341,5000,6001596.0,5882.21096459
85600000,85605000,19342,5000,6001906.0,5882.32770826
85605000,85610000,19343,5000,6002215.0,5882.46269511
85610000,85615000,19344,5000,6002524.0,5882.52801135
85615000,85620000,19345,5000,6002833.0,5882.66779792
85620000,85625000,19346,5000,6003143.0,5882.7855965
85625000,85630000,19347,5000,6003452.0,5882.90294237
85630000,85635000,19348,5000,6003761.0,5882.86359501
85635000,85640000,19349,5000,6004071.0,5882.80872319
85640000,85645000,19350,5000,6004380.0,5882.76884458
85645000,85650000,19351,5000,6004689.0,5882.73224363
85650000,85655000,19352,5000,6004998.0,5882.51755581
85655000,85660000,19353,5000,6005307.0,5882.66890248
85660000,85665000,19354,5000,6005616.0,5882.78347614
85665000,85670000,19355,5000,6005925.0,5882.86704695
85670000,85675000,19356,5000,6006235.0,5883.0043089
85675000,85680000,19357,5000,6006544.0,5883.160834
85680000,85685000,19358,5000,6006853.0,5883.33694241
85685000,85690000,19359,5000,6007162.0,5883.4486605
85690000,85695000,19360,5000,6007472.0,5883.58867606
85695000,85700000,19361,5000,6007781.0,5883.76306692
85700000,85705000,19362,5000,6008090.0,5883.92228291
85705000,85710000,19363,5000,6008399.0,5882.60033934
85710000,85715000,19364,5000,6008708.0,5882.71676219
85715000,85720000,19365,5000,6009018.0,5882.8329346
85720000,85725000,19366,5000,6009327.0,5882.96777123
85725000,85730000,19367,5000,6009636.0,5883.09369696
85730000,85735000,19368,5000,6009945.0,5883.18142007
85735000,85740000,19369,5000,6010255.0,5883.29198284
85740000,85745000,19370,5000,6010564.0,5883.36671894
85745000,85750000,19371,5000,6010873.0,5883.46467337
85750000,85755000,19372,5000,6011182.0,5883.5807319
85755000,85760000,19373,5000,6011492.0,5883.59306021
85760000,85765000,19374,5000,6011801.0,5883.64279371
85765000,85770000,19375,5000,6012110.0,5883.78130032
85770000,85775000,19376,5000,6012419.0,5883.88001693
85775000,85780000,19377,5000,6012728.0,5884.03270201
85780000,85785000,19378,5000,6013037.0,5884.16607317
85785000,85790000,19379,5000,6013346.0,5884.21505342
85790000,85795000,19380,5000,6013656.0,5884.32105988
85795000,85800000,19381,5000,6013965.0,5884.42805478
85800000,85805000,19382,5000,6014274.0,5884.53287916
85805000,85810000,19383,5000,6014583.0,5884.49403789
85810000,85815000,19384,5000,6014892.0,5884.54929293
85815000,85820000,19385,5000,6015202.0,5884.51043642
85820000,85825000,19386,5000,6015511.0,5884.636709
85825000,85830000,19387,5000,6015820.0,5884.75143842
85830000,85835000,19388,5000,6016130.0,5884.82402355
85835000,85840000,19389,5000,6016439.0,5884.81896953
85840000,85845000,19390,5000,6016748.0,5884.95791735
85845000,85850000,19391,5000,6017057.0,5885.04229629
85850000,85855000,19392,5000,6017366.0,5885.12696266
85855000,85860000,19393,5000,6017675.0,5885.17358404
85860000,85865000,19394,5000,6017984.0,5885.12809862
85865000,85870000,19395,5000,6018294.0,5885.12929039
85870000,85875000,19396,5000,6018603.0,5885.14205674
85875000,85880000,19397,5000,6018912.0,5885.11847502
85880000,85885000,19398,5000,6019221.0,5885.06562214
85885000,85890000,19399,5000,6019530.0,5885.08692057
85890000,85895000,19400,5000,6019839.0,5884.89693644
85895000,85900000,19401,5000,6020149.0,5884.96463027
85900000,85905000,19402,5000,6020458.0,5885.03753094
85905000,85910000,19403,5000,6020767.0,5885.01445916
85910000,85915000,19404,5000,6021076.0,5884.98035719
85915000,85920000,19405,5000,6021385.0,5885.02958251
85920000,85925000,19406,5000,6021695.0,5885.106148
85925000,85930000,19407,5000,6022004.0,5885.22607984
85930000,85935000,19408,5000,6022313.0,5885.21384215
85935000,85940000,19409,5000,6022622.0,5885.22828662
85940000,85945000,19410,5000,6022932.0,5885.33414839
85945000,85950000,19411,5000,6023241.0,5885.49170253
85950000,85955000,19412,5000,6023550.0,5885.65037736
85955000,85960000,19413,5000,6023859.0,5885.76635613
85960000,85965000,19414,5000,6024169.0,5885.87828368
85965000,85970000,19415,5000,6024478.0,5885.98673709
85970000,85975000,19416,5000,6024787.0,5886.02996604
85975000,85980000,19417,5000,6025096.0,5886.06902208
85980000,85985000,19418,5000,6025405.0,5886.01033828
85985000,85990000,19419,5000,6025714.0,5886.07390685
85990000,85995000,19420,5000,6026024.0,5886.14193297
85995000,86000000,19421,5000,6026333.0,5886.18336319
86000000,86005000,19422,5000,6026642.0,5886.31794313
86005000,86010000,19423,5000,6026957.0,5886.4356038
86010000,86015000,19424,5000,6027272.0,5886.55292927
86015000,86020000,19425,5000,6027587.0,5886.65532734
86020000,86025000,19426,5000,6027902.0,5886.79168315
86025000,86030000,19427,5000,6028217.0,5886.83012254
86030000,86035000,19428,5000,6028532.0,5886.87246177
86035000,86040000,19429,5000,6028847.0,5886.92878324
86040000,86045000,19430,5000,6029162.0,5887.07282351
86045000,86050000,19431,5000,6029477.0,5887.19857605
86050000,86055000,19432,5000,6029792.0,5887.25595918
86055000,86060000,19433,5000,6030107.0,5886.21179028
86060000,86065000,19434,5000,6030422.0,5886.3999999
86065000,86070000,19435,5000,6030737.0,5886.48940724
86070000,86075000,19436,5000,6031052.0,5886.68392664
86075000,86080000,19437,5000,6031367.0,5886.85623639
86080000,86085000,19438,5000,6031682.0,5887.00802519
86085000,86090000,19439,5000,6031997.0,5887.14997416
86090000,86095000,19440,5000,6032313.0,5887.3211563
86095000,86100000,19441,5000,6032628.0,5887.49132439
86100000,86105000,19442,5000,6032943.0,5887.66333531
86105000,86110000,19443,5000,6033258.0,5887.8338218
86110000,86115000,19444,5000,6033573.0,5887.8664355
86115000,86120000,19445,5000,6033888.0,5888.05704956
86120000,86125000,19446,5000,6034203.0,5888.04954622
86125000,86130000,19447,5000,6034518.0,5888.07752574
86130000,86135000,19448,5000,6034833.0,5888.10190166
86135000,86140000,19449,5000,6035148.0,5887.90299268
86140000,86145000,19450,5000,6035463.0,5887.74536367
86145000,86150000,19451,5000,6035778.0,5887.73521466
86150000,86155000,19452,5000,6036093.0,5887.69492721
86155000,86160000,19453,5000,6036408.0,5887.46955702
86160000,86165000,19454,5000,6036723.0,5887.49893512
86165000,86170000,19455,5000,6037038.0,5887.52198324
86170000,86175000,19456,5000,6037353.0,5887.66222038
86175000,86180000,19457,5000,6037668.0,5887.81545431
86180000,86185000,19458,5000,6037983.0,5887.95609574
86185000,86190000,19459,5000,6038297.0,5888.12992095
86190000,86195000,19460,5000,6038612.0,5888.31486004
86195000,86200000,19461,5000,6038927.0,5888.48261794
86200000,86205000,19462,5000,6039242.0,5888.60121186
86205000,86210000,19463,5000,6039557.0,5884.13303425
86210000,86215000,19464,5000,6039872.0,5883.91064159
86215000,86220000,19465,5000,6040187.0,5883.83294195
86220000,86225000,19466,5000,6040502.0,5883.9474463
86225000,86230000,19467,5000,6040817.0,5884.09933401
86230000,86235000,19468,5000,6041132.0,5884.24146525
86235000,86240000,19469,5000,6041447.0,5884.32747212
86240000,86245000,19470,5000,6041762.0,5884.51691612
86245000,86250000,19471,5000,6042077.0,5884.61235935
86250000,86255000,19472,5000,6042392.0,5884.76097413
86255000,86260000,19473,5000,6042707.0,5884.84599469
86260000,86265000,19474,5000,6043022.0,5884.94755973
86265000,86270000,19475,5000,6043337.0,5884.99029125
86270000,86275000,19476,5000,6043652.0,5885.06671422
86275000,86280000,19477,5000,6043967.0,5885.13793808
86280000,86285000,19478,5000,6044282.0,5885.32385909
86285000,86290000,19479,5000,6044597.0,5885.44402353
86290000,86295000,19480,5000,6044912.0,5885.58571643
86295000,86300000,19481,5000,6045227.0,5885.69497927
86300000,86305000,19482,5000,6045542.0,5885.80154063
86305000,86310000,19483,5000,6045857.0,5885.91032435
86310000,86315000,19484,5000,6046172.0,5885.99956193
86315000,86320000,19485,5000,6046487.0,5886.11433549
86320000,86325000,19486,5000,6046802.0,5886.21586662
86325000,86330000,19487,5000,6047117.0,5886.38556342
86330000,86335000,19488,5000,6047432.0,5886.49353676
86335000,86340000,19489,5000,6047747.0,5886.53992471
86340000,86345000,19490,5000,6048062.0,5886.68344237
86345000,86350000,19491,5000,6048377.0,5886.85129641
86350000,86355000,19492,5000,6048692.0,5886.91805042
86355000,86360000,19493,5000,6049007.0,5887.01078672
86360000,86365000,19494,5000,6049322.0,5887.12585522
86365000,86370000,19495,5000,6049637.0,5887.24618607
86370000,86375000,19496,5000,6049952.0,5887.41271109
86375000,86380000,19497,5000,6050267.0,5887.52991595
86380000,86385000,19498,5000,6050582.0,5887.49470607
86385000,86390000,19499,5000,6050897.0,5887.66928799
86390000,86395000,19500,5000,6051212.0,5887.72707135
86395000,86400000,19501,5000,6051527.0,5887.77901114
86400000,86405000,19502,5000,6051842.0,5887.83979636
86405000,86410000,19503,5000,6052157.0,5887.92487079
86410000,86415000,19504,5000,6052472.0,5888.05026311
86415000,86420000,19505,5000,6052787.0,5888.16184491
86420000,86425000,19506,5000,6053102.0,5888.26583453
86425000,86430000,19507,5000,6053417.0,5888.38347733
86430000,86435000,19508,5000,6053732.0,5888.5407838
86435000,86440000,19509,5000,6054047.0,5888.62283572
86440000,86445000,19510,5000,6054362.0,5888.74185965
86445000,86450000,19511,5000,6054677.0,5888.86401545
86450000,86455000,19512,5000,6054992.0,5888.92313186
86455000,86460000,19513,5000,6055307.0,5889.06333054
86460000,86465000,19514,5000,6055622.0,5889.16939199
86465000,86470000,19515,5000,6055937.0,5889.29216373
86470000,86475000,19516,5000,6056252.0,5889.41995684
86475000,86480000,19517,5000,6056568.0,5889.53379022
86480000,86485000,19518,5000,6056883.0,5889.7164904
86485000,86490000,19519,5000,6057198.0,5889.74038371
86490000,86495000,19520,5000,6057513.0,5889.86498547
86495000,86500000,19521,5000,6057828.0,5890.00311181
86500000,86505000,19522,5000,6058143.0,5889.17177962
86505000,86510000,19523,5000,6058458.0,5888.71069807
86510000,86515000,19524,5000,6058773.0,5888.73434819
86515000,86520000,19525,5000,6059088.0,5888.89693076
86520000,86525000,19526,5000,6059403.0,5888.94247232
86525000,86530000,19527,5000,6059718.0,5889.04159096
86530000,86535000,19528,5000,6060033.0,5889.02562552
86535000,86540000,19529,5000,6060348.0,5889.16847147
86540000,86545000,19530,5000,6060663.0,5889.31690636
86545000,86550000,19531,5000,6060978.0,5889.44921132
86550000,86555000,19532,5000,6061293.0,5889.5459891
86555000,86560000,19533,5000,6061608.0,5889.71384558
86560000,86565000,19534,5000,6061923.0,5889.87688193
86565000,86570000,19535,5000,6062238.0,5890.0444129
86570000,86575000,19536,5000,6062553.0,5890.20843491
86575000,86580000,19537,5000,6062868.0,5890.33723631
86580000,86585000,19538,5000,6063183.0,5890.50344043
86585000,86590000,19539,5000,6063498.0,5890.61992192
86590000,86595000,19540,5000,6063813.0,5890.71881192
86595000,86600000,19541,5000,6064128.0,5890.75504509
86600000,86605000,19542,5000,6064443.0,5890.89030944
86605000,86610000,19543,5000,6064758.0,5890.94168345
86610000,86615000,19544,5000,6065073.0,5891.02986371
86615000,86620000,19545,5000,6065388.0,5891.03004672
86620000,86625000,19546,5000,6065703.0,5891.19348931
86625000,86630000,19547,5000,6066018.0,5891.38067556
86630000,86635000,19548,5000,6066333.0,5891.48174089
86635000,86640000,19549,5000,6066648.0,5891.64989052
86640000,86645000,19550,5000,6066963.0,5891.77405734
86645000,86650000,19551,5000,6067278.0,5891.93534297
86650000,86655000,19552,5000,6067593.0,5892.05104739
86655000,86660000,19553,5000,6067907.0,5892.16800499
86660000,86665000,19554,5000,6068222.0,5892.29050406
86665000,86670000,19555,5000,6068537.0,5892.41097393
86670000,86675000,19556,5000,6068852.0,5892.58204373
86675000,86680000,19557,5000,6069167.0,5892.70853531
86680000,86685000,19558,5000,6069482.0,5892.83449266
86685000,86690000,19559,5000,6069797.0,5892.94192801
86690000,86695000,19560,5000,6070112.0,5893.0075012
86695000,86700000,19561,5000,6070427.0,5893.13210358
86700000,86705000,19562,5000,6070742.0,5893.25680741
86705000,86710000,19563,5000,6071057.0,5893.39449407
86710000,86715000,19564,5000,6071372.0,5893.47266076
86715000,86720000,19565,5000,6071687.0,5893.64263289
86720000,86725000,19566,5000,6072002.0,5893.71772319
86725000,86730000,19567,5000,6072317.0,5893.86680982
86730000,86735000,19568,5000,6072632.0,5893.98724518
86735000,86740000,19569,5000,6072947.0,5894.16541075
86740000,86745000,19570,5000,6073262.0,5894.33360927
86745000,86750000,19571,5000,6073577.0,5894.50190361
86750000,86755000,19572,5000,6073892.0,5894.62206695
86755000,86760000,19573,5000,6074207.0,5894.72885934
86760000,86765000,19574,5000,6074522.0,5894.91444424
86765000,86770000,19575,5000,6074837.0,5895.0794797
86770000,86775000,19576,5000,6075152.0,5895.24741924
86775000,86780000,19577,5000,6075467.0,5895.32594317
86780000,86785000,19578,5000,6075782.0,5895.35834298
86785000,86790000,19579,5000,6076097.0,5895.4287278
86790000,86795000,19580,5000,6076412.0,5895.61278166
86795000,86800000,19581,5000,6076727.0,5895.75009991
86800000,86805000,19582,5000,6077042.0,5895.91147033
86805000,86810000,19583,5000,6077357.0,5896.02784277
86810000,86815000,19584,5000,6077672.0,5896.1855696
86815000,86820000,19585,5000,6077987.0,5896.3705739
86820000,86825000,19586,5000,6078302.0,5896.48271803
86825000,86830000,19587,5000,6078617.0,5896.64086161
86830000,86835000,19588,5000,6078932.0,5896.82728365
86835000,86840000,19589,5000,6079247.0,5896.94846501
86840000,86845000,19590,5000,6079562.0,5897.06582843
86845000,86850000,19591,5000,6079877.0,5897.0518405
86850000,86855000,19592,5000,6080192.0,5897.10707045
86855000,86860000,19593,5000,6080507.0,5897.14856976
86860000,86865000,19594,5000,6080822.0,5897.1896822
86865000,86870000,19595,5000,6081137.0,5897.30283859
86870000,86875000,19596,5000,6081452.0,5897.32623496
86875000,86880000,19597,5000,6081767.0,5897.16897562
86880000,86885000,19598,5000,6082082.0,5897.30371218
86885000,86890000,19599,5000,6082397.0,5897.46987205
86890000,86895000,19600,5000,6082712.0,5897.63451623
86895000,86900000,19601,5000,6083027.0,5897.82125219
86900000,86905000,19602,5000,6083341.0,5897.98210954
86905000,86910000,19603,5000,6083657.0,5898.14702899
86910000,86915000,19604,5000,6083972.0,5898.26803393
86915000,86920000,19605,5000,6084287.0,5898.29282351
86920000,86925000,19606,5000,6084602.0,5894.99044629
86925000,86930000,19607,5000,6084917.0,5892.83493119
86930000,86935000,19608,5000,6085232.0,5892.95643604
86935000,86940000,19609,5000,6085547.0,5887.37119724
86940000,86945000,19610,5000,6085861.0,5887.39787846
86945000,86950000,19611,5000,6086176.0,5887.4217416
86950000,86955000,19612,5000,6086491.0,5887.47064259
86955000,86960000,19613,5000,6086806.0,5887.4542669
86960000,86965000,19614,5000,6087121.0,5887.43722233
86965000,86970000,19615,5000,6087436.0,5887.61710559
86970000,86975000,19616,5000,6087751.0,5887.78176604
86975000,86980000,19617,5000,6088066.0,5887.83194096
86980000,86985000,19618,5000,6088381.0,5887.92334204
86985000,86990000,19619,5000,6088696.0,5888.08649167
86990000,86995000,19620,5000,6089011.0,5888.21047022
86995000,87000000,19621,5000,6089326.0,5888.35938082
87000000,87005000,19622,5000,6089641.0,5888.48435665
87005000,87010000,19623,5000,6089951.0,5888.63978222
87010000,87015000,19624,5000,6090261.0,5888.61707955
87015000,87020000,19625,5000,6090570.0,5888.65287504
87020000,87025000,19626,5000,6090880.0,5888.69339134
87025000,87030000,19627,5000,6091189.0,5888.81003807
87030000,87035000,19628,5000,6091499.0,5888.92756561
87035000,87040000,19629,5000,6091809.0,5889.04195996
87040000,87045000,19630,5000,6092118.0,5889.15470856
87045000,87050000,19631,5000,6092428.0,5885.57568211
87050000,87055000,19632,5000,6092737.0,5883.70679043
87055000,87060000,19633,5000,6093047.0,5877.8665533
87060000,87065000,19634,5000,6093357.0,5873.73498288
87065000,87070000,19635,5000,6093666.0,5873.29113114
87070000,87075000,19636,5000,6093976.0,5873.00726209
87075000,87080000,19637,5000,6094285.0,5873.11480851
87080000,87085000,19638,5000,6094595.0,5873.20365464
87085000,87090000,19639,5000,6094905.0,5873.2489379
87090000,87095000,19640,5000,6095214.0,5873.30177057
87095000,87100000,19641,5000,6095524.0,5873.41312453
87100000,87105000,19642,5000,6095834.0,5873.59495226
87105000,87110000,19643,5000,6096143.0,5873.75504035
87110000,87115000,19644,5000,6096453.0,5873.85880996
87115000,87120000,19645,5000,6096762.0,5873.99451843
87120000,87125000,19646,5000,6097072.0,5874.13979539
87125000,87130000,19647,5000,6097381.0,5874.30029967
87130000,87135000,19648,5000,6097691.0,5874.41445892
87135000,87140000,19649,5000,6098000.0,5874.42577015
87140000,87145000,19650,5000,6098310.0,5874.60482598
87145000,87150000,19651,5000,6098620.0,5874.76647735
87150000,87155000,19652,5000,6098929.0,5874.92355272
87155000,87160000,19653,5000,6099239.0,5875.03823006
87160000,87165000,19654,5000,6099548.0,5875.19906002
87165000,87170000,19655,5000,6099858.0,5875.26786152
87170000,87175000,19656,5000,6100167.0,5874.19393808
87175000,87180000,19657,5000,6100477.0,5873.75397892
87180000,87185000,19658,5000,6100786.0,5873.55721404
87185000,87190000,19659,5000,6101096.0,5873.50528262
87190000,87195000,19660,5000,6101405.0,5873.65210838
87195000,87200000,19661,5000,6101715.0,5873.7511931
87200000,87205000,19662,5000,6102025.0,5873.81038607
87205000,87210000,19663,5000,6102334.0,5873.90282431
87210000,87215000,19664,5000,6102644.0,5874.01607607
87215000,87220000,19665,5000,6102953.0,5873.79569558
87220000,87225000,19666,5000,6103263.0,5873.80246118
87225000,87230000,19667,5000,6103572.0,5873.91328168
87230000,87235000,19668,5000,6103882.0,5874.0722516
87235000,87240000,19669,5000,6104191.0,5874.18106137
87240000,87245000,19670,5000,6104501.0,5874.36599803
87245000,87250000,19671,5000,6104811.0,5874.41299821
87250000,87255000,19672,5000,6105120.0,5874.50099601
87255000,87260000,19673,5000,6105430.0,5874.59163565
87260000,87265000,19674,5000,6105739.0,5874.66206399
87265000,87270000,19675,5000,6106049.0,5874.76940414
87270000,87275000,19676,5000,6106358.0,5874.88610715
87275000,87280000,19677,5000,6106668.0,5874.98295456
87280000,87285000,19678,5000,6106978.0,5875.05356426
87285000,87290000,19679,5000,6107287.0,5875.07591805
87290000,87295000,19680,5000,6107597.0,5875.06933009
87295000,87300000,19681,5000,6107906.0,5875.20263105
87300000,87305000,19682,5000,6108216.0,5875.32078122
87305000,87310000,19683,5000,6108526.0,5875.39125082
87310000,87315000,19684,5000,6108835.0,5875.501729
87315000,87320000,19685,5000,6109145.0,5875.568972
87320000,87325000,19686,5000,6109454.0,5875.70125441
87325000,87330000,19687,5000,6109764.0,5875.80369402
87330000,87335000,19688,5000,6110074.0,5875.77293141
87335000,87340000,19689,5000,6110383.0,5875.91835173
87340000,87345000,19690,5000,6110693.0,5875.96492536
87345000,87350000,19691,5000,6111002.0,5876.08044091
87350000,87355000,19692,5000,6111312.0,5876.19772585
87355000,87360000,19693,5000,6111622.0,5876.31703765
87360000,87365000,19694,5000,6111931.0,5876.43256536
87365000,87370000,19695,5000,6112241.0,5876.45729032
87370000,87375000,19696,5000,6112550.0,5876.41267433
87375000,87380000,19697,5000,6112860.0,5876.37950458
87380000,87385000,19698,5000,6113170.0,5876.34714661
87385000,87390000,19699,5000,6113479.0,5876.46996561
87390000,87395000,19700,5000,6113789.0,5876.6310769
87395000,87400000,19701,5000,6114098.0,5876.8114532
87400000,87405000,19702,5000,6114408.0,5876.92504405
87405000,87410000,19703,5000,6114717.0,5876.94762967
87410000,87415000,19704,5000,6115027.0,5877.05771142
87415000,87420000,19705,5000,6115337.0,5877.24122546
87420000,87425000,19706,5000,6115646.0,5877.39773158
87425000,87430000,19707,5000,6115956.0,5877.55295437
87430000,87435000,19708,5000,6116265.0,5877.72962314
87435000,87440000,19709,5000,6116575.0,5877.88331184
87440000,87445000,19710,5000,6116884.0,5878.04567856
87445000,87450000,19711,5000,6117194.0,5875.62343144
87450000,87455000,19712,5000,6117503.0,5874.01106815
87455000,87460000,19713,5000,6117813.0,5874.03463041
87460000,87465000,19714,5000,6118123.0,5874.05918414
87465000,87470000,19715,5000,6118432.0,5874.08185046
87470000,87475000,19716,5000,6118742.0,5874.10598157
87475000,87480000,19717,5000,6119051.0,5874.24343318
87480000,87485000,19718,5000,6119361.0,5874.3246566
87485000,87490000,19719,5000,6119670.0,5874.40102198
87490000,87495000,19720,5000,6119980.0,5874.4254116
87495000,87500000,19721,5000,6120290.0,5874.26863464
87500000,87505000,19722,5000,6120599.0,5874.28920857
87505000,87510000,19723,5000,6120909.0,5874.13314843
87510000,87515000,19724,5000,6121219.0,5874.31136181
87515000,87520000,19725,5000,6121528.0,5873.30736539
87520000,87525000,19726,5000,6121838.0,5873.46746313
87525000,87530000,19727,5000,6122147.0,5873.60644773
87530000,87535000,19728,5000,6122457.0,5873.73090558
87535000,87540000,19729,5000,6122766.0,5873.90907248
87540000,87545000,19730,5000,6123076.0,5874.0196972
87545000,87550000,19731,5000,6123386.0,5874.09883835
87550000,87555000,19732,5000,6123695.0,5874.19883203
87555000,87560000,19733,5000,6124005.0,5874.33234195
87560000,87565000,19734,5000,6124314.0,5874.45431907
87565000,87570000,19735,5000,6124624.0,5874.23269958
87570000,87575000,19736,5000,6124934.0,5874.40218469
87575000,87580000,19737,5000,6125243.0,5874.50663325
87580000,87585000,19738,5000,6125553.0,5874.57762717
87585000,87590000,19739,5000,6125862.0,5874.61694078
87590000,87595000,19740,5000,6126172.0,5874.68373402
87595000,87600000,19741,5000,6126482.0,5874.81913634
87600000,87605000,19742,5000,6126791.0,5874.93449733
87605000,87610000,19743,5000,6127101.0,5875.05071472
87610000,87615000,19744,5000,6127410.0,5875.20230617
87615000,87620000,19745,5000,6127720.0,5875.35822958
87620000,87625000,19746,5000,6128030.0,5875.50230466
87625000,87630000,19747,5000,6128339.0,5875.64091677
87630000,87635000,19748,5000,6128649.0,5875.79420395
87635000,87640000,19749,5000,6128958.0,5875.87749965
87640000,87645000,19750,5000,6129268.0,5875.92592123
87645000,87650000,19751,5000,6129577.0,5875.89390098
87650000,87655000,19752,5000,6129887.0,5875.85519528
87655000,87660000,19753,5000,6130197.0,5875.818864
87660000,87665000,19754,5000,6130506.0,5875.64782019
87665000,87670000,19755,5000,6130816.0,5875.64404232
87670000,87675000,19756,5000,6131125.0,5875.66033799
87675000,87680000,19757,5000,6131435.0,5875.68570946
87680000,87685000,19758,5000,6131744.0,5875.64443688
87685000,87690000,19759,5000,6132054.0,5873.5102996
87690000,87695000,19760,5000,6132364.0,5873.67046669
87695000,87700000,19761,5000,6132673.0,5873.82593294
87700000,87705000,19762,5000,6132983.0,5873.89431575
87705000,87710000,19763,5000,6133292.0,5873.67698117
87710000,87715000,19764,5000,6133602.0,5873.84288208
87715000,87720000,19765,5000,6133911.0,5874.00976931
87720000,87725000,19766,5000,6134221.0,5874.12154761
87725000,87730000,19767,5000,6134530.0,5874.21819262
87730000,87735000,19768,5000,6134840.0,5874.20893409
87735000,87740000,19769,5000,6135149.0,5874.26197096
87740000,87745000,19770,5000,6135459.0,5874.43823656
87745000,87750000,19771,5000,6135768.0,5874.61578099
87750000,87755000,19772,5000,6136078.0,5874.7323763
87755000,87760000,19773,5000,6136388.0,5874.89228631
87760000,87765000,19774,5000,6136697.0,5875.00465359
87765000,87770000,19775,5000,6137007.0,5875.14431585
87770000,87775000,19776,5000,6137316.0,5875.28189497
87775000,87780000,19777,5000,6137626.0,5875.46253861
87780000,87785000,19778,5000,6137936.0,5875.62547532
87785000,87790000,19779,5000,6138245.0,5875.69871622
87790000,87795000,19780,5000,6138555.0,5875.54154156
87795000,87800000,19781,5000,6138864.0,5875.67610932
87800000,87805000,19782,5000,6139174.0,5875.78125369
87805000,87810000,19783,5000,6139484.0,5875.94151354
87810000,87815000,19784,5000,6139793.0,5876.10219797
87815000,87820000,19785,5000,6140103.0,5876.06375123
87820000,87825000,19786,5000,6140412.0,5876.0256443
87825000,87830000,19787,5000,6140722.0,5873.84061666
87830000,87835000,19788,5000,6141032.0,5873.64513658
87835000,87840000,19789,5000,6141341.0,5873.82441657
87840000,87845000,19790,5000,6141651.0,5873.93744422
87845000,87850000,19791,5000,6141960.0,5873.99253786
87850000,87855000,19792,5000,6142270.0,5873.94485705
87855000,87860000,19793,5000,6142579.0,5873.98010017
87860000,87865000,19794,5000,6142889.0,5874.02971497
87865000,87870000,19795,5000,6143199.0,5874.1034208
87870000,87875000,19796,5000,6143508.0,5874.17513779
87875000,87880000,19797,5000,6143818.0,5874.34020469
87880000,87885000,19798,5000,6144128.0,5874.38144425
87885000,87890000,19799,5000,6144437.0,5874.47280704
87890000,87895000,19800,5000,6144747.0,5874.5539079
87895000,87900000,19801,5000,6145057.0,5874.67074994
87900000,87905000,19802,5000,6145366.0,5874.75679101
87905000,87910000,19803,5000,6145676.0,5874.86888456
87910000,87915000,19804,5000,6145985.0,5875.00338916
87915000,87920000,19805,5000,6146295.0,5875.13818484
87920000,87925000,19806,5000,6146605.0,5875.25844031
87925000,87930000,19807,5000,6146914.0,5875.31988261
87930000,87935000,19808,5000,6147224.0,5875.38456255
87935000,87940000,19809,5000,6147533.0,5875.48582635
87940000,87945000,19810,5000,6147843.0,5875.46954587
87945000,87950000,19811,5000,6148152.0,5874.39700487
87950000,87955000,19812,5000,6148462.0,5873.89748804
87955000,87960000,19813,5000,6148771.0,5866.69624464
87960000,87965000,19814,5000,6149081.0,5865.41607665
87965000,87970000,19815,5000,6149391.0,5865.19264477
87970000,87975000,19816,5000,6149700.0,5865.29909603
87975000,87980000,19817,5000,6150010.0,5865.45416128
87980000,87985000,19818,5000,6150319.0,5865.5819443
87985000,87990000,19819,5000,6150629.0,5865.66393684
87990000,87995000,19820,5000,6150939.0,5865.74522458
87995000,88000000,19821,5000,6151248.0,5865.92111022
88000000,88005000,19822,5000,6151558.0,5866.07405077
88005000,88010000,19823,5000,6151876.0,5866.23712374
88010000,88015000,19824,5000,6152193.0,5866.34648593
88015000,88020000,19825,5000,6152511.0,5866.48113885
88020000,88025000,19826,5000,6152829.0,5866.58936996
88025000,88030000,19827,5000,6153146.0,5866.77057691
88030000,88035000,19828,5000,6153464.0,5866.93167006
88035000,88040000,19829,5000,6153781.0,5867.06868315
88040000,88045000,19830,5000,6154099.0,5867.23358689
88045000,88050000,19831,5000,6154416.0,5867.37703924
88050000,88055000,19832,5000,6154734.0,5867.54590965
88055000,88060000,19833,5000,6155051.0,5867.73399074
88060000,88065000,19834,5000,6155369.0,5867.89444366
88065000,88070000,19835,5000,6155687.0,5868.01310352
88070000,88075000,19836,5000,6156004.0,5868.04141104
88075000,88080000,19837,5000,6156321.0,5868.09272108
88080000,88085000,19838,5000,6156639.0,5868.16098077
88085000,88090000,19839,5000,6156957.0,5868.23433158
88090000,88095000,19840,5000,6157274.0,5868.38639573
88095000,88100000,19841,5000,6157592.0,5868.48556072
88100000,88105000,19842,5000,6157909.0,5868.59070637
88105000,88110000,19843,5000,6158227.0,5868.74981796
88110000,88115000,19844,5000,6158544.0,5868.83855154
88115000,88120000,19845,5000,6158862.0,5868.95926508
88120000,88125000,19846,5000,6159179.0,5869.07749016
88125000,88130000,19847,5000,6159497.0,5869.13081006
88130000,88135000,19848,5000,6159815.0,5869.18339745
88135000,88140000,19849,5000,6160132.0,5869.22291099
88140000,88145000,19850,5000,6160450.0,5869.19270971
88145000,88150000,19851,5000,6160767.0,5869.23368791
88150000,88155000,19852,5000,6161085.0,5869.29286503
88155000,88160000,19853,5000,6161403.0,5869.40513108
88160000,88165000,19854,5000,6161720.0,5868.92002034
88165000,88170000,19855,5000,6162038.0,5869.05642933
88170000,88175000,19856,5000,6162356.0,5869.15041332
88175000,88180000,19857,5000,6162673.0,5869.11956558
88180000,88185000,19858,5000,6162991.0,5869.27825969
88185000,88190000,19859,5000,6163308.0,5869.44371246
88190000,88195000,19860,5000,6163626.0,5869.55284027
88195000,88200000,19861,5000,6163944.0,5869.70635625
88200000,88205000,19862,5000,6164261.0,5869.80954743
88205000,88210000,19863,5000,6164579.0,5869.94601157
88210000,88215000,19864,5000,6164896.0,5869.95082445
88215000,88220000,19865,5000,6165214.0,5869.98533076
88220000,88225000,19866,5000,6165531.0,5870.11076721
88225000,88230000,19867,5000,6165849.0,5870.1469851
88230000,88235000,19868,5000,6166166.0,5870.27128933
88235000,88240000,19869,5000,6166484.0,5870.30532943
88240000,88245000,19870,5000,6166802.0,5870.49871013
88245000,88250000,19871,5000,6167119.0,5870.66841561
88250000,88255000,19872,5000,6167437.0,5870.79729615
88255000,88260000,19873,5000,6167754.0,5870.92093627
88260000,88265000,19874,5000,6168072.0,5871.048344
88265000,88270000,19875,5000,6168389.0,5871.08534102
88270000,88275000,19876,5000,6168707.0,5871.21198421
88275000,88280000,19877,5000,6169024.0,5871.070971
88280000,88285000,19878,5000,6169342.0,5871.106097
88285000,88290000,19879,5000,6169660.0,5870.96699813
88290000,88295000,19880,5000,6169977.0,5870.82280265
88295000,88300000,19881,5000,6170295.0,5870.68084165
88300000,88305000,19882,5000,6170612.0,5870.8706825
88305000,88310000,19883,5000,6170930.0,5870.94661033
88310000,88315000,19884,5000,6171247.0,5871.14551084
88315000,88320000,19885,5000,6171565.0,5871.31780347
88320000,88325000,19886,5000,6171883.0,5871.48812148
88325000,88330000,19887,5000,6172200.0,5871.6103597
88330000,88335000,19888,5000,6172518.0,5871.67404409
88335000,88340000,19889,5000,6172835.0,5871.80234969
88340000,88345000,19890,5000,6173153.0,5871.89550702
88345000,88350000,19891,5000,6173470.0,5872.0660123
88350000,88355000,19892,5000,6173788.0,5872.18652798
88355000,88360000,19893,5000,6174106.0,5872.33078057
88360000,88365000,19894,5000,6174423.0,5872.43245161
88365000,88370000,19895,5000,6174741.0,5872.50700752
88370000,88375000,19896,5000,6175058.0,5872.61829369
88375000,88380000,19897,5000,6175376.0,5872.73318807
88380000,88385000,19898,5000,6175693.0,5872.84922398
88385000,88390000,19899,5000,6176011.0,5873.04115161
88390000,88395000,19900,5000,6176329.0,5873.1667073
88395000,88400000,19901,5000,6176646.0,5873.24768665
88400000,88405000,19902,5000,6176964.0,5873.29800699
88405000,88410000,19903,5000,6177281.0,5873.2721308
88410000,88415000,19904,5000,6177599.0,5873.28382596
88415000,88420000,19905,5000,6177916.0,5873.47251169
88420000,88425000,19906,5000,6178234.0,5873.60781282
88425000,88430000,19907,5000,6178551.0,5873.76128142
88430000,88435000,19908,5000,6178869.0,5873.80623016
88435000,88440000,19909,5000,6179187.0,5873.87990448
88440000,88445000,19910,5000,6179504.0,5874.00071827
88445000,88450000,19911,5000,6179821.0,5874.05810731
88450000,88455000,19912,5000,6180139.0,5874.17750786
88455000,88460000,19913,5000,6180457.0,5874.2843934
88460000,88465000,19914,5000,6180774.0,5874.42527195
88465000,88470000,19915,5000,6181092.0,5874.55928337
88470000,88475000,19916,5000,6181409.0,5874.73680638
88475000,88480000,19917,5000,6181727.0,5873.74949201
88480000,88485000,19918,5000,6182045.0,5873.93630137
88485000,88490000,19919,5000,6182362.0,5874.04006912
88490000,88495000,19920,5000,6182680.0,5874.10104831
88495000,88500000,19921,5000,6182997.0,5874.09822303
88500000,88505000,19922,5000,6183315.0,5874.23772447
88505000,88510000,19923,5000,6183632.0,5874.38699217
88510000,88515000,19924,5000,6183950.0,5874.45689436
88515000,88520000,19925,5000,6184267.0,5874.56186184
88520000,88525000,19926,5000,6184585.0,5874.54929335
88525000,88530000,19927,5000,6184903.0,5874.54785298
88530000,88535000,19928,5000,6185220.0,5874.69983997
88535000,88540000,19929,5000,6185538.0,5874.85719368
88540000,88545000,19930,5000,6185855.0,5874.94646506
88545000,88550000,19931,5000,6186173.0,5875.01339744
88550000,88555000,19932,5000,6186491.0,5875.13853279
88555000,88560000,19933,5000,6186808.0,5875.25823207
88560000,88565000,19934,5000,6187126.0,5875.33534916
88565000,88570000,19935,5000,6187443.0,5875.30277048
88570000,88575000,19936,5000,6187761.0,5875.41016599
88575000,88580000,19937,5000,6188079.0,5875.52572639
88580000,88585000,19938,5000,6188396.0,5875.59477567
88585000,88590000,19939,5000,6188714.0,5875.7821922
88590000,88595000,19940,5000,6189032.0,5875.82531566
88595000,88600000,19941,5000,6189349.0,5875.92197501
88600000,88605000,19942,5000,6189667.0,5876.04335812
88605000,88610000,19943,5000,6189984.0,5876.16912691
88610000,88615000,19944,5000,6190302.0,5876.29968238
88615000,88620000,19945,5000,6190619.0,5876.39046818
88620000,88625000,19946,5000,6190937.0,5876.50167978
88625000,88630000,19947,5000,6191255.0,5876.58086192
88630000,88635000,19948,5000,6191572.0,5876.70093804
88635000,88640000,19949,5000,6191890.0,5876.77308438
88640000,88645000,19950,5000,6192207.0,5876.80306479
88645000,88650000,19951,5000,6192525.0,5876.87589246
88650000,88655000,19952,5000,6192842.0,5876.92359427
88655000,88660000,19953,5000,6193160.0,5876.96558739
88660000,88665000,19954,5000,6193478.0,5877.07365156
88665000,88670000,19955,5000,6193795.0,5877.23811662
88670000,88675000,19956,5000,6194113.0,5877.3706027
88675000,88680000,19957,5000,6194430.0,5877.53002102
88680000,88685000,19958,5000,6194748.0,5877.63742989
88685000,88690000,19959,5000,6195065.0,5877.7310059
88690000,88695000,19960,5000,6195383.0,5877.80826519
88695000,88700000,19961,5000,6195701.0,5877.95255196
88700000,88705000,19962,5000,6196018.0,5878.09601127
88705000,88710000,19963,5000,6196336.0,5878.21495507
88710000,88715000,19964,5000,6196653.0,5878.4019957
88715000,88720000,19965,5000,6196971.0,5878.57004639
88720000,88725000,19966,5000,6197288.0,5878.75880071
88725000,88730000,19967,5000,6197606.0,5877.21688045
88730000,88735000,19968,5000,6197924.0,5865.59286984
88735000,88740000,19969,5000,6198241.0,5865.61808744
88740000,88745000,19970,5000,6198559.0,5865.74020932
88745000,88750000,19971,5000,6198876.0,5865.90664468
88750000,88755000,19972,5000,6199194.0,5865.94271523
88755000,88760000,19973,5000,6199512.0,5865.9765514
88760000,88765000,19974,5000,6199829.0,5866.009527
88765000,88770000,19975,5000,6200147.0,5865.58581627
88770000,88775000,19976,5000,6200464.0,5862.66329208
88775000,88780000,19977,5000,6200782.0,5862.69517939
88780000,88785000,19978,5000,6201099.0,5862.19854875
88785000,88790000,19979,5000,6201417.0,5862.05286525
88790000,88795000,19980,5000,6201735.0,5861.90293708
88795000,88800000,19981,5000,6202052.0,5861.73987013
88800000,88805000,19982,5000,6202370.0,5861.31445492
88805000,88810000,19983,5000,6202687.0,5861.16627254
88810000,88815000,19984,5000,6203005.0,5861.02013241
88815000,88820000,19985,5000,6203322.0,5861.19837108
88820000,88825000,19986,5000,6203640.0,5861.36790725
88825000,88830000,19987,5000,6203957.0,5861.53340535
88830000,88835000,19988,5000,6204275.0,5861.69989612
88835000,88840000,19989,5000,6204593.0,5861.88963389
88840000,88845000,19990,5000,6204910.0,5862.05450067
88845000,88850000,19991,5000,6205228.0,5862.23942806
88850000,88855000,19992,5000,6205545.0,5862.4236583
88855000,88860000,19993,5000,6205863.0,5862.55415091
88860000,88865000,19994,5000,6206180.0,5862.65481012
88865000,88870000,19995,5000,6206498.0,5856.64215141
88870000,88875000,19996,5000,6206815.0,5856.49825599
88875000,88880000,19997,5000,6207133.0,5856.49123029
88880000,88885000,19998,5000,6207450.0,5856.52468751
88885000,88890000,19999,5000,6207768.0,5856.55736469
88890000,88895000,20000,5000,6208085.0,5856.59048918
88895000,88900000,20001,5000,6208403.0,5856.56505887
88900000,88905000,20002,5000,6208721.0,5856.54121586
88905000,88910000,20003,5000,6209038.0,5856.35089856
88910000,88915000,20004,5000,6209356.0,5856.30499998
88915000,88920000,20005,5000,6209673.0,5856.36075288
88920000,88925000,20006,5000,6209991.0,5856.46101153
88925000,88930000,20007,5000,6210308.0,5856.5606508
88930000,88935000,20008,5000,6210626.0,5856.67457033
88935000,88940000,20009,5000,6210944.0,5856.79429211
88940000,88945000,20010,5000,6211261.0,5856.88647621
88945000,88950000,20011,5000,6211579.0,5856.10914121
88950000,88955000,20012,5000,6211896.0,5856.28960423
88955000,88960000,20013,5000,6212214.0,5856.45107215
88960000,88965000,20014,5000,6212531.0,5856.61412894
88965000,88970000,20015,5000,6212849.0,5856.77434034
88970000,88975000,20016,5000,6213167.0,5856.84282698
88975000,88980000,20017,5000,6213484.0,5857.02601195
88980000,88985000,20018,5000,6213802.0,5857.11824217
88985000,88990000,20019,5000,6214119.0,5857.18778136
88990000,88995000,20020,5000,6214437.0,5857.30230249
88995000,89000000,20021,5000,6214755.0,5857.41094737
89000000,89005000,20022,5000,6215072.0,5857.52502362
89005000,89010000,20023,5000,6215368.0,5857.61321934
89010000,89015000,20024,5000,6215663.0,5857.71183719
89015000,89020000,20025,5000,6215959.0,5857.87704128
89020000,89025000,20026,5000,6216254.0,5858.04293523
89025000,89030000,20027,5000,6216550.0,5858.18979725
89030000,89035000,20028,5000,6216845.0,5858.33405981
89035000,89040000,20029,5000,6217141.0,5858.48140086
89040000,89045000,20030,5000,6217436.0,5858.64557354
89045000,89050000,20031,5000,6217732.0,5858.79048881
89050000,89055000,20032,5000,6218027.0,5858.96086505
89055000,89060000,20033,5000,6218323.0,5859.10713601
89060000,89065000,20034,5000,6218618.0,5859.2073435
89065000,89070000,20035,5000,6218914.0,5858.17272163
89070000,89075000,20036,5000,6219209.0,5858.11142187
89075000,89080000,20037,5000,6219505.0,5858.11960018
89080000,89085000,20038,5000,6219800.0,5858.09357704
89085000,89090000,20039,5000,6220096.0,5858.24708667
89090000,89095000,20040,5000,6220391.0,5858.33605493
89095000,89100000,20041,5000,6220687.0,5858.48430515
89100000,89105000,20042,5000,6220982.0,5858.62898007
89105000,89110000,20043,5000,6221278.0,5858.71723711
89110000,89115000,20044,5000,6221574.0,5858.65642841
89115000,89120000,20045,5000,6221869.0,5858.65858562
89120000,89125000,20046,5000,6222165.0,5858.73509625
89125000,89130000,20047,5000,6222460.0,5857.42139865
89130000,89135000,20048,5000,6222755.0,5857.51248073
89135000,89140000,20049,5000,6223051.0,5857.47342621
89140000,89145000,20050,5000,6223346.0,5857.51143417
89145000,89150000,20051,5000,6223642.0,5857.6065135
89150000,89155000,20052,5000,6223937.0,5857.67546839
89155000,89160000,20053,5000,6224233.0,5857.51261087
89160000,89165000,20054,5000,6224528.0,5857.3029021
89165000,89170000,20055,5000,6224824.0,5857.3068324
89170000,89175000,20056,5000,6225119.0,5857.25882761
89175000,89180000,20057,5000,6225415.0,5857.20620214
89180000,89185000,20058,5000,6225710.0,5857.20453415
89185000,89190000,20059,5000,6226006.0,5856.98721787
89190000,89195000,20060,5000,6226301.0,5856.99727906
89195000,89200000,20061,5000,6226597.0,5857.00983388
89200000,89205000,20062,5000,6226892.0,5856.98293871
89205000,89210000,20063,5000,6227188.0,5856.94324232
89210000,89215000,20064,5000,6227483.0,5857.10946294
89215000,89220000,20065,5000,6227779.0,5857.12260547
89220000,89225000,20066,5000,6228075.0,5857.27120937
89225000,89230000,20067,5000,6228370.0,5857.37572979
89230000,89235000,20068,5000,6228666.0,5857.47963081
89235000,89240000,20069,5000,6228961.0,5857.49604454
89240000,89245000,20070,5000,6229257.0,5857.60060663
89245000,89250000,20071,5000,6229552.0,5857.76688195
89250000,89255000,20072,5000,6229848.0,5857.87027396
89255000,89260000,20073,5000,6230143.0,5857.96313569
89260000,89265000,20074,5000,6230439.0,5858.11422566
89265000,89270000,20075,5000,6230734.0,5858.26135632
89270000,89275000,20076,5000,6231029.0,5858.40940495
89275000,89280000,20077,5000,6231325.0,5858.42501717
89280000,89285000,20078,5000,6231620.0,5858.52690371
89285000,89290000,20079,5000,6231916.0,5855.88463791
89290000,89295000,20080,5000,6232212.0,5856.04785888
89295000,89300000,20081,5000,6232507.0,5856.2153671
89300000,89305000,20082,5000,6232802.0,5856.35722589
89305000,89310000,20083,5000,6233098.0,5856.43588575
89310000,89315000,20084,5000,6233394.0,5856.51629031
89315000,89320000,20085,5000,6233689.0,5856.65777241
89320000,89325000,20086,5000,6233984.0,5856.80375953
89325000,89330000,20087,5000,6234280.0,5856.94701548
89330000,89335000,20088,5000,6234575.0,5857.03973641
89335000,89340000,20089,5000,6234871.0,5857.14023221
89340000,89345000,20090,5000,6235167.0,5857.08834087
89345000,89350000,20091,5000,6235462.0,5857.25244545
89350000,89355000,20092,5000,6235758.0,5857.30724123
89355000,89360000,20093,5000,6236053.0,5857.46756351
89360000,89365000,20094,5000,6236349.0,5857.54568594
89365000,89370000,20095,5000,6236644.0,5857.63514391
89370000,89375000,20096,5000,6236940.0,5857.76612018
89375000,89380000,20097,5000,6237235.0,5857.90991561
89380000,89385000,20098,5000,6237531.0,5858.01759102
89385000,89390000,20099,5000,6237826.0,5858.16524669
89390000,89395000,20100,5000,6238122.0,5858.31049538
89395000,89400000,20101,5000,6238417.0,5858.43748018
89400000,89405000,20102,5000,6238713.0,5858.56387862
89405000,89410000,20103,5000,6239008.0,5858.70698009
89410000,89415000,20104,5000,6239304.0,5858.84392309
89415000,89420000,20105,5000,6239599.0,5858.94187158
89420000,89425000,20106,5000,6239895.0,5858.88488014
89425000,89430000,20107,5000,6240190.0,5858.91299895
89430000,89435000,20108,5000,6240486.0,5859.01637122
89435000,89440000,20109,5000,6240781.0,5859.05704228
89440000,89445000,20110,5000,6241077.0,5859.04478798
89445000,89450000,20111,5000,6241372.0,5859.16790279
89450000,89455000,20112,5000,6241668.0,5859.31331371
89455000,89460000,20113,5000,6241963.0,5859.45072142
89460000,89465000,20114,5000,6242259.0,5859.54750748
89465000,89470000,20115,5000,6242554.0,5859.70862492
89470000,89475000,20116,5000,6242850.0,5859.8203582
89475000,89480000,20117,5000,6243146.0,5859.9179225
89480000,89485000,20118,5000,6243441.0,5860.01336463
89485000,89490000,20119,5000,6243737.0,5860.11361697
89490000,89495000,20120,5000,6244032.0,5860.2120776
89495000,89500000,20121,5000,6244328.0,5860.24198022
89500000,89505000,20122,5000,6244623.0,5860.35146251
89505000,89510000,20123,5000,6244919.0,5860.44446529
89510000,89515000,20124,5000,6245214.0,5860.53114004
89515000,89520000,20125,5000,6245509.0,5860.63805763
89520000,89525000,20126,5000,6245805.0,5860.74702842
89525000,89530000,20127,5000,6246101.0,5860.85365121
89530000,89535000,20128,5000,6246396.0,5860.96396567
89535000,89540000,20129,5000,6246692.0,5861.07250596
89540000,89545000,20130,5000,6246987.0,5861.13108757
89545000,89550000,20131,5000,6247283.0,5861.21815363
89550000,89555000,20132,5000,6247578.0,5861.32466527
89555000,89560000,20133,5000,6247874.0,5861.43648642
89560000,89565000,20134,5000,6248169.0,5861.53739802
89565000,89570000,20135,5000,6248465.0,5861.62519951
89570000,89575000,20136,5000,6248760.0,5861.76853862
89575000,89580000,20137,5000,6249056.0,5861.82872916
89580000,89585000,20138,5000,6249351.0,5861.89623086
89585000,89590000,20139,5000,6249647.0,5862.04199568
89590000,89595000,20140,5000,6249942.0,5861.98641391
89595000,89600000,20141,5000,6250238.0,5862.14985126
89600000,89605000,20142,5000,6250533.0,5862.31203237
89605000,89610000,20143,5000,6250829.0,5862.48018669
89610000,89615000,20144,5000,6251124.0,5862.62709635
89615000,89620000,20145,5000,6251419.0,5862.79186443
89620000,89625000,20146,5000,6251715.0,5862.94746345
89625000,89630000,20147,5000,6252011.0,5863.02813015
89630000,89635000,20148,5000,6252306.0,5863.17644381
89635000,89640000,20149,5000,6252602.0,5863.20971498
89640000,89645000,20150,5000,6252897.0,5863.36907224
89645000,89650000,20151,5000,6253193.0,5863.41638125
89650000,89655000,20152,5000,6253488.0,5863.53602311
89655000,89660000,20153,5000,6253784.0,5863.68048025
89660000,89665000,20154,5000,6254079.0,5863.82207946
89665000,89670000,20155,5000,6254375.0,5863.8852152
89670000,89675000,20156,5000,6254670.0,5863.94387373
89675000,89680000,20157,5000,6254966.0,5864.03996472
89680000,89685000,20158,5000,6255261.0,5864.18656156
89685000,89690000,20159,5000,6255557.0,5864.27674047
89690000,89695000,20160,5000,6255852.0,5864.35709769
89695000,89700000,20161,5000,6256148.0,5864.48837282
89700000,89705000,20162,5000,6256443.0,5864.58314325
89705000,89710000,20163,5000,6256739.0,5864.66907048
89710000,89715000,20164,5000,6257035.0,5864.8130917
89715000,89720000,20165,5000,6257330.0,5864.91895919
89720000,89725000,20166,5000,6257626.0,5865.01715369
89725000,89730000,20167,5000,6257921.0,5865.02841786
89730000,89735000,20168,5000,6258217.0,5864.93346455
89735000,89740000,20169,5000,6258512.0,5864.87166154
89740000,89745000,20170,5000,6258807.0,5864.8290505
89745000,89750000,20171,5000,6259103.0,5864.84329115
89750000,89755000,20172,5000,6259399.0,5864.61660438
89755000,89760000,20173,5000,6259694.0,5859.77005045
89760000,89765000,20174,5000,6259989.0,5859.33170154
89765000,89770000,20175,5000,6260285.0,5859.13346831
89770000,89775000,20176,5000,6260580.0,5855.67583862
89775000,89780000,20177,5000,6260876.0,5855.47426552
89780000,89785000,20178,5000,6261171.0,5855.48579382
89785000,89790000,20179,5000,6261467.0,5855.49830063
89790000,89795000,20180,5000,6261762.0,5855.43959107
89795000,89800000,20181,5000,6262058.0,5855.40623249
89800000,89805000,20182,5000,6262353.0,5855.37910333
89805000,89810000,20183,5000,6262649.0,5854.35824641
89810000,89815000,20184,5000,6262944.0,5854.19533625
89815000,89820000,20185,5000,6263240.0,5854.20948138
89820000,89825000,20186,5000,6263536.0,5854.30922423
89825000,89830000,20187,5000,6263831.0,5854.34168346
89830000,89835000,20188,5000,6264127.0,5854.41244453
89835000,89840000,20189,5000,6264422.0,5854.37314608
89840000,89845000,20190,5000,6264718.0,5854.47290186
89845000,89850000,20191,5000,6265013.0,5854.61322581
89850000,89855000,20192,5000,6265309.0,5854.70567617
89855000,89860000,20193,5000,6265604.0,5854.77782426
89860000,89865000,20194,5000,6265900.0,5854.84711527
89865000,89870000,20195,5000,6266195.0,5854.86746916
89870000,89875000,20196,5000,6266491.0,5854.83895414
89875000,89880000,20197,5000,6266786.0,5854.89209952
89880000,89885000,20198,5000,6267082.0,5854.99686964
89885000,89890000,20199,5000,6267377.0,5855.12036453
89890000,89895000,20200,5000,6267673.0,5855.22689578
89895000,89900000,20201,5000,6267968.0,5855.33646162
89900000,89905000,20202,5000,6268264.0,5855.40878837
89905000,89910000,20203,5000,6268559.0,5855.48631288
89910000,89915000,20204,5000,6268855.0,5855.57707765
89915000,89920000,20205,5000,6269150.0,5855.67689012
89920000,89925000,20206,5000,6269446.0,5855.78195731
89925000,89930000,20207,5000,6269742.0,5855.92992531
89930000,89935000,20208,5000,6270037.0,5855.99157091
89935000,89940000,20209,5000,6270333.0,5856.15787407
89940000,89945000,20210,5000,6270628.0,5856.30671536
89945000,89950000,20211,5000,6270924.0,5856.41217706
89950000,89955000,20212,5000,6271219.0,5856.51760629
89955000,89960000,20213,5000,6271515.0,5856.66624035
89960000,89965000,20214,5000,6271810.0,5856.81275399
89965000,89970000,20215,5000,6272105.0,5856.91663176
89970000,89975000,20216,5000,6272401.0,5856.99010614
89975000,89980000,20217,5000,6272696.0,5857.05607785
89980000,89985000,20218,5000,6272992.0,5857.0989053
89985000,89990000,20219,5000,6273287.0,5857.20089177
89990000,89995000,20220,5000,6273583.0,5857.36666141
89995000,90000000,20221,5000,6273878.0,5857.34127618
90000000,90005000,20222,5000,6274174.0,5857.35201576
90005000,90010000,20223,5000,6274490.0,5857.47022586
90010000,90015000,20224,5000,6274807.0,5857.60046205
90015000,90020000,20225,5000,6275123.0,5857.71067395
90020000,90025000,20226,5000,6275440.0,5857.82760977
90025000,90030000,20227,5000,6275756.0,5857.85319759
90030000,90035000,20228,5000,6276072.0,5857.9754623
90035000,90040000,20229,5000,6276389.0,5858.09976903
90040000,90045000,20230,5000,6276705.0,5858.22007955
90045000,90050000,20231,5000,6277021.0,5858.25449296
90050000,90055000,20232,5000,6277338.0,5858.37729133
90055000,90060000,20233,5000,6277654.0,5858.40841436
90060000,90065000,20234,5000,6277970.0,5858.59592715
90065000,90070000,20235,5000,6278287.0,5858.72017956
90070000,90075000,20236,5000,6278603.0,5858.90905029
90075000,90080000,20237,5000,6278919.0,5859.09485222
90080000,90085000,20238,5000,6279236.0,5859.28391368
90085000,90090000,20239,5000,6279552.0,5859.4056121
90090000,90095000,20240,5000,6279868.0,5859.57051243
90095000,90100000,20241,5000,6280185.0,5859.6047284
90100000,90105000,20242,5000,6280501.0,5859.45982848
90105000,90110000,20243,5000,6280818.0,5859.49394755
90110000,90115000,20244,5000,6281134.0,5859.41947524
90115000,90120000,20245,5000,6281450.0,5859.23417779
90120000,90125000,20246,5000,6281767.0,5859.20741833
90125000,90130000,20247,5000,6282083.0,5859.23650343
90130000,90135000,20248,5000,6282399.0,5859.2692691
90135000,90140000,20249,5000,6282716.0,5859.12688964
90140000,90145000,20250,5000,6283032.0,5858.91037088
90145000,90150000,20251,5000,6283348.0,5858.91687246
90150000,90155000,20252,5000,6283665.0,5858.9472265
90155000,90160000,20253,5000,6283981.0,5858.97120655
90160000,90165000,20254,5000,6284297.0,5858.95865483
90165000,90170000,20255,5000,6284614.0,5859.08225569
90170000,90175000,20256,5000,6284930.0,5859.20103874
90175000,90180000,20257,5000,6285246.0,5859.16294858
90180000,90185000,20258,5000,6285563.0,5858.95932345
90185000,90190000,20259,5000,6285879.0,5859.12185118
90190000,90195000,20260,5000,6286195.0,5859.30379235
90195000,90200000,20261,5000,6286512.0,5859.45048735
90200000,90205000,20262,5000,6286828.0,5859.55878302
90205000,90210000,20263,5000,6287144.0,5859.59075749
90210000,90215000,20264,5000,6287461.0,5859.66954968
90215000,90220000,20265,5000,6287777.0,5859.73559138
90220000,90225000,20266,5000,6288093.0,5859.76346997
90225000,90230000,20267,5000,6288410.0,5859.8760953
90230000,90235000,20268,5000,6288726.0,5859.97968409
90235000,90240000,20269,5000,6289043.0,5860.16668995
90240000,90245000,20270,5000,6289359.0,5858.30705777
90245000,90250000,20271,5000,6289675.0,5858.16453432
90250000,90255000,20272,5000,6289992.0,5858.21660915
90255000,90260000,20273,5000,6290308.0,5858.28043365
90260000,90265000,20274,5000,6290625.0,5858.27056743
90265000,90270000,20275,5000,6290941.0,5858.36964321
90270000,90275000,20276,5000,6291257.0,5858.36240833
90275000,90280000,20277,5000,6291574.0,5858.41940066
90280000,90285000,20278,5000,6291890.0,5858.4186236
90285000,90290000,20279,5000,6292206.0,5858.4984491
90290000,90295000,20280,5000,6292523.0,5858.60802743
90295000,90300000,20281,5000,6292839.0,5858.72909246
90300000,90305000,20282,5000,6293155.0,5858.8088988
90305000,90310000,20283,5000,6293472.0,5858.93819576
90310000,90315000,20284,5000,6293788.0,5859.09715361
90315000,90320000,20285,5000,6294104.0,5859.20184886
90320000,90325000,20286,5000,6294421.0,5859.38353999
90325000,90330000,20287,5000,6294737.0,5859.47841416
90330000,90335000,20288,5000,6295053.0,5859.57761217
90335000,90340000,20289,5000,6295370.0,5859.65572832
90340000,90345000,20290,5000,6295686.0,5859.47400211
90345000,90350000,20291,5000,6296002.0,5859.5065837
90350000,90355000,20292,5000,6296319.0,5859.54172336
90355000,90360000,20293,5000,6296635.0,5853.91759549
90360000,90365000,20294,5000,6296951.0,5849.3961366
90365000,90370000,20295,5000,6297268.0,5847.85410247
90370000,90375000,20296,5000,6297584.0,5848.03888916
90375000,90380000,20297,5000,6297900.0,5847.58346804
90380000,90385000,20298,5000,6298217.0,5847.44306954
90385000,90390000,20299,5000,6298533.0,5846.41095862
90390000,90395000,20300,5000,6298850.0,5845.72127697
90395000,90400000,20301,5000,6299166.0,5845.44831733
90400000,90405000,20302,5000,6299482.0,5845.24371521
90405000,90410000,20303,5000,6299799.0,5845.23280442
90410000,90415000,20304,5000,6300115.0,5845.22360726
90415000,90420000,20305,5000,6300431.0,5845.39687064
90420000,90425000,20306,5000,6300748.0,5845.44935264
90425000,90430000,20307,5000,6301064.0,5845.52905335
90430000,90435000,20308,5000,6301380.0,5845.64872489
90435000,90440000,20309,5000,6301697.0,5845.7699143
90440000,90445000,20310,5000,6302013.0,5845.94724288
90445000,90450000,20311,5000,6302330.0,5846.10888311
90450000,90455000,20312,5000,6302646.0,5846.19862944
90455000,90460000,20313,5000,6302962.0,5846.17497124
90460000,90465000,20314,5000,6303279.0,5846.23947255
90465000,90470000,20315,5000,6303595.0,5846.2991424
90470000,90475000,20316,5000,6303911.0,5846.44169462
90475000,90480000,20317,5000,6304227.0,5846.56198757
90480000,90485000,20318,5000,6304544.0,5846.64886238
90485000,90490000,20319,5000,6304860.0,5846.80707323
90490000,90495000,20320,5000,6305177.0,5846.91084526
90495000,90500000,20321,5000,6305493.0,5847.02747095
90500000,90505000,20322,5000,6305809.0,5847.2058022
90505000,90510000,20323,5000,6306126.0,5847.37034402
90510000,90515000,20324,5000,6306442.0,5847.46245109
90515000,90520000,20325,5000,6306758.0,5847.61301144
90520000,90525000,20326,5000,6307075.0,5847.69444071
90525000,90530000,20327,5000,6307391.0,5847.87658405
90530000,90535000,20328,5000,6307707.0,5848.03630028
90535000,90540000,20329,5000,6308024.0,5848.21668337
90540000,90545000,20330,5000,6308340.0,5848.37867964
90545000,90550000,20331,5000,6308656.0,5848.4964948
90550000,90555000,20332,5000,6308973.0,5848.65285332
90555000,90560000,20333,5000,6309289.0,5848.83302871
90560000,90565000,20334,5000,6309605.0,5848.89644655
90565000,90570000,20335,5000,6309922.0,5848.87520142
90570000,90575000,20336,5000,6310238.0,5848.69747384
90575000,90580000,20337,5000,6310554.0,5848.65833247
90580000,90585000,20338,5000,6310871.0,5848.6416014
90585000,90590000,20339,5000,6311187.0,5848.55980289
90590000,90595000,20340,5000,6311503.0,5848.34082388
90595000,90600000,20341,5000,6311820.0,5848.33169044
90600000,90605000,20342,5000,6312136.0,5848.14649097
90605000,90610000,20343,5000,6312452.0,5848.15545305
90610000,90615000,20344,5000,6312769.0,5848.12743357
90615000,90620000,20345,5000,6313085.0,5848.30196355
90620000,90625000,20346,5000,6313401.0,5848.48158354
90625000,90630000,20347,5000,6313718.0,5848.58522791
90630000,90635000,20348,5000,6314034.0,5848.69314724
90635000,90640000,20349,5000,6314351.0,5848.78931884
90640000,90645000,20350,5000,6314667.0,5848.84730237
90645000,90650000,20351,5000,6314983.0,5848.92399741
90650000,90655000,20352,5000,6315300.0,5848.95669464
90655000,90660000,20353,5000,6315616.0,5849.01819533
90660000,90665000,20354,5000,6315932.0,5849.13102675
90665000,90670000,20355,5000,6316249.0,5849.23751286
90670000,90675000,20356,5000,6316565.0,5849.29108366
90675000,90680000,20357,5000,6316881.0,5849.46890995
90680000,90685000,20358,5000,6317197.0,5849.50997132
90685000,90690000,20359,5000,6317514.0,5849.65196814
90690000,90695000,20360,5000,6317830.0,5849.75530693
90695000,90700000,20361,5000,6318146.0,5849.89292952
90700000,90705000,20362,5000,6318463.0,5850.05696598
90705000,90710000,20363,5000,6318779.0,5850.14715939
90710000,90715000,20364,5000,6319096.0,5850.32611797
90715000,90720000,20365,5000,6319412.0,5850.48404496
90720000,90725000,20366,5000,6319728.0,5850.62562769
90725000,90730000,20367,5000,6320045.0,5850.72185738
90730000,90735000,20368,5000,6320361.0,5850.7724784
90735000,90740000,20369,5000,6320677.0,5850.88398606
90740000,90745000,20370,5000,6320994.0,5850.99323339
90745000,90750000,20371,5000,6321310.0,5851.0814023
90750000,90755000,20372,5000,6321626.0,5851.16844816
90755000,90760000,20373,5000,6321943.0,5851.21437801
90760000,90765000,20374,5000,6322259.0,5851.30011874
90765000,90770000,20375,5000,6322576.0,5851.44126171
90770000,90775000,20376,5000,6322892.0,5851.54571547
90775000,90780000,20377,5000,6323208.0,5851.63109047
90780000,90785000,20378,5000,6323525.0,5851.78867433
90785000,90790000,20379,5000,6323841.0,5851.85892124
90790000,90795000,20380,5000,6324157.0,5851.96769122
90795000,90800000,20381,5000,6324474.0,5852.08018895
90800000,90805000,20382,5000,6324790.0,5852.0372396
90805000,90810000,20383,5000,6325106.0,5852.08101662
90810000,90815000,20384,5000,6325423.0,5852.19713516
90815000,90820000,20385,5000,6325739.0,5852.34413011
90820000,90825000,20386,5000,6326055.0,5852.50714546
90825000,90830000,20387,5000,6326372.0,5852.62473053
90830000,90835000,20388,5000,6326688.0,5852.7355371
90835000,90840000,20389,5000,6327004.0,5852.85167448
90840000,90845000,20390,5000,6327321.0,5852.97283993
90845000,90850000,20391,5000,6327637.0,5852.95221084
90850000,90855000,20392,5000,6327954.0,5852.94021822
90855000,90860000,20393,5000,6328270.0,5852.74269753
90860000,90865000,20394,5000,6328586.0,5852.77067526
90865000,90870000,20395,5000,6328903.0,5852.73833788
90870000,90875000,20396,5000,6329219.0,5852.80228212
90875000,90880000,20397,5000,6329535.0,5852.92516487
90880000,90885000,20398,5000,6329852.0,5852.97099364
90885000,90890000,20399,5000,6330168.0,5853.09301245
90890000,90895000,20400,5000,6330485.0,5853.23049182
90895000,90900000,20401,5000,6330801.0,5853.3179629
90900000,90905000,20402,5000,6331117.0,5853.41110113
90905000,90910000,20403,5000,6331433.0,5853.46433656
90910000,90915000,20404,5000,6331750.0,5852.99046388
90915000,90920000,20405,5000,6332066.0,5851.22385165
90920000,90925000,20406,5000,6332383.0,5851.40726012
90925000,90930000,20407,5000,6332699.0,5851.5264263
90930000,90935000,20408,5000,6333015.0,5851.70808411
90935000,90940000,20409,5000,6333332.0,5851.87440562
90940000,90945000,20410,5000,6333648.0,5852.03717385
90945000,90950000,20411,5000,6333964.0,5852.2221367
90950000,90955000,20412,5000,6334281.0,5852.38609564
90955000,90960000,20413,5000,6334597.0,5852.56929265
90960000,90965000,20414,5000,6334913.0,5852.42960932
90965000,90970000,20415,5000,6335230.0,5852.56869577
90970000,90975000,20416,5000,6335546.0,5852.73435441
90975000,90980000,20417,5000,6335862.0,5852.89461116
90980000,90985000,20418,5000,6336179.0,5853.07936299
90985000,90990000,20419,5000,6336495.0,5853.26406988
90990000,90995000,20420,5000,6336811.0,5853.38477498
90995000,91000000,20421,5000,6337128.0,5853.55836254
91000000,91005000,20422,5000,6337444.0,5853.66304772
91005000,91010000,20423,5000,6337745.0,5853.74140004
91010000,91015000,20424,5000,6338046.0,5853.82289355
91015000,91020000,20425,5000,6338348.0,5853.95159506
91020000,91025000,20426,5000,6338649.0,5854.01800828
91025000,91030000,20427,5000,6338950.0,5853.80631921
91030000,91035000,20428,5000,6339251.0,5853.82628398
91035000,91040000,20429,5000,6339552.0,5853.84728056
91040000,91045000,20430,5000,6339853.0,5853.86844282
91045000,91050000,20431,5000,6340155.0,5853.8910291
91050000,91055000,20432,5000,6340456.0,5852.11631128
91055000,91060000,20433,5000,6340757.0,5852.13300346
91060000,91065000,20434,5000,6341058.0,5852.10874867
91065000,91070000,20435,5000,6341359.0,5852.11081492
91070000,91075000,20436,5000,6341660.0,5851.92831846
91075000,91080000,20437,5000,6341962.0,5851.87890464
91080000,91085000,20438,5000,6342263.0,5851.85289342
91085000,91090000,20439,5000,6342564.0,5851.83726648
91090000,91095000,20440,5000,6342865.0,5851.82689406
91095000,91100000,20441,5000,6343166.0,5851.79374735
91100000,91105000,20442,5000,6343468.0,5851.75765528
91105000,91110000,20443,5000,6343769.0,5851.77377666
91110000,91115000,20444,5000,6344070.0,5851.78698688
91115000,91120000,20445,5000,6344371.0,5851.5654632
91120000,91125000,20446,5000,6344672.0,5851.57769936
91125000,91130000,20447,5000,6344973.0,5851.52295768
91130000,91135000,20448,5000,6345274.0,5851.53839934
91135000,91140000,20449,5000,6345575.0,5851.53964821
91140000,91145000,20450,5000,6345877.0,5851.34478575
91145000,91150000,20451,5000,6346178.0,5851.36188432
91150000,91155000,20452,5000,6346479.0,5851.15773245
91155000,91160000,20453,5000,6346780.0,5851.12503231
91160000,91165000,20454,5000,6347081.0,5851.29461711
91165000,91170000,20455,5000,6347382.0,5851.44019713
91170000,91175000,20456,5000,6347683.0,5851.58459897
91175000,91180000,20457,5000,6347984.0,5851.69470331
91180000,91185000,20458,5000,6348286.0,5851.84313249
91185000,91190000,20459,5000,6348587.0,5851.96444997
91190000,91195000,20460,5000,6348888.0,5852.05055252
91195000,91200000,20461,5000,6349189.0,5852.16447281
91200000,91205000,20462,5000,6349490.0,5852.27136373
91205000,91210000,20463,5000,6349792.0,5852.37928325
91210000,91215000,20464,5000,6350093.0,5852.47636495
91215000,91220000,20465,5000,6350394.0,5852.60876667
91220000,91225000,20466,5000,6350695.0,5852.71876512
91225000,91230000,20467,5000,6350996.0,5852.84805199
91230000,91235000,20468,5000,6351297.0,5852.93778511
91235000,91240000,20469,5000,6351598.0,5852.98550778
91240000,91245000,20470,5000,6351900.0,5852.96052378
91245000,91250000,20471,5000,6352201.0,5853.05640648
91250000,91255000,20472,5000,6352502.0,5853.06487425
91255000,91260000,20473,5000,6352803.0,5853.10915361
91260000,91265000,20474,5000,6353104.0,5853.16104969
91265000,91270000,20475,5000,6353405.0,5853.26566798
91270000,91275000,20476,5000,6353706.0,5853.36743365
91275000,91280000,20477,5000,6354007.0,5853.46523602
91280000,91285000,20478,5000,6354309.0,5853.63108685
91285000,91290000,20479,5000,6354610.0,5853.7723322
91290000,91295000,20480,5000,6354911.0,5853.91363142
91295000,91300000,20481,5000,6355212.0,5853.99533725
91300000,91305000,20482,5000,6355513.0,5854.0423613
91305000,91310000,20483,5000,6355814.0,5854.17177731
91310000,91315000,20484,5000,6356116.0,5854.22251105
91315000,91320000,20485,5000,6356417.0,5854.39011555
91320000,91325000,20486,5000,6356718.0,5854.49772332
91325000,91330000,20487,5000,6357019.0,5854.64175825
91330000,91335000,20488,5000,6357320.0,5854.75278682
91335000,91340000,20489,5000,6357621.0,5854.85598157
91340000,91345000,20490,5000,6357922.0,5854.96300226
91345000,91350000,20491,5000,6358224.0,5854.994943
91350000,91355000,20492,5000,6358525.0,5855.09564439
91355000,91360000,20493,5000,6358826.0,5855.21960467
91360000,91365000,20494,5000,6359127.0,5855.32741611
91365000,91370000,20495,5000,6359428.0,5855.41478215
91370000,91375000,20496,5000,6359729.0,5855.47559708
91375000,91380000,20497,5000,6360031.0,5855.41826287
91380000,91385000,20498,5000,6360332.0,5855.36893642
91385000,91390000,20499,5000,6360633.0,5855.52239903
91390000,91395000,20500,5000,6360934.0,5855.60306833
91395000,91400000,20501,5000,6361235.0,5855.70817203
91400000,91405000,20502,5000,6361536.0,5855.87362449
91405000,91410000,20503,5000,6361838.0,5855.97329082
91410000,91415000,20504,5000,6362139.0,5856.12004248
91415000,91420000,20505,5000,6362440.0,5856.28719992
91420000,91425000,20506,5000,6362741.0,5856.40093289
91425000,91430000,20507,5000,6363042.0,5856.46676238
91430000,91435000,20508,5000,6363343.0,5856.54938081
91435000,91440000,20509,5000,6363644.0,5856.63154784
91440000,91445000,20510,5000,6363945.0,5856.68147783
91445000,91450000,20511,5000,6364247.0,5856.72219712
91450000,91455000,20512,5000,6364548.0,5856.82208054
91455000,91460000,20513,5000,6364849.0,5856.95866058
91460000,91465000,20514,5000,6365150.0,5857.07371845
91465000,91470000,20515,5000,6365451.0,5857.15117359
91470000,91475000,20516,5000,6365752.0,5857.24287319
91475000,91480000,20517,5000,6366054.0,5857.34387751
91480000,91485000,20518,5000,6366355.0,5857.4329519
91485000,91490000,20519,5000,6366656.0,5857.49644294
91490000,91495000,20520,5000,6366957.0,5857.61465026
91495000,91500000,20521,5000,6367258.0,5857.69435655
91500000,91505000,20522,5000,6367559.0,5857.84259413
91505000,91510000,20523,5000,6367861.0,5857.91904293
91510000,91515000,20524,5000,6368162.0,5857.9362722
91515000,91520000,20525,5000,6368463.0,5857.99786951
91520000,91525000,20526,5000,6368764.0,5858.09899451
91525000,91530000,20527,5000,6369065.0,5858.13654463
91530000,91535000,20528,5000,6369367.0,5858.2891094
91535000,91540000,20529,5000,6369668.0,5858.3671508
91540000,91545000,20530,5000,6369969.0,5858.4731399
91545000,91550000,20531,5000,6370270.0,5858.5793001
91550000,91555000,20532,5000,6370571.0,5858.6008707
91555000,91560000,20533,5000,6370872.0,5858.6203701
91560000,91565000,20534,5000,6371173.0,5858.72602939
91565000,91570000,20535,5000,6371475.0,5858.74773481
91570000,91575000,20536,5000,6371776.0,5858.91902721
91575000,91580000,20537,5000,6372077.0,5859.07015268
91580000,91585000,20538,5000,6372378.0,5859.22078229
91585000,91590000,20539,5000,6372679.0,5859.37283245
91590000,91595000,20540,5000,6372980.0,5859.48095932
91595000,91600000,20541,5000,6373281.0,5859.58819499
91600000,91605000,20542,5000,6373583.0,5859.69756146
91605000,91610000,20543,5000,6373884.0,5859.80539478
91610000,91615000,20544,5000,6374185.0,5859.91393729
91615000,91620000,20545,5000,6374486.0,5860.02018994
91620000,91625000,20546,5000,6374787.0,5860.12409244
91625000,91630000,20547,5000,6375088.0,5860.20196033
91630000,91635000,20548,5000,6375389.0,5860.32861558
91635000,91640000,20549,5000,6375690.0,5860.46998791
91640000,91645000,20550,5000,6375992.0,5860.58401252
91645000,91650000,20551,5000,6376293.0,5860.71092827
91650000,91655000,20552,5000,6376594.0,5860.84042928
91655000,91660000,20553,5000,6376895.0,5860.88395207
91660000,91665000,20554,5000,6377196.0,5860.98872727
91665000,91670000,20555,5000,6377497.0,5860.80406027
91670000,91675000,20556,5000,6377799.0,5860.65046216
91675000,91680000,20557,5000,6378100.0,5860.42513685
91680000,91685000,20558,5000,6378401.0,5860.270042
91685000,91690000,20559,5000,6378702.0,5860.43799856
91690000,91695000,20560,5000,6379003.0,5860.54269012
91695000,91700000,20561,5000,6379305.0,5860.63595807
91700000,91705000,20562,5000,6379606.0,5857.78727014
91705000,91710000,20563,5000,6379907.0,5857.63051786
91710000,91715000,20564,5000,6380208.0,5857.47575808
91715000,91720000,20565,5000,6380509.0,5853.28427655
91720000,91725000,20566,5000,6380811.0,5850.93216562
91725000,91730000,20567,5000,6381112.0,5838.68695362
91730000,91735000,20568,5000,6381413.0,5837.19376333
91735000,91740000,20569,5000,6381714.0,5836.50499842
91740000,91745000,20570,5000,6382015.0,5832.06280967
91745000,91750000,20571,5000,6382316.0,5829.51101507
91750000,91755000,20572,5000,6382618.0,5825.36457431
91755000,91760000,20573,5000,6382919.0,5822.55348967
91760000,91765000,20574,5000,6383220.0,5820.00960963
91765000,91770000,20575,5000,6383521.0,5819.32719051
91770000,91775000,20576,5000,6383823.0,5819.43081049
91775000,91780000,20577,5000,6384124.0,5819.54717246
91780000,91785000,20578,5000,6384425.0,5819.65257389
91785000,91790000,20579,5000,6384726.0,5819.75605942
91790000,91795000,20580,5000,6385027.0,5819.7388912
91795000,91800000,20581,5000,6385328.0,5819.53192983
91800000,91805000,20582,5000,6385630.0,5819.51784364
91805000,91810000,20583,5000,6385931.0,5819.53540628
91810000,91815000,20584,5000,6386232.0,5819.48336329
91815000,91820000,20585,5000,6386533.0,5819.44845437
91820000,91825000,20586,5000,6386834.0,5819.33446998
91825000,91830000,20587,5000,6387135.0,5818.90788057
91830000,91835000,20588,5000,6387437.0,5818.68747862
91835000,91840000,20589,5000,6387738.0,5818.64715917
91840000,91845000,20590,5000,6388039.0,5818.62387749
91845000,91850000,20591,5000,6388340.0,5818.59385721
91850000,91855000,20592,5000,6388641.0,5818.5478358
91855000,91860000,20593,5000,6388943.0,5818.48905919
91860000,91865000,20594,5000,6389244.0,5818.50598667
91865000,91870000,20595,5000,6389545.0,5818.61630002
91870000,91875000,20596,5000,6389846.0,5818.6619182
91875000,91880000,20597,5000,6390147.0,5818.69481085
91880000,91885000,20598,5000,6390448.0,5818.72406028
91885000,91890000,20599,5000,6390750.0,5818.52996512
91890000,91895000,20600,5000,6391051.0,5818.68132475
91895000,91900000,20601,5000,6391352.0,5818.78605429
91900000,91905000,20602,5000,6391653.0,5818.88746107
91905000,91910000,20603,5000,6391954.0,5818.99195113
91910000,91915000,20604,5000,6392256.0,5819.11374024
91915000,91920000,20605,5000,6392557.0,5819.13620525
91920000,91925000,20606,5000,6392858.0,5819.23920518
91925000,91930000,20607,5000,6393159.0,5819.32776908
91930000,91935000,20608,5000,6393460.0,5819.28423659
91935000,91940000,20609,5000,6393761.0,5819.41670071
91940000,91945000,20610,5000,6394063.0,5819.51398867
91945000,91950000,20611,5000,6394364.0,5819.64018527
91950000,91955000,20612,5000,6394665.0,5819.74672516
91955000,91960000,20613,5000,6394966.0,5819.88917371
91960000,91965000,20614,5000,6395267.0,5819.99806235
91965000,91970000,20615,5000,6395568.0,5820.13954078
91970000,91975000,20616,5000,6395870.0,5820.24495759
91975000,91980000,20617,5000,6396171.0,5820.33553395
91980000,91985000,20618,5000,6396472.0,5820.43970672
91985000,91990000,20619,5000,6396773.0,5820.56323473
91990000,91995000,20620,5000,6397074.0,5820.68523225
91995000,92000000,20621,5000,6397375.0,5820.75085139
92000000,92005000,20622,5000,6397676.0,5820.84817134
92005000,92010000,20623,5000,6397982.0,5821.00319272
92010000,92015000,20624,5000,6398287.0,5821.078333
92015000,92020000,20625,5000,6398592.0,5821.19947335
92020000,92025000,20626,5000,6398897.0,5821.31323468
92025000,92030000,20627,5000,6399202.0,5821.4289492
92030000,92035000,20628,5000,6399507.0,5821.53330391
92035000,92040000,20629,5000,6399813.0,5821.65470814
92040000,92045000,20630,5000,6400118.0,5821.74425907
92045000,92050000,20631,5000,6400423.0,5821.84910393
92050000,92055000,20632,5000,6400728.0,5821.95553591
92055000,92060000,20633,5000,6401033.0,5822.02069973
92060000,92065000,20634,5000,6401338.0,5821.99939874
92065000,92070000,20635,5000,6401643.0,5822.12322918
92070000,92075000,20636,5000,6401949.0,5822.23594795
92075000,92080000,20637,5000,6402254.0,5822.38502784
92080000,92085000,20638,5000,6402559.0,5822.52923572
92085000,92090000,20639,5000,6402865.0,5822.59487308
92090000,92095000,20640,5000,6403170.0,5822.66033228
92095000,92100000,20641,5000,6403475.0,5822.72891101
92100000,92105000,20642,5000,6403780.0,5822.81817547
92105000,92110000,20643,5000,6404086.0,5822.70798151
92110000,92115000,20644,5000,6404391.0,5822.47935937
92115000,92120000,20645,5000,6404696.0,5822.56711726
92120000,92125000,20646,5000,6405001.0,5822.65773925
92125000,92130000,20647,5000,6405307.0,5822.72640234
92130000,92135000,20648,5000,6405612.0,5822.79594093
92135000,92140000,20649,5000,6405917.0,5822.88881009
92140000,92145000,20650,5000,6406223.0,5822.95989325
92145000,92150000,20651,5000,6406528.0,5822.98828718
92150000,92155000,20652,5000,6406833.0,5823.05661009
92155000,92160000,20653,5000,6407138.0,5823.12460507
92160000,92165000,20654,5000,6407444.0,5823.21440895
92165000,92170000,20655,5000,6407749.0,5823.28271663
92170000,92175000,20656,5000,6408054.0,5823.35212593
92175000,92180000,20657,5000,6408359.0,5823.42039729
92180000,92185000,20658,5000,6408664.0,5823.49090697
92185000,92190000,20659,5000,6408970.0,5823.56062216
92190000,92195000,20660,5000,6409275.0,5823.6286201
92195000,92200000,20661,5000,6409580.0,5823.69531628
92200000,92205000,20662,5000,6409885.0,5823.6978306
92205000,92210000,20663,5000,6410190.0,5823.76580416
92210000,92215000,20664,5000,6410496.0,5823.83559082
92215000,92220000,20665,5000,6410801.0,5823.90522719
92220000,92225000,20666,5000,6411106.0,5823.97554605
92225000,92230000,20667,5000,6411412.0,5824.04512224
92230000,92235000,20668,5000,6411717.0,5824.07225138
92235000,92240000,20669,5000,6412022.0,5824.09858485
92240000,92245000,20670,5000,6412327.0,5824.04108747
92245000,92250000,20671,5000,6412633.0,5823.98255401
92250000,92255000,20672,5000,6412938.0,5823.92503335
92255000,92260000,20673,5000,6413243.0,5823.86748903
92260000,92265000,20674,5000,6413548.0,5823.89373335
92265000,92270000,20675,5000,6413854.0,5823.98235519
92270000,92275000,20676,5000,6414159.0,5824.05168686
92275000,92280000,20677,5000,6414464.0,5824.12195414
92280000,92285000,20678,5000,6414769.0,5824.21041799
92285000,92290000,20679,5000,6415075.0,5824.28003459
92290000,92295000,20680,5000,6415380.0,5824.35004317
92295000,92300000,20681,5000,6415685.0,5824.32021831
92300000,92305000,20682,5000,6415990.0,5824.37648886
92305000,92310000,20683,5000,6416295.0,5824.48425321
92310000,92315000,20684,5000,6416601.0,5824.57514761
92315000,92320000,20685,5000,6416906.0,5824.66266537
92320000,92325000,20686,5000,6417211.0,5824.7255874
92325000,92330000,20687,5000,6417516.0,5824.77566819
92330000,92335000,20688,5000,6417821.0,5824.72282278
92335000,92340000,20689,5000,6418126.0,5824.84976212
92340000,92345000,20690,5000,6418432.0,5824.95507209
92345000,92350000,20691,5000,6418737.0,5824.98638153
92350000,92355000,20692,5000,6419042.0,5825.01841802
92355000,92360000,20693,5000,6419347.0,5825.18580708
92360000,92365000,20694,5000,6419652.0,5825.32475642
92365000,92370000,20695,5000,6419958.0,5825.48773418
92370000,92375000,20696,5000,6420263.0,5825.63720519
92375000,92380000,20697,5000,6420568.0,5825.78300092
92380000,92385000,20698,5000,6420873.0,5825.94763678
92385000,92390000,20699,5000,6421178.0,5826.0265137
92390000,92395000,20700,5000,6421484.0,5826.09401885
92395000,92400000,20701,5000,6421789.0,5826.23052763
92400000,92405000,20702,5000,6422094.0,5826.35268437
92405000,92410000,20703,5000,6422399.0,5826.43304399
92410000,92415000,20704,5000,6422705.0,5826.56424629
92415000,92420000,20705,5000,6423010.0,5826.63903407
92420000,92425000,20706,5000,6423315.0,5826.70729908
92425000,92430000,20707,5000,6423620.0,5826.6658376
92430000,92435000,20708,5000,6423925.0,5826.72597822
92435000,92440000,20709,5000,6424231.0,5826.78355505
92440000,92445000,20710,5000,6424536.0,5826.88927841
92445000,92450000,20711,5000,6424841.0,5826.98665696
92450000,92455000,20712,5000,6425146.0,5827.07990691
92455000,92460000,20713,5000,6425451.0,5826.35052418
92460000,92465000,20714,5000,6425757.0,5826.34114685
92465000,92470000,20715,5000,6426062.0,5826.19400742
92470000,92475000,20716,5000,6426367.0,5826.04483803
92475000,92480000,20717,5000,6426672.0,5826.06471933
92480000,92485000,20718,5000,6426977.0,5826.08451829
92485000,92490000,20719,5000,6427282.0,5826.02858006
92490000,92495000,20720,5000,6427588.0,5825.87808169
92495000,92500000,20721,5000,6427893.0,5825.89725722
92500000,92505000,20722,5000,6428198.0,5826.06417149
92505000,92510000,20723,5000,6428503.0,5826.21144257
92510000,92515000,20724,5000,6428808.0,5826.36009951
92515000,92520000,20725,5000,6429113.0,5826.51072018
92520000,92525000,20726,5000,6429419.0,5826.66094765
92525000,92530000,20727,5000,6429724.0,5826.76815067
92530000,92535000,20728,5000,6430029.0,5826.62096957
92535000,92540000,20729,5000,6430334.0,5825.68184519
92540000,92545000,20730,5000,6430639.0,5821.57405831
92545000,92550000,20731,5000,6430945.0,5818.25814475
92550000,92555000,20732,5000,6431250.0,5817.05569818
92555000,92560000,20733,5000,6431555.0,5816.90466151
92560000,92565000,20734,5000,6431860.0,5816.92623806
92565000,92570000,20735,5000,6432166.0,5816.78008346
92570000,92575000,20736,5000,6432471.0,5816.80127292
92575000,92580000,20737,5000,6432776.0,5816.823692
92580000,92585000,20738,5000,6433081.0,5816.80026714
92585000,92590000,20739,5000,6433387.0,5816.97235798
92590000,92595000,20740,5000,6433692.0,5817.08033352
92595000,92600000,20741,5000,6433997.0,5817.15840218
92600000,92605000,20742,5000,6434302.0,5817.17995538
92605000,92610000,20743,5000,6434608.0,5817.16950985
92610000,92615000,20744,5000,6434913.0,5817.15946025
92615000,92620000,20745,5000,6435218.0,5817.14471149
92620000,92625000,20746,5000,6435523.0,5817.2759182
92625000,92630000,20747,5000,6435829.0,5817.40068063
92630000,92635000,20748,5000,6436134.0,5817.457437
92635000,92640000,20749,5000,6436439.0,5817.56326912
92640000,92645000,20750,5000,6436744.0,5817.73137267
92645000,92650000,20751,5000,6437049.0,5817.32195075
92650000,92655000,20752,5000,6437355.0,5817.16790051
92655000,92660000,20753,5000,6437660.0,5817.00451306
92660000,92665000,20754,5000,6437965.0,5816.81228531
92665000,92670000,20755,5000,6438270.0,5816.93739346
92670000,92675000,20756,5000,6438575.0,5817.0048142
92675000,92680000,20757,5000,6438881.0,5817.04779873
92680000,92685000,20758,5000,6439186.0,5817.20265824
92685000,92690000,20759,5000,6439491.0,5817.30788043
92690000,92695000,20760,5000,6439796.0,5817.45592202
92695000,92700000,20761,5000,6440102.0,5817.56247077
92700000,92705000,20762,5000,6440407.0,5817.66836182
92705000,92710000,20763,5000,6440712.0,5817.75533533
92710000,92715000,20764,5000,6441017.0,5817.90491031
92715000,92720000,20765,5000,6441322.0,5818.03197158
92720000,92725000,20766,5000,6441627.0,5818.14814246
92725000,92730000,20767,5000,6441933.0,5818.29817499
92730000,92735000,20768,5000,6442238.0,5818.46920743
92735000,92740000,20769,5000,6442543.0,5818.61652094
92740000,92745000,20770,5000,6442848.0,5818.78576919
92745000,92750000,20771,5000,6443153.0,5818.93724958
92750000,92755000,20772,5000,6443458.0,5819.10622717
92755000,92760000,20773,5000,6443764.0,5819.21206216
92760000,92765000,20774,5000,6444069.0,5819.3578873
92765000,92770000,20775,5000,6444374.0,5819.50721294
92770000,92775000,20776,5000,6444679.0,5819.54139085
92775000,92780000,20777,5000,6444985.0,5819.50714296
92780000,92785000,20778,5000,6445290.0,5819.47518533
92785000,92790000,20779,5000,6445595.0,5819.29379651
92790000,92795000,20780,5000,6445900.0,5819.41113238
92795000,92800000,20781,5000,6446205.0,5819.51991917
92800000,92805000,20782,5000,6446511.0,5819.62790524
92805000,92810000,20783,5000,6446816.0,5819.75558716
92810000,92815000,20784,5000,6447121.0,5819.8213486
92815000,92820000,20785,5000,6447426.0,5819.92085952
92820000,92825000,20786,5000,6447732.0,5820.02709252
92825000,92830000,20787,5000,6448037.0,5820.15058804
92830000,92835000,20788,5000,6448342.0,5820.21519253
92835000,92840000,20789,5000,6448647.0,5820.32626223
92840000,92845000,20790,5000,6448952.0,5820.39185439
92845000,92850000,20791,5000,6449257.0,5820.40771802
92850000,92855000,20792,5000,6449563.0,5820.45769596
92855000,92860000,20793,5000,6449868.0,5820.50014288
92860000,92865000,20794,5000,6450173.0,5820.59289528
92865000,92870000,20795,5000,6450478.0,5820.5875548
92870000,92875000,20796,5000,6450784.0,5820.68227003
92875000,92880000,20797,5000,6451089.0,5820.76564137
92880000,92885000,20798,5000,6451394.0,5820.91990402
92885000,92890000,20799,5000,6451699.0,5821.03675992
92890000,92895000,20800,5000,6452005.0,5821.00445036
92895000,92900000,20801,5000,6452310.0,5820.79535804
92900000,92905000,20802,5000,6452615.0,5820.59194867
92905000,92910000,20803,5000,6452920.0,5820.40709492
92910000,92915000,20804,5000,6453226.0,5820.25324055
92915000,92920000,20805,5000,6453531.0,5820.09492298
92920000,92925000,20806,5000,6453836.0,5819.63974632
92925000,92930000,20807,5000,6454142.0,5819.20008856
92930000,92935000,20808,5000,6454447.0,5819.0483158
92935000,92940000,20809,5000,6454752.0,5819.17876955
92940000,92945000,20810,5000,6455058.0,5819.32640862
92945000,92950000,20811,5000,6455363.0,5819.37003709
92950000,92955000,20812,5000,6455668.0,5819.34239863
92955000,92960000,20813,5000,6455974.0,5819.38474648
92960000,92965000,20814,5000,6456279.0,5819.50125901
92965000,92970000,20815,5000,6456584.0,5819.64698114
92970000,92975000,20816,5000,6456889.0,5819.81431416
92975000,92980000,20817,5000,6457195.0,5819.9630821
92980000,92985000,20818,5000,6457500.0,5820.13373806
92985000,92990000,20819,5000,6457805.0,5820.279562
92990000,92995000,20820,5000,6458111.0,5820.38696855
92995000,93000000,20821,5000,6458416.0,5820.5098599
93000000,93005000,20822,5000,6458721.0,5820.64661951
93005000,93010000,20823,5000,6459035.0,5820.7840507
93010000,93015000,20824,5000,6459349.0,5820.9008494
93015000,93020000,20825,5000,6459662.0,5821.04047607
93020000,93025000,20826,5000,6459976.0,5821.14865321
93025000,93030000,20827,5000,6460290.0,5821.00916501
93030000,93035000,20828,5000,6460604.0,5820.81571231
93035000,93040000,20829,5000,6460918.0,5820.65745003
93040000,93045000,20830,5000,6461232.0,5820.43602104
93045000,93050000,20831,5000,6461546.0,5820.26741746
93050000,93055000,20832,5000,6461860.0,5820.37108966
93055000,93060000,20833,5000,6462174.0,5820.42424962
93060000,93065000,20834,5000,6462487.0,5820.52011478
93065000,93070000,20835,5000,6462801.0,5820.62159887
93070000,93075000,20836,5000,6463115.0,5820.40445159
93075000,93080000,20837,5000,6463429.0,5820.25896752
93080000,93085000,20838,5000,6463743.0,5820.36990455
93085000,93090000,20839,5000,6464057.0,5820.47734506
93090000,93095000,20840,5000,6464371.0,5820.58275111
93095000,93100000,20841,5000,6464685.0,5820.68364249
93100000,93105000,20842,5000,6464999.0,5820.77718679
93105000,93110000,20843,5000,6465312.0,5820.92905399
93110000,93115000,20844,5000,6465626.0,5821.10285766
93115000,93120000,20845,5000,6465940.0,5821.25563789
93120000,93125000,20846,5000,6466254.0,5821.36304156
93125000,93130000,20847,5000,6466568.0,5821.39029404
93130000,93135000,20848,5000,6466882.0,5821.2337702
93135000,93140000,20849,5000,6467196.0,5820.30536633
93140000,93145000,20850,5000,6467509.0,5820.16419002
93145000,93150000,20851,5000,6467823.0,5818.91794125
93150000,93155000,20852,5000,6468137.0,5819.03150792
93155000,93160000,20853,5000,6468451.0,5819.18334075
93160000,93165000,20854,5000,6468765.0,5819.29361254
93165000,93170000,20855,5000,6469079.0,5819.40618556
93170000,93175000,20856,5000,6469393.0,5819.51794074
93175000,93180000,20857,5000,6469707.0,5819.62852116
93180000,93185000,20858,5000,6470021.0,5819.74019085
93185000,93190000,20859,5000,6470335.0,5819.85125617
93190000,93195000,20860,5000,6470649.0,5819.96299513
93195000,93200000,20861,5000,6470963.0,5820.0710009
93200000,93205000,20862,5000,6471277.0,5820.23921421
93205000,93210000,20863,5000,6471590.0,5820.3906188
93210000,93215000,20864,5000,6471904.0,5820.54009411
93215000,93220000,20865,5000,6472218.0,5820.64951134
93220000,93225000,20866,5000,6472532.0,5820.50301349
93225000,93230000,20867,5000,6472846.0,5820.32173886
93230000,93235000,20868,5000,6473160.0,5820.18089709
93235000,93240000,20869,5000,6473473.0,5819.77252723
93240000,93245000,20870,5000,6473788.0,5819.61801916
93245000,93250000,20871,5000,6474102.0,5819.41104789
93250000,93255000,20872,5000,6474415.0,5818.96656649
93255000,93260000,20873,5000,6474729.0,5815.40262755
93260000,93265000,20874,5000,6475043.0,5814.2111407
93265000,93270000,20875,5000,6475357.0,5814.3854584
93270000,93275000,20876,5000,6475671.0,5814.477855
93275000,93280000,20877,5000,6475985.0,5814.63054014
93280000,93285000,20878,5000,6476299.0,5814.78368154
93285000,93290000,20879,5000,6476613.0,5814.9350735
93290000,93295000,20880,5000,6476927.0,5815.08254392
93295000,93300000,20881,5000,6477241.0,5815.19473885
93300000,93305000,20882,5000,6477555.0,5815.30395855
93305000,93310000,20883,5000,6477869.0,5815.32891467
93310000,93315000,20884,5000,6478183.0,5815.50413004
93315000,93320000,20885,5000,6478497.0,5815.61726616
93320000,93325000,20886,5000,6478811.0,5815.79506686
93325000,93330000,20887,5000,6479125.0,5815.9522775
93330000,93335000,20888,5000,6479439.0,5814.24471123
93335000,93340000,20889,5000,6479752.0,5813.84403134
93340000,93345000,20890,5000,6480066.0,5813.40135307
93345000,93350000,20891,5000,6480380.0,5813.57275722
93350000,93355000,20892,5000,6480694.0,5813.4333734
93355000,93360000,20893,5000,6481008.0,5813.24315946
93360000,93365000,20894,5000,6481322.0,5812.84039702
93365000,93370000,20895,5000,6481636.0,5812.69760547
93370000,93375000,20896,5000,6481950.0,5812.55895434
93375000,93380000,20897,5000,6482264.0,5812.35619645
93380000,93385000,20898,5000,6482578.0,5811.91475843
93385000,93390000,20899,5000,6482892.0,5811.51362863
93390000,93395000,20900,5000,6483206.0,5811.53703842
93395000,93400000,20901,5000,6483520.0,5811.51864137
93400000,93405000,20902,5000,6483834.0,5811.49970475
93405000,93410000,20903,5000,6484148.0,5811.4520617
93410000,93415000,20904,5000,6484461.0,5811.61776823
93415000,93420000,20905,5000,6484775.0,5811.72885242
93420000,93425000,20906,5000,6485089.0,5811.87652988
93425000,93430000,20907,5000,6485403.0,5811.97564711
93430000,93435000,20908,5000,6485717.0,5812.05921108
93435000,93440000,20909,5000,6486031.0,5812.05776176
93440000,93445000,20910,5000,6486345.0,5812.15950805
93445000,93450000,20911,5000,6486659.0,5812.21780204
93450000,93455000,20912,5000,6486973.0,5812.26475553
93455000,93460000,20913,5000,6487287.0,5812.24900612
93460000,93465000,20914,5000,6487601.0,5812.25243687
93465000,93470000,20915,5000,6487914.0,5812.40562855
93470000,93475000,20916,5000,6488228.0,5812.55647031
93475000,93480000,20917,5000,6488542.0,5812.70836802
93480000,93485000,20918,5000,6488856.0,5812.8597214
93485000,93490000,20919,5000,6489170.0,5812.93704837
93490000,93495000,20920,5000,6489484.0,5813.10789432
93495000,93500000,20921,5000,6489798.0,5813.27831787
93500000,93505000,20922,5000,6490112.0,5813.39426103
93505000,93510000,20923,5000,6490426.0,5813.54387325
93510000,93515000,20924,5000,6490739.0,5813.65324728
93515000,93520000,20925,5000,6491053.0,5813.738141
93520000,93525000,20926,5000,6491367.0,5813.90747332
93525000,93530000,20927,5000,6491681.0,5814.06049959
93530000,93535000,20928,5000,6491995.0,5814.16341046
93535000,93540000,20929,5000,6492309.0,5814.33119166
93540000,93545000,20930,5000,6492623.0,5814.48423354
93545000,93550000,20931,5000,6492937.0,5814.6534491
93550000,93555000,20932,5000,6493251.0,5814.78596673
93555000,93560000,20933,5000,6493565.0,5814.89922706
93560000,93565000,20934,5000,6493878.0,5814.98315954
93565000,93570000,20935,5000,6494192.0,5815.05605283
93570000,93575000,20936,5000,6494506.0,5815.12149
93575000,93580000,20937,5000,6494820.0,5815.18604717
93580000,93585000,20938,5000,6495134.0,5815.16338714
93585000,93590000,20939,5000,6495448.0,5814.99095812
93590000,93595000,20940,5000,6495762.0,5814.77934592
93595000,93600000,20941,5000,6496076.0,5814.31633318
93600000,93605000,20942,5000,6496390.0,5814.1158236
93605000,93610000,20943,5000,6496704.0,5813.96797441
93610000,93615000,20944,5000,6497017.0,5813.75948091
93615000,93620000,20945,5000,6497331.0,5813.57449371
93620000,93625000,20946,5000,6497645.0,5813.17499
93625000,93630000,20947,5000,6497959.0,5812.9861918
93630000,93635000,20948,5000,6498273.0,5812.84587401
93635000,93640000,20949,5000,6498587.0,5812.69350299
93640000,93645000,20950,5000,6498901.0,5812.49282483
93645000,93650000,20951,5000,6499215.0,5812.30554326
93650000,93655000,20952,5000,6499530.0,5812.13924814
93655000,93660000,20953,5000,6499844.0,5811.99379125
93660000,93665000,20954,5000,6500158.0,5811.85045566
93665000,93670000,20955,5000,6500472.0,5811.68541741
93670000,93675000,20956,5000,6500786.0,5811.4792204
93675000,93680000,20957,5000,6501100.0,5811.33572793
93680000,93685000,20958,5000,6501413.0,5811.12631483
93685000,93690000,20959,5000,6501727.0,5810.9337804
93690000,93695000,20960,5000,6502041.0,5810.78783249
93695000,93700000,20961,5000,6502355.0,5810.60373031
93700000,93705000,20962,5000,6502669.0,5810.40673583
93705000,93710000,20963,5000,6502983.0,5810.52435282
93710000,93715000,20964,5000,6503297.0,5810.66657349
93715000,93720000,20965,5000,6503611.0,5810.79073504
93720000,93725000,20966,5000,6503925.0,5810.82530238
93725000,93730000,20967,5000,6504239.0,5810.94048595
93730000,93735000,20968,5000,6504553.0,5811.02427876
93735000,93740000,20969,5000,6504866.0,5811.19227637
93740000,93745000,20970,5000,6505181.0,5811.34143939
93745000,93750000,20971,5000,6505495.0,5811.42510954
93750000,93755000,20972,5000,6505809.0,5811.53857684
93755000,93760000,20973,5000,6506122.0,5811.57835834
93760000,93765000,20974,5000,6506436.0,5811.61814238
93765000,93770000,20975,5000,6506750.0,5811.72518187
93770000,93775000,20976,5000,6507064.0,5811.78063834
93775000,93780000,20977,5000,6507378.0,5811.82776928
93780000,93785000,20978,5000,6507692.0,5811.92735211
93785000,93790000,20979,5000,6508006.0,5812.09387118
93790000,93795000,20980,5000,6508320.0,5812.24584011
93795000,93800000,20981,5000,6508634.0,5812.35399853
93800000,93805000,20982,5000,6508948.0,5812.43794613
93805000,93810000,20983,5000,6509262.0,5812.53055784
93810000,93815000,20984,5000,6509576.0,5812.61564104
93815000,93820000,20985,5000,6509889.0,5812.62176806
93820000,93825000,20986,5000,6510203.0,5812.67704667
93825000,93830000,20987,5000,6510517.0,5812.7946249
93830000,93835000,20988,5000,6510831.0,5812.92526914
93835000,93840000,20989,5000,6511145.0,5813.06135718
93840000,93845000,20990,5000,6511459.0,5812.8699729
93845000,93850000,20991,5000,6511773.0,5813.03938834
93850000,93855000,20992,5000,6512086.0,5813.08415174
93855000,93860000,20993,5000,6512400.0,5813.054441
93860000,93865000,20994,5000,6512714.0,5813.1424361
93865000,93870000,20995,5000,6513028.0,5812.93286359
93870000,93875000,20996,5000,6513342.0,5812.74876602
93875000,93880000,20997,5000,6513656.0,5812.77490082
93880000,93885000,20998,5000,6513970.0,5811.85820678
93885000,93890000,20999,5000,6514284.0,5810.94037624
93890000,93895000,21000,5000,6514598.0,5810.80339495
93895000,93900000,21001,5000,6514912.0,5810.9161657
93900000,93905000,21002,5000,6515225.0,5810.94504028
93905000,93910000,21003,5000,6515539.0,5811.12168211
93910000,93915000,21004,5000,6515853.0,5811.23578542
93915000,93920000,21005,5000,6516167.0,5811.34994647
93920000,93925000,21006,5000,6516481.0,5811.52233812
93925000,93930000,21007,5000,6516795.0,5809.31160607
93930000,93935000,21008,5000,6517109.0,5805.2294773
93935000,93940000,21009,5000,6517423.0,5805.25637701
93940000,93945000,21010,5000,6517737.0,5805.37474534
93945000,93950000,21011,5000,6518050.0,5805.46118645
93950000,93955000,21012,5000,6518364.0,5805.54822893
93955000,93960000,21013,5000,6518678.0,5805.59902999
93960000,93965000,21014,5000,6518992.0,5805.75269245
93965000,93970000,21015,5000,6519306.0,5805.9248656
93970000,93975000,21016,5000,6519620.0,5806.07467348
93975000,93980000,21017,5000,6519934.0,5806.18588161
93980000,93985000,21018,5000,6520248.0,5806.2142265
93985000,93990000,21019,5000,6520562.0,5806.32329244
93990000,93995000,21020,5000,6520876.0,5806.43322101
93995000,94000000,21021,5000,6521189.0,5806.48269174
94000000,94005000,21022,5000,6521503.0,5806.59491806
94005000,94010000,21023,5000,6521815.0,5806.66729645
94010000,94015000,21024,5000,6522127.0,5806.69166354
94015000,94020000,21025,5000,6522439.0,5806.85403618
94020000,94025000,21026,5000,6522751.0,5806.94406802
94025000,94030000,21027,5000,6523063.0,5807.067216
94030000,94035000,21028,5000,6523375.0,5807.1355495
94035000,94040000,21029,5000,6523687.0,5807.24525406
94040000,94045000,21030,5000,6523999.0,5807.41505891
94045000,94050000,21031,5000,6524311.0,5807.51993233
94050000,94055000,21032,5000,6524623.0,5807.62815926
94055000,94060000,21033,5000,6524935.0,5807.79494023
94060000,94065000,21034,5000,6525247.0,5807.94543957
94065000,94070000,21035,5000,6525559.0,5808.05605108
94070000,94075000,21036,5000,6525872.0,5808.16119775
94075000,94080000,21037,5000,6526183.0,5808.26979983
94080000,94085000,21038,5000,6526495.0,5808.3171571
94085000,94090000,21039,5000,6526807.0,5808.28292406
94090000,94095000,21040,5000,6527119.0,5808.30899196
94095000,94100000,21041,5000,6527431.0,5808.33749131
94100000,94105000,21042,5000,6527743.0,5808.32885947
94105000,94110000,21043,5000,6528055.0,5808.35850247
94110000,94115000,21044,5000,6528367.0,5808.2211301
94115000,94120000,21045,5000,6528679.0,5808.24786067
94120000,94125000,21046,5000,6528991.0,5805.47111295
94125000,94130000,21047,5000,6529303.0,5805.32846979
94130000,94135000,21048,5000,6529615.0,5805.1899301
94135000,94140000,21049,5000,6529927.0,5805.35801951
94140000,94145000,21050,5000,6530239.0,5805.43767643
94145000,94150000,21051,5000,6530551.0,5805.47989716
94150000,94155000,21052,5000,6530863.0,5805.53526274
94155000,94160000,21053,5000,6531175.0,5805.61688188
94160000,94165000,21054,5000,6531487.0,5805.76675376
94165000,94170000,21055,5000,6531799.0,5805.91648617
94170000,94175000,21056,5000,6532111.0,5806.06668693
94175000,94180000,21057,5000,6532423.0,5806.24031574
94180000,94185000,21058,5000,6532735.0,5806.35001637
94185000,94190000,21059,5000,6533048.0,5806.37481582
94190000,94195000,21060,5000,6533359.0,5806.36048469
94195000,94200000,21061,5000,6533671.0,5806.42167327
94200000,94205000,21062,5000,6533984.0,5806.52152306
94205000,94210000,21063,5000,6534296.0,5806.64815112
94210000,94215000,21064,5000,6534608.0,5806.80220345
94215000,94220000,21065,5000,6534920.0,5806.9146077
94220000,94225000,21066,5000,6535232.0,5807.06834655
94225000,94230000,21067,5000,6535544.0,5807.22365851
94230000,94235000,21068,5000,6535856.0,5807.30527337
94235000,94240000,21069,5000,6536168.0,5807.46016958
94240000,94245000,21070,5000,6536480.0,5807.61200456
94245000,94250000,21071,5000,6536792.0,5807.73113929
94250000,94255000,21072,5000,6537104.0,5807.7902318
94255000,94260000,21073,5000,6537416.0,5807.94731923
94260000,94265000,21074,5000,6537728.0,5808.12094294
94265000,94270000,21075,5000,6538040.0,5808.27606264
94270000,94275000,21076,5000,6538352.0,5808.43119673
94275000,94280000,21077,5000,6538664.0,5808.54472383
94280000,94285000,21078,5000,6538976.0,5808.69677891
94285000,94290000,21079,5000,6539288.0,5808.85037015
94290000,94295000,21080,5000,6539600.0,5808.92406373
94295000,94300000,21081,5000,6539912.0,5809.03321985
94300000,94305000,21082,5000,6540224.0,5809.06033079
94305000,94310000,21083,5000,6540536.0,5809.23127805
94310000,94315000,21084,5000,6540848.0,5809.38262726
94315000,94320000,21085,5000,6541160.0,5809.46309655
94320000,94325000,21086,5000,6541472.0,5809.62839954
94325000,94330000,21087,5000,6541784.0,5809.77405779
94330000,94335000,21088,5000,6542096.0,5809.92475191
94335000,94340000,21089,5000,6542408.0,5810.01307408
94340000,94345000,21090,5000,6542720.0,5810.18269429
94345000,94350000,21091,5000,6543032.0,5810.27207626
94350000,94355000,21092,5000,6543344.0,5810.35274939
94355000,94360000,21093,5000,6543656.0,5810.44367233
94360000,94365000,21094,5000,6543968.0,5810.55077112
94365000,94370000,21095,5000,6544280.0,5810.58915659
94370000,94375000,21096,5000,6544592.0,5810.69684631
94375000,94380000,21097,5000,6544904.0,5810.69925001
94380000,94385000,21098,5000,6545216.0,5810.82108387
94385000,94390000,21099,5000,6545528.0,5810.85832856
94390000,94395000,21100,5000,6545840.0,5811.00945635
94395000,94400000,21101,5000,6546152.0,5810.84579082
94400000,94405000,21102,5000,6546464.0,5808.38472865
94405000,94410000,21103,5000,6546776.0,5807.93048562
94410000,94415000,21104,5000,6547088.0,5807.72507185
94415000,94420000,21105,5000,6547400.0,5807.58093102
94420000,94425000,21106,5000,6547712.0,5807.39464104
94425000,94430000,21107,5000,6548024.0,5807.25184891
94430000,94435000,21108,5000,6548336.0,5806.78915505
94435000,94440000,21109,5000,6548648.0,5806.650626
94440000,94445000,21110,5000,6548960.0,5806.46064596
94445000,94450000,21111,5000,6549273.0,5806.56143061
94450000,94455000,21112,5000,6549585.0,5806.64400917
94455000,94460000,21113,5000,6549897.0,5806.78051247
94460000,94465000,21114,5000,6550209.0,5806.59407982
94465000,94470000,21115,5000,6550521.0,5806.39022884
94470000,94475000,21116,5000,6550833.0,5806.51081956
94475000,94480000,21117,5000,6551145.0,5806.52624777
94480000,94485000,21118,5000,6551457.0,5806.53674949
94485000,94490000,21119,5000,6551769.0,5806.61764462
94490000,94495000,21120,5000,6552081.0,5806.72212945
94495000,94500000,21121,5000,6552393.0,5806.76440737
94500000,94505000,21122,5000,6552705.0,5806.71874695
94505000,94510000,21123,5000,6553017.0,5806.75532992
94510000,94515000,21124,5000,6553329.0,5806.86308589
94515000,94520000,21125,5000,6553641.0,5806.93286297
94520000,94525000,21126,5000,6553953.0,5806.97852058
94525000,94530000,21127,5000,6554265.0,5807.04827358
94530000,94535000,21128,5000,6554577.0,5807.09037207
94535000,94540000,21129,5000,6554889.0,5807.0627893
94540000,94545000,21130,5000,6555201.0,5807.12415931
94545000,94550000,21131,5000,6555513.0,5807.2287013
94550000,94555000,21132,5000,6555825.0,5807.33592803
94555000,94560000,21133,5000,6556137.0,5807.44481041
94560000,94565000,21134,5000,6556449.0,5807.43019192
94565000,94570000,21135,5000,6556761.0,5807.54576531
94570000,94575000,21136,5000,6557073.0,5807.67947452
94575000,94580000,21137,5000,6557385.0,5807.6982381
94580000,94585000,21138,5000,6557697.0,5807.82638018
94585000,94590000,21139,5000,6558009.0,5807.92337028
94590000,94595000,21140,5000,6558321.0,5808.05217142
94595000,94600000,21141,5000,6558633.0,5808.19810034
94600000,94605000,21142,5000,6558945.0,5808.34440411
94605000,94610000,21143,5000,6559257.0,5808.49245867
94610000,94615000,21144,5000,6559569.0,5808.57334284
94615000,94620000,21145,5000,6559881.0,5808.67957902
94620000,94625000,21146,5000,6560193.0,5808.79169641
94625000,94630000,21147,5000,6560505.0,5808.92439809
94630000,94635000,21148,5000,6560817.0,5809.02075475
94635000,94640000,21149,5000,6561129.0,5809.1201662
94640000,94645000,21150,5000,6561441.0,5809.25656143
94645000,94650000,21151,5000,6561753.0,5809.39739406
94650000,94655000,21152,5000,6562065.0,5809.48856681
94655000,94660000,21153,5000,6562377.0,5809.61119013
94660000,94665000,21154,5000,6562689.0,5809.69522769
94665000,94670000,21155,5000,6563001.0,5809.74030152
94670000,94675000,21156,5000,6563313.0,5809.75919519
94675000,94680000,21157,5000,6563625.0,5809.84014786
94680000,94685000,21158,5000,6563937.0,5809.89979461
94685000,94690000,21159,5000,6564249.0,5810.01767027
94690000,94695000,21160,5000,6564561.0,5810.12143265
94695000,94700000,21161,5000,6564873.0,5810.25983412
94700000,94705000,21162,5000,6565185.0,5810.42868159
94705000,94710000,21163,5000,6565497.0,5810.53891007
94710000,94715000,21164,5000,6565809.0,5810.57998866
94715000,94720000,21165,5000,6566121.0,5810.64563718
94720000,94725000,21166,5000,6566433.0,5810.68730533
94725000,94730000,21167,5000,6566745.0,5810.74924271
94730000,94735000,21168,5000,6567057.0,5810.83759919
94735000,94740000,21169,5000,6567369.0,5810.81986021
94740000,94745000,21170,5000,6567681.0,5810.66448245
94745000,94750000,21171,5000,6567993.0,5810.4854659
94750000,94755000,21172,5000,6568305.0,5810.28725551
94755000,94760000,21173,5000,6568617.0,5808.81840143
94760000,94765000,21174,5000,6568929.0,5807.65097769
94765000,94770000,21175,5000,6569241.0,5807.16928804
94770000,94775000,21176,5000,6569553.0,5807.19223691
94775000,94780000,21177,5000,6569865.0,5807.16630216
94780000,94785000,21178,5000,6570177.0,5807.02598977
94785000,94790000,21179,5000,6570489.0,5806.97709473
94790000,94795000,21180,5000,6570801.0,5806.97275056
94795000,94800000,21181,5000,6571113.0,5806.93400985
94800000,94805000,21182,5000,6571425.0,5806.91662419
94805000,94810000,21183,5000,6571737.0,5806.8977368
94810000,94815000,21184,5000,6572049.0,5806.86032852
94815000,94820000,21185,5000,6572361.0,5806.95464217
94820000,94825000,21186,5000,6572673.0,5807.10170843
94825000,94830000,21187,5000,6572985.0,5807.14231237
94830000,94835000,21188,5000,6573297.0,5807.18302677
94835000,94840000,21189,5000,6573609.0,5807.23430087
94840000,94845000,21190,5000,6573921.0,5807.27369474
94845000,94850000,21191,5000,6574233.0,5807.26479719
94850000,94855000,21192,5000,6574545.0,5807.28878763
94855000,94860000,21193,5000,6574857.0,5807.39009724
94860000,94865000,21194,5000,6575169.0,5807.38690485
94865000,94870000,21195,5000,6575481.0,5807.45234487
94870000,94875000,21196,5000,6575793.0,5807.51888318
94875000,94880000,21197,5000,6576105.0,5807.4865338
94880000,94885000,21198,5000,6576417.0,5807.52963229
94885000,94890000,21199,5000,6576729.0,5807.55941951
94890000,94895000,21200,5000,6577041.0,5807.6023367
94895000,94900000,21201,5000,6577353.0,5807.66258349
94900000,94905000,21202,5000,6577665.0,5807.72428803
94905000,94910000,21203,5000,6577977.0,5807.79444324
94910000,94915000,21204,5000,6578289.0,5807.89893339
94915000,94920000,21205,5000,6578601.0,5808.01310963
94920000,94925000,21206,5000,6578913.0,5808.12233075
94925000,94930000,21207,5000,6579225.0,5808.19121278
94930000,94935000,21208,5000,6579537.0,5808.15429716
94935000,94940000,21209,5000,6579849.0,5808.10679389
94940000,94945000,21210,5000,6580161.0,5808.09491049
94945000,94950000,21211,5000,6580473.0,5808.11630945
94950000,94955000,21212,5000,6580785.0,5808.14147821
94955000,94960000,21213,5000,6581097.0,5808.26772707
94960000,94965000,21214,5000,6581409.0,5808.4350507
94965000,94970000,21215,5000,6581721.0,5808.58199158
94970000,94975000,21216,5000,6582033.0,5808.67269065
94975000,94980000,21217,5000,6582345.0,5808.81007315
94980000,94985000,21218,5000,6582657.0,5808.78482604
94985000,94990000,21219,5000,6582969.0,5808.81412289
94990000,94995000,21220,5000,6583281.0,5808.91897795
94995000,95000000,21221,5000,6583593.0,5808.924768
95000000,95005000,21222,5000,6583905.0,5808.78583975
95005000,95010000,21223,5000,6584221.0,5808.77416851
95010000,95015000,21224,5000,6584536.0,5808.7953697
95015000,95020000,21225,5000,6584852.0,5808.76270913
95020000,95025000,21226,5000,6585167.0,5808.56212823
95025000,95030000,21227,5000,6585483.0,5808.5878754
95030000,95035000,21228,5000,6585799.0,5808.57499703
95035000,95040000,21229,5000,6586114.0,5808.60265015
95040000,95045000,21230,5000,6586430.0,5808.70827132
95045000,95050000,21231,5000,6586745.0,5808.81207607
95050000,95055000,21232,5000,6587061.0,5808.73322693
95055000,95060000,21233,5000,6587376.0,5808.84466039
95060000,95065000,21234,5000,6587692.0,5808.97032117
95065000,95070000,21235,5000,6588008.0,5809.08395463
95070000,95075000,21236,5000,6588323.0,5809.23560243
95075000,95080000,21237,5000,6588639.0,5809.32272075
95080000,95085000,21238,5000,6588954.0,5809.41317578
95085000,95090000,21239,5000,6589270.0,5809.50355046
95090000,95095000,21240,5000,6589586.0,5809.59542864
95095000,95100000,21241,5000,6589901.0,5809.6857086
95100000,95105000,21242,5000,6590217.0,5809.7963425
95105000,95110000,21243,5000,6590532.0,5809.925602
95110000,95115000,21244,5000,6590848.0,5810.06312667
95115000,95120000,21245,5000,6591163.0,5810.16788586
95120000,95125000,21246,5000,6591479.0,5810.25666919
95125000,95130000,21247,5000,6591795.0,5810.36883762
95130000,95135000,21248,5000,6592110.0,5810.37943072
95135000,95140000,21249,5000,6592426.0,5810.40775855
95140000,95145000,21250,5000,6592742.0,5810.53279924
95145000,95150000,21251,5000,6593057.0,5810.59019886
95150000,95155000,21252,5000,6593373.0,5810.68315419
95155000,95160000,21253,5000,6593688.0,5810.77102365
95160000,95165000,21254,5000,6594004.0,5810.86468997
95165000,95170000,21255,5000,6594320.0,5810.728247
95170000,95175000,21256,5000,6594635.0,5810.52191322
95175000,95180000,21257,5000,6594951.0,5810.33136633
95180000,95185000,21258,5000,6595266.0,5810.14837251
95185000,95190000,21259,5000,6595582.0,5809.94856144
95190000,95195000,21260,5000,6595898.0,5809.8080519
95195000,95200000,21261,5000,6596213.0,5809.63143601
95200000,95205000,21262,5000,6596529.0,5809.49196338
95205000,95210000,21263,5000,6596844.0,5809.2973618
95210000,95215000,21264,5000,6597160.0,5809.42320845
95215000,95220000,21265,5000,6597475.0,5809.50523783
95220000,95225000,21266,5000,6597791.0,5809.58899719
95225000,95230000,21267,5000,6598106.0,5809.69167224
95230000,95235000,21268,5000,6598422.0,5809.84666162
95235000,95240000,21269,5000,6598738.0,5810.0201696
95240000,95245000,21270,5000,6599053.0,5810.08405392
95245000,95250000,21271,5000,6599368.0,5810.24335546
95250000,95255000,21272,5000,6599684.0,5810.32437043
95255000,95260000,21273,5000,6600000.0,5810.42591765
95260000,95265000,21274,5000,6600315.0,5810.51755478
95265000,95270000,21275,5000,6600631.0,5810.56483864
95270000,95275000,21276,5000,6600946.0,5810.67896597
95275000,95280000,21277,5000,6601262.0,5810.8178342
95280000,95285000,21278,5000,6601578.0,5810.87645149
95285000,95290000,21279,5000,6601893.0,5811.02611863
95290000,95295000,21280,5000,6602209.0,5811.07988577
95295000,95300000,21281,5000,6602525.0,5811.17491407
95300000,95305000,21282,5000,6602840.0,5811.20334033
95305000,95310000,21283,5000,6603156.0,5811.35693794
95310000,95315000,21284,5000,6603472.0,5811.39895854
95315000,95320000,21285,5000,6603787.0,5811.52471105
95320000,95325000,21286,5000,6604103.0,5811.67886743
95325000,95330000,21287,5000,6604418.0,5811.72510509
95330000,95335000,21288,5000,6604734.0,5811.7528521
95335000,95340000,21289,5000,6605050.0,5811.51517835
95340000,95345000,21290,5000,6605365.0,5811.38100257
95345000,95350000,21291,5000,6605681.0,5811.55259704
95350000,95355000,21292,5000,6605996.0,5811.66382144
95355000,95360000,21293,5000,6606312.0,5811.69138132
95360000,95365000,21294,5000,6606627.0,5810.0147713
95365000,95370000,21295,5000,6606943.0,5810.17068694
95370000,95375000,21296,5000,6607258.0,5810.34607412
95375000,95380000,21297,5000,6607574.0,5810.50190007
95380000,95385000,21298,5000,6607890.0,5810.65509418
95385000,95390000,21299,5000,6608205.0,5810.77195697
95390000,95395000,21300,5000,6608521.0,5810.93682299
95395000,95400000,21301,5000,6608836.0,5811.09119631
95400000,95405000,21302,5000,6609152.0,5811.20659402
95405000,95410000,21303,5000,6609467.0,5811.32366428
95410000,95415000,21304,5000,6609783.0,5811.4393244
95415000,95420000,21305,5000,6610098.0,5811.46748408
95420000,95425000,21306,5000,6610414.0,5811.45727803
95425000,95430000,21307,5000,6610729.0,5811.56077535
95430000,95435000,21308,5000,6611045.0,5811.57135228
95435000,95440000,21309,5000,6611360.0,5809.10493749
95440000,95445000,21310,5000,6611676.0,5809.13521124
95445000,95450000,21311,5000,6611991.0,5809.16273597
95450000,95455000,21312,5000,6612307.0,5809.1880231
95455000,95460000,21313,5000,6612623.0,5809.05071842
95460000,95465000,21314,5000,6612938.0,5808.91715599
95465000,95470000,21315,5000,6613254.0,5808.94387364
95470000,95475000,21316,5000,6613569.0,5809.11716914
95475000,95480000,21317,5000,6613885.0,5809.21038023
95480000,95485000,21318,5000,6614200.0,5809.32114681
95485000,95490000,21319,5000,6614516.0,5809.43192286
95490000,95495000,21320,5000,6614831.0,5809.54322297
95495000,95500000,21321,5000,6615147.0,5809.57346446
95500000,95505000,21322,5000,6615463.0,5809.60019288
95505000,95510000,21323,5000,6615778.0,5809.706537
95510000,95515000,21324,5000,6616094.0,5809.81475288
95515000,95520000,21325,5000,6616409.0,5809.91601354
95520000,95525000,21326,5000,6616725.0,5809.95264138
95525000,95530000,21327,5000,6617040.0,5809.95651498
95530000,95535000,21328,5000,6617356.0,5809.99976866
95535000,95540000,21329,5000,6617672.0,5809.97298909
95540000,95545000,21330,5000,6617987.0,5810.05446288
95545000,95550000,21331,5000,6618303.0,5810.14381256
95550000,95555000,21332,5000,6618618.0,5810.17245935
95555000,95560000,21333,5000,6618934.0,5810.29172267
95560000,95565000,21334,5000,6619249.0,5810.44257115
95565000,95570000,21335,5000,6619565.0,5810.59435656
95570000,95575000,21336,5000,6619881.0,5810.74561006
95575000,95580000,21337,5000,6620196.0,5810.88359613
95580000,95585000,21338,5000,6620512.0,5811.02738446
95585000,95590000,21339,5000,6620828.0,5811.17704705
95590000,95595000,21340,5000,6621143.0,5811.29978827
95595000,95600000,21341,5000,6621459.0,5811.34875562
95600000,95605000,21342,5000,6621774.0,5811.39786048
95605000,95610000,21343,5000,6622090.0,5811.44435176
95610000,95615000,21344,5000,6622406.0,5811.49330277
95615000,95620000,21345,5000,6622721.0,5811.54958197
95620000,95625000,21346,5000,6623037.0,5811.52303252
95625000,95630000,21347,5000,6623353.0,5811.54969409
95630000,95635000,21348,5000,6623668.0,5811.65268296
95635000,95640000,21349,5000,6623984.0,5811.75839341
95640000,95645000,21350,5000,6624299.0,5811.76102195
95645000,95650000,21351,5000,6624615.0,5811.82544136
95650000,95655000,21352,5000,6624931.0,5811.87823608
95655000,95660000,21353,5000,6625246.0,5811.98331278
95660000,95665000,21354,5000,6625562.0,5812.11408389
95665000,95670000,21355,5000,6625877.0,5812.21837236
95670000,95675000,21356,5000,6626193.0,5812.37093168
95675000,95680000,21357,5000,6626508.0,5812.48156464
95680000,95685000,21358,5000,6626824.0,5812.58873983
95685000,95690000,21359,5000,6627139.0,5812.69440565
95690000,95695000,21360,5000,6627455.0,5809.75329108
95695000,95700000,21361,5000,6627771.0,5809.83333016
95700000,95705000,21362,5000,6628086.0,5809.93010417
95705000,95710000,21363,5000,6628402.0,5809.21164046
95710000,95715000,21364,5000,6628717.0,5809.26537791
95715000,95720000,21365,5000,6629033.0,5809.24049813
95720000,95725000,21366,5000,6629348.0,5809.35101739
95725000,95730000,21367,5000,6629664.0,5809.37942783
95730000,95735000,21368,5000,6629980.0,5809.54524432
95735000,95740000,21369,5000,6630295.0,5809.64017694
95740000,95745000,21370,5000,6630611.0,5809.75931995
95745000,95750000,21371,5000,6630926.0,5809.9119164
95750000,95755000,21372,5000,6631242.0,5810.01347475
95755000,95760000,21373,5000,6631557.0,5810.18596104
95760000,95765000,21374,5000,6631873.0,5810.33598289
95765000,95770000,21375,5000,6632188.0,5810.38585601
95770000,95775000,21376,5000,6632504.0,5810.53007162
95775000,95780000,21377,5000,6632820.0,5810.64075001
95780000,95785000,21378,5000,6633135.0,5810.79473459
95785000,95790000,21379,5000,6633451.0,5810.88573545
95790000,95795000,21380,5000,6633766.0,5811.03677581
95795000,95800000,21381,5000,6634082.0,5811.12194601
95800000,95805000,21382,5000,6634398.0,5811.26946542
95805000,95810000,21383,5000,6634713.0,5811.36516484
95810000,95815000,21384,5000,6635029.0,5811.38821288
95815000,95820000,21385,5000,6635344.0,5811.47324912
95820000,95825000,21386,5000,6635660.0,5811.5159418
95825000,95830000,21387,5000,6635976.0,5811.55605612
95830000,95835000,21388,5000,6636291.0,5811.53903493
95835000,95840000,21389,5000,6636607.0,5811.63543565
95840000,95845000,21390,5000,6636922.0,5811.74326656
95845000,95850000,21391,5000,6637238.0,5811.85480488
95850000,95855000,21392,5000,6637553.0,5811.91309206
95855000,95860000,21393,5000,6637869.0,5811.97932748
95860000,95865000,21394,5000,6638184.0,5812.03729997
95865000,95870000,21395,5000,6638500.0,5812.1220494
95870000,95875000,21396,5000,6638815.0,5812.16151506
95875000,95880000,21397,5000,6639131.0,5812.23404253
95880000,95885000,21398,5000,6639447.0,5811.80583045
95885000,95890000,21399,5000,6639762.0,5811.59928133
95890000,95895000,21400,5000,6640078.0,5811.46260585
95895000,95900000,21401,5000,6640394.0,5811.32745457
95900000,95905000,21402,5000,6640709.0,5811.19075143
95905000,95910000,21403,5000,6641025.0,5810.74649802
95910000,95915000,21404,5000,6641341.0,5810.54713011
95915000,95920000,21405,5000,6641656.0,5810.400872
95920000,95925000,21406,5000,6641972.0,5810.56521464
95925000,95930000,21407,5000,6642287.0,5810.64308
95930000,95935000,21408,5000,6642603.0,5810.73276788
95935000,95940000,21409,5000,6642918.0,5810.7842632
95940000,95945000,21410,5000,6643234.0,5810.88714075
95945000,95950000,21411,5000,6643549.0,5811.05650484
95950000,95955000,21412,5000,6643865.0,5810.90750194
95955000,95960000,21413,5000,6644180.0,5810.93624851
95960000,95965000,21414,5000,6644496.0,5811.06595912
95965000,95970000,21415,5000,6644812.0,5811.178587
95970000,95975000,21416,5000,6645127.0,5811.25065838
95975000,95980000,21417,5000,6645443.0,5811.30191007
95980000,95985000,21418,5000,6645758.0,5811.2783613
95985000,95990000,21419,5000,6646074.0,5811.33957075
95990000,95995000,21420,5000,6646390.0,5811.41005561
95995000,96000000,21421,5000,6646705.0,5811.51670887
96000000,96005000,21422,5000,6647021.0,5811.51095514
96005000,96010000,21423,5000,6647321.0,5811.46008599
96010000,96015000,21424,5000,6647621.0,5810.79854706
96015000,96020000,21425,5000,6647922.0,5810.65298424
96020000,96025000,21426,5000,6648222.0,5810.80890749
96025000,96030000,21427,5000,6648522.0,5810.9562179
96030000,96035000,21428,5000,6648822.0,5811.07217941
96035000,96040000,21429,5000,6649123.0,5811.21219897
96040000,96045000,21430,5000,6649423.0,5811.35106981
96045000,96050000,21431,5000,6649723.0,5811.44154845
96050000,96055000,21432,5000,6650023.0,5811.60211512
96055000,96060000,21433,5000,6650323.0,5811.74026709
96060000,96065000,21434,5000,6650624.0,5811.87598128
96065000,96070000,21435,5000,6650924.0,5811.99844869
96070000,96075000,21436,5000,6651224.0,5812.13572923
96075000,96080000,21437,5000,6651524.0,5812.27302082
96080000,96085000,21438,5000,6651825.0,5812.42757367
96085000,96090000,21439,5000,6652125.0,5812.5631812
96090000,96095000,21440,5000,6652425.0,5812.6987586
96095000,96100000,21441,5000,6652725.0,5812.7467127
96100000,96105000,21442,5000,6653025.0,5812.90495939
96105000,96110000,21443,5000,6653326.0,5813.06081922
96110000,96115000,21444,5000,6653626.0,5813.19546233
96115000,96120000,21445,5000,6653927.0,5813.26587293
96120000,96125000,21446,5000,6654227.0,5813.36762515
96125000,96130000,21447,5000,6654527.0,5813.50236785
96130000,96135000,21448,5000,6654827.0,5813.5441691
96135000,96140000,21449,5000,6655127.0,5813.66029179
96140000,96145000,21450,5000,6655428.0,5813.80308253
96145000,96150000,21451,5000,6655728.0,5813.87687891
96150000,96155000,21452,5000,6656028.0,5813.9582573
96155000,96160000,21453,5000,6656328.0,5814.09576244
96160000,96165000,21454,5000,6656628.0,5814.23575108
96165000,96170000,21455,5000,6656929.0,5814.35047712
96170000,96175000,21456,5000,6657229.0,5814.49270356
96175000,96180000,21457,5000,6657529.0,5814.56144897
96180000,96185000,21458,5000,6657829.0,5814.66105058
96185000,96190000,21459,5000,6658130.0,5814.78744448
96190000,96195000,21460,5000,6658430.0,5813.03291552
96195000,96200000,21461,5000,6658731.0,5809.77135783
96200000,96205000,21462,5000,6659031.0,5808.29567268
96205000,96210000,21463,5000,6659331.0,5808.10548131
96210000,96215000,21464,5000,6659631.0,5808.12259205
96215000,96220000,21465,5000,6659931.0,5808.13722927
96220000,96225000,21466,5000,6660232.0,5808.29830267
96225000,96230000,21467,5000,6660532.0,5808.43436535
96230000,96235000,21468,5000,6660832.0,5808.59501535
96235000,96240000,21469,5000,6661133.0,5808.69119849
96240000,96245000,21470,5000,6661433.0,5808.69653514
96245000,96250000,21471,5000,6661733.0,5808.70831973
96250000,96255000,21472,5000,6662033.0,5808.55243196
96255000,96260000,21473,5000,6662334.0,5808.50775073
96260000,96265000,21474,5000,6662634.0,5808.46991107
96265000,96270000,21475,5000,6662934.0,5808.32087646
96270000,96275000,21476,5000,6663234.0,5808.30392586
96275000,96280000,21477,5000,6663535.0,5808.31428103
96280000,96285000,21478,5000,6663835.0,5808.46918166
96285000,96290000,21479,5000,6664135.0,5808.51920575
96290000,96295000,21480,5000,6664435.0,5808.34895428
96295000,96300000,21481,5000,6664735.0,5808.31089681
96300000,96305000,21482,5000,6665036.0,5808.39502499
96305000,96310000,21483,5000,6665336.0,5806.92445439
96310000,96315000,21484,5000,6665636.0,5806.74036162
96315000,96320000,21485,5000,6665936.0,5806.33343108
96320000,96325000,21486,5000,6666236.0,5806.17288901
96325000,96330000,21487,5000,6666537.0,5806.01480722
96330000,96335000,21488,5000,6666837.0,5800.05599555
96335000,96340000,21489,5000,6667137.0,5799.90577581
96340000,96345000,21490,5000,6667437.0,5800.0033231
96345000,96350000,21491,5000,6667737.0,5800.05544582
96350000,96355000,21492,5000,6668038.0,5800.19639373
96355000,96360000,21493,5000,6668338.0,5800.29260138
96360000,96365000,21494,5000,6668638.0,5800.39122012
96365000,96370000,21495,5000,6668938.0,5800.48886625
96370000,96375000,21496,5000,6669238.0,5800.58822573
96375000,96380000,21497,5000,6669539.0,5800.68834357
96380000,96385000,21498,5000,6669839.0,5800.74800416
96385000,96390000,21499,5000,6670139.0,5800.8480595
96390000,96395000,21500,5000,6670440.0,5800.94777737
96395000,96400000,21501,5000,6670740.0,5796.01777756
96400000,96405000,21502,5000,6671040.0,5796.17783295
96405000,96410000,21503,5000,6671340.0,5795.72802393
96410000,96415000,21504,5000,6671641.0,5795.53232611
96415000,96420000,21505,5000,6671941.0,5795.62733888
96420000,96425000,21506,5000,6672241.0,5795.74377254
96425000,96430000,21507,5000,6672541.0,5795.84537932
96430000,96435000,21508,5000,6672842.0,5795.90821534
96435000,96440000,21509,5000,6673142.0,5795.99102886
96440000,96445000,21510,5000,6673442.0,5796.10789831
96445000,96450000,21511,5000,6673742.0,5796.10704192
96450000,96455000,21512,5000,6674042.0,5796.20557145
96455000,96460000,21513,5000,6674343.0,5796.28725101
96460000,96465000,21514,5000,6674643.0,5796.32235097
96465000,96470000,21515,5000,6674943.0,5796.43505949
96470000,96475000,21516,5000,6675244.0,5796.46659039
96475000,96480000,21517,5000,6675544.0,5796.56543223
96480000,96485000,21518,5000,6675844.0,5796.6903248
96485000,96490000,21519,5000,6676144.0,5796.78379363
96490000,96495000,21520,5000,6676445.0,5796.90571838
96495000,96500000,21521,5000,6676745.0,5796.9450253
96500000,96505000,21522,5000,6677045.0,5797.10435705
96505000,96510000,21523,5000,6677346.0,5797.24400025
96510000,96515000,21524,5000,6677646.0,5797.33444708
96515000,96520000,21525,5000,6677946.0,5797.41711647
96520000,96525000,21526,5000,6678246.0,5797.49903202
96525000,96530000,21527,5000,6678546.0,5797.58383193
96530000,96535000,21528,5000,6678847.0,5797.7147434
96535000,96540000,21529,5000,6679147.0,5797.84337223
96540000,96545000,21530,5000,6679447.0,5797.97928712
96545000,96550000,21531,5000,6679747.0,5798.11179559
96550000,96555000,21532,5000,6680047.0,5798.25086421
96555000,96560000,21533,5000,6680347.0,5798.3419146
96560000,96565000,21534,5000,6680648.0,5798.43779928
96565000,96570000,21535,5000,6680948.0,5798.54137053
96570000,96575000,21536,5000,6681248.0,5798.64023987
96575000,96580000,21537,5000,6681549.0,5798.71705437
96580000,96585000,21538,5000,6681849.0,5798.79837496
96585000,96590000,21539,5000,6682149.0,5798.88854394
96590000,96595000,21540,5000,6682449.0,5799.03258258
96595000,96600000,21541,5000,6682749.0,5799.08943033
96600000,96605000,21542,5000,6683050.0,5799.198018
96605000,96610000,21543,5000,6683350.0,5799.23741456
96610000,96615000,21544,5000,6683650.0,5799.26929198
96615000,96620000,21545,5000,6683950.0,5799.42651368
96620000,96625000,21546,5000,6684251.0,5799.52552367
96625000,96630000,21547,5000,6684551.0,5799.47155635
96630000,96635000,21548,5000,6684851.0,5799.56476739
96635000,96640000,21549,5000,6685151.0,5799.72522057
96640000,96645000,21550,5000,6685451.0,5799.79928038
96645000,96650000,21551,5000,6685752.0,5799.89618041
96650000,96655000,21552,5000,6686052.0,5799.99059765
96655000,96660000,21553,5000,6686352.0,5800.12728806
96660000,96665000,21554,5000,6686652.0,5800.22928598
96665000,96670000,21555,5000,6686953.0,5800.23221675
96670000,96675000,21556,5000,6687253.0,5800.08417217
96675000,96680000,21557,5000,6687553.0,5800.07254415
96680000,96685000,21558,5000,6687854.0,5800.18344501
96685000,96690000,21559,5000,6688154.0,5800.31686924
96690000,96695000,21560,5000,6688454.0,5800.41823459
96695000,96700000,21561,5000,6688754.0,5800.51729533
96700000,96705000,21562,5000,6689055.0,5800.61406362
96705000,96710000,21563,5000,6689355.0,5800.71357629
96710000,96715000,21564,5000,6689655.0,5800.79129293
96715000,96720000,21565,5000,6689955.0,5800.94676869
96720000,96725000,21566,5000,6690255.0,5801.03460537
96725000,96730000,21567,5000,6690556.0,5801.13090821
96730000,96735000,21568,5000,6690856.0,5801.25646305
96735000,96740000,21569,5000,6691156.0,5801.34431817
96740000,96745000,21570,5000,6691456.0,5801.4439178
96745000,96750000,21571,5000,6691756.0,5801.57468138
96750000,96755000,21572,5000,6692056.0,5801.69383449
96755000,96760000,21573,5000,6692357.0,5801.81665605
96760000,96765000,21574,5000,6692657.0,5801.85029428
96765000,96770000,21575,5000,6692957.0,5801.88457742
96770000,96775000,21576,5000,6693257.0,5802.00037925
96775000,96780000,21577,5000,6693557.0,5802.06120424
96780000,96785000,21578,5000,6693858.0,5802.16414186
96785000,96790000,21579,5000,6694158.0,5802.29375195
96790000,96795000,21580,5000,6694458.0,5802.45390981
96795000,96800000,21581,5000,6694758.0,5802.59383354
96800000,96805000,21582,5000,6695058.0,5802.69004625
96805000,96810000,21583,5000,6695359.0,5802.84555081
96810000,96815000,21584,5000,6695659.0,5802.98261641
96815000,96820000,21585,5000,6695959.0,5802.99940557
96820000,96825000,21586,5000,6696259.0,5803.15859722
96825000,96830000,21587,5000,6696559.0,5803.22647871
96830000,96835000,21588,5000,6696860.0,5803.32707022
96835000,96840000,21589,5000,6697160.0,5803.4679731
96840000,96845000,21590,5000,6697460.0,5803.53993219
96845000,96850000,21591,5000,6697760.0,5803.69581433
96850000,96855000,21592,5000,6698061.0,5803.78665799
96855000,96860000,21593,5000,6698361.0,5803.84904652
96860000,96865000,21594,5000,6698661.0,5804.00116847
96865000,96870000,21595,5000,6698961.0,5804.08861994
96870000,96875000,21596,5000,6699261.0,5804.19245924
96875000,96880000,21597,5000,6699562.0,5804.23337708
96880000,96885000,21598,5000,6699862.0,5804.33350479
96885000,96890000,21599,5000,6700162.0,5804.43555837
96890000,96895000,21600,5000,6700462.0,5804.56665987
96895000,96900000,21601,5000,6700762.0,5804.66859658
96900000,96905000,21602,5000,6701062.0,5804.76895845
96905000,96910000,21603,5000,6701363.0,5804.87138825
96910000,96915000,21604,5000,6701663.0,5804.94179002
96915000,96920000,21605,5000,6701963.0,5805.02273779
96920000,96925000,21606,5000,6702263.0,5805.10733565
96925000,96930000,21607,5000,6702564.0,5805.17730298
96930000,96935000,21608,5000,6702864.0,5805.29561745
96935000,96940000,21609,5000,6703164.0,5805.39201919
96940000,96945000,21610,5000,6703464.0,5805.50982954
96945000,96950000,21611,5000,6703765.0,5805.59261772
96950000,96955000,21612,5000,6704065.0,5805.65952126
96955000,96960000,21613,5000,6704365.0,5805.78019509
96960000,96965000,21614,5000,6704665.0,5805.89512268
96965000,96970000,21615,5000,6704965.0,5806.02275884
96970000,96975000,21616,5000,6705266.0,5806.17906205
96975000,96980000,21617,5000,6705566.0,5806.29526911
96980000,96985000,21618,5000,6705866.0,5806.37370766
96985000,96990000,21619,5000,6706166.0,5806.47865648
96990000,96995000,21620,5000,6706466.0,5806.60284508
96995000,97000000,21621,5000,6706767.0,5806.70523942
97000000,97005000,21622,5000,6707067.0,5806.83816886
97005000,97010000,21623,5000,6707371.0,5806.93601603
97010000,97015000,21624,5000,6707675.0,5807.07449308
97015000,97020000,21625,5000,6707979.0,5807.21404055
97020000,97025000,21626,5000,6708283.0,5807.31282415
97025000,97030000,21627,5000,6708587.0,5807.40908868
97030000,97035000,21628,5000,6708891.0,5807.37248166
97035000,97040000,21629,5000,6709195.0,5807.41559867
97040000,97045000,21630,5000,6709499.0,5807.20827219
97045000,97050000,21631,5000,6709803.0,5806.98898879
97050000,97055000,21632,5000,6710107.0,5807.09560824
97055000,97060000,21633,5000,6710410.0,5807.19640684
97060000,97065000,21634,5000,6710714.0,5807.29987444
97065000,97070000,21635,5000,6711018.0,5807.40579859
97070000,97075000,21636,5000,6711322.0,5807.51005397
97075000,97080000,21637,5000,6711626.0,5807.61375489
97080000,97085000,21638,5000,6711930.0,5807.71339087
97085000,97090000,21639,5000,6712234.0,5807.81776937
97090000,97095000,21640,5000,6712538.0,5807.90368542
97095000,97100000,21641,5000,6712842.0,5808.0037959
97100000,97105000,21642,5000,6713145.0,5808.08885643
97105000,97110000,21643,5000,6713449.0,5808.22750824
97110000,97115000,21644,5000,6713753.0,5808.36766248
97115000,97120000,21645,5000,6714057.0,5808.50474013
97120000,97125000,21646,5000,6714361.0,5808.60860613
97125000,97130000,21647,5000,6714665.0,5808.74836508
97130000,97135000,21648,5000,6714969.0,5808.90886634
97135000,97140000,21649,5000,6715273.0,5809.05058314
97140000,97145000,21650,5000,6715577.0,5809.1107426
97145000,97150000,21651,5000,6715881.0,5809.25209624
97150000,97155000,21652,5000,6716185.0,5809.39085017
97155000,97160000,21653,5000,6716488.0,5809.47435842
97160000,97165000,21654,5000,6716792.0,5809.61461349
97165000,97170000,21655,5000,6717096.0,5809.75362626
97170000,97175000,21656,5000,6717400.0,5809.8923216
97175000,97180000,21657,5000,6717704.0,5809.98767535
97180000,97185000,21658,5000,6718008.0,5810.09988339
97185000,97190000,21659,5000,6718312.0,5810.15710781
97190000,97195000,21660,5000,6718616.0,5810.24831589
97195000,97200000,21661,5000,6718920.0,5810.37602195
97200000,97205000,21662,5000,6719224.0,5810.42352939
97205000,97210000,21663,5000,6719528.0,5810.37808899
97210000,97215000,21664,5000,6719832.0,5810.47355265
97215000,97220000,21665,5000,6720135.0,5810.56779878
97220000,97225000,21666,5000,6720439.0,5810.61319233
97225000,97230000,21667,5000,6720743.0,5810.75122311
97230000,97235000,21668,5000,6721047.0,5810.88653492
97235000,97240000,21669,5000,6721351.0,5808.44156754
97240000,97245000,21670,5000,6721655.0,5806.0339988
97245000,97250000,21671,5000,6721959.0,5805.88901204
97250000,97255000,21672,5000,6722263.0,5805.86089488
97255000,97260000,21673,5000,6722567.0,5805.81790789
97260000,97265000,21674,5000,6722871.0,5805.85488664
97265000,97270000,21675,5000,6723174.0,5805.90741983
97270000,97275000,21676,5000,6723478.0,5805.91827664
97275000,97280000,21677,5000,6723782.0,5806.01461068
97280000,97285000,21678,5000,6724086.0,5806.02997419
97285000,97290000,21679,5000,6724390.0,5806.09089617
97290000,97295000,21680,5000,6724694.0,5806.11696777
97295000,97300000,21681,5000,6724998.0,5806.12688122
97300000,97305000,21682,5000,6725301.0,5806.10721246
97305000,97310000,21683,5000,6725605.0,5806.20221549
97310000,97315000,21684,5000,6725909.0,5806.26030761
97315000,97320000,21685,5000,6726213.0,5806.35632309
97320000,97325000,21686,5000,6726517.0,5806.50091182
97325000,97330000,21687,5000,6726821.0,5806.59009934
97330000,97335000,21688,5000,6727125.0,5806.65405529
97335000,97340000,21689,5000,6727429.0,5806.75625771
97340000,97345000,21690,5000,6727733.0,5806.84324864
97345000,97350000,21691,5000,6728037.0,5806.8552327
97350000,97355000,21692,5000,6728341.0,5801.94746104
97355000,97360000,21693,5000,6728645.0,5801.97662892
97360000,97365000,21694,5000,6728949.0,5802.04022337
97365000,97370000,21695,5000,6729253.0,5802.02194167
97370000,97375000,21696,5000,6729557.0,5802.10668506
97375000,97380000,21697,5000,6729861.0,5802.14119346
97380000,97385000,21698,5000,6730165.0,5802.24032946
97385000,97390000,21699,5000,6730469.0,5802.39833045
97390000,97395000,21700,5000,6730773.0,5802.55561018
97395000,97400000,21701,5000,6731077.0,5802.71741755
97400000,97405000,21702,5000,6731380.0,5802.7884129
97405000,97410000,21703,5000,6731684.0,5801.89283379
97410000,97415000,21704,5000,6731988.0,5801.47929267
97415000,97420000,21705,5000,6732292.0,5801.28415628
97420000,97425000,21706,5000,6732596.0,5801.10509014
97425000,97430000,21707,5000,6732900.0,5800.84912932
97430000,97435000,21708,5000,6733204.0,5800.707217
97435000,97440000,21709,5000,6733508.0,5800.56536375
97440000,97445000,21710,5000,6733812.0,5800.72524482
97445000,97450000,21711,5000,6734116.0,5800.85482855
97450000,97455000,21712,5000,6734420.0,5800.99298538
97455000,97460000,21713,5000,6734724.0,5801.08011408
97460000,97465000,21714,5000,6735028.0,5801.15280581
97465000,97470000,21715,5000,6735332.0,5801.24005408
97470000,97475000,21716,5000,6735636.0,5801.3271613
97475000,97480000,21717,5000,6735940.0,5801.44174596
97480000,97485000,21718,5000,6736244.0,5801.5814155
97485000,97490000,21719,5000,6736547.0,5801.74096546
97490000,97495000,21720,5000,6736851.0,5801.88374691
97495000,97500000,21721,5000,6737155.0,5802.0261532
97500000,97505000,21722,5000,6737459.0,5802.12775036
97505000,97510000,21723,5000,6737763.0,5802.14837884
97510000,97515000,21724,5000,6738067.0,5802.1127135
97515000,97520000,21725,5000,6738371.0,5802.08272152
97520000,97525000,21726,5000,6738675.0,5801.99311053
97525000,97530000,21727,5000,6738979.0,5801.95989563
97530000,97535000,21728,5000,6739283.0,5801.97734372
97535000,97540000,21729,5000,6739587.0,5801.94011719
97540000,97545000,21730,5000,6739891.0,5801.90371375
97545000,97550000,21731,5000,6740195.0,5799.1928725
97550000,97555000,21732,5000,6740499.0,5799.05103861
97555000,97560000,21733,5000,6740803.0,5799.08619789
97560000,97565000,21734,5000,6741106.0,5799.17582387
97565000,97570000,21735,5000,6741410.0,5799.27697155
97570000,97575000,21736,5000,6741714.0,5799.35969563
97575000,97580000,21737,5000,6742018.0,5799.44743264
97580000,97585000,21738,5000,6742322.0,5799.50878904
97585000,97590000,21739,5000,6742626.0,5799.55141645
97590000,97595000,21740,5000,6742930.0,5799.53255992
97595000,97600000,21741,5000,6743234.0,5799.5631716
97600000,97605000,21742,5000,6743538.0,5799.59772536
97605000,97610000,21743,5000,6743842.0,5799.55503437
97610000,97615000,21744,5000,6744146.0,5799.61020741
97615000,97620000,21745,5000,6744450.0,5799.58775294
97620000,97625000,21746,5000,6744754.0,5799.68797235
97625000,97630000,21747,5000,6745058.0,5799.74236758
97630000,97635000,21748,5000,6745362.0,5799.79076429
97635000,97640000,21749,5000,6745666.0,5799.83062112
97640000,97645000,21750,5000,6745970.0,5799.82448882
97645000,97650000,21751,5000,6746273.0,5799.88046346
97650000,97655000,21752,5000,6746577.0,5799.93474152
97655000,97660000,21753,5000,6746881.0,5800.05742921
97660000,97665000,21754,5000,6747185.0,5800.12054797
97665000,97670000,21755,5000,6747489.0,5800.19851914
97670000,97675000,21756,5000,6747793.0,5800.23663536
97675000,97680000,21757,5000,6748097.0,5800.39111913
97680000,97685000,21758,5000,6748401.0,5800.46725022
97685000,97690000,21759,5000,6748705.0,5800.60635106
97690000,97695000,21760,5000,6749009.0,5800.75780485
97695000,97700000,21761,5000,6749313.0,5800.82955278
97700000,97705000,21762,5000,6749617.0,5800.93908564
97705000,97710000,21763,5000,6749921.0,5801.02038007
97710000,97715000,21764,5000,6750225.0,5801.06632251
97715000,97720000,21765,5000,6750529.0,5801.19812393
97720000,97725000,21766,5000,6750832.0,5801.2823067
97725000,97730000,21767,5000,6751136.0,5801.24990484
97730000,97735000,21768,5000,6751440.0,5801.10630961
97735000,97740000,21769,5000,6751744.0,5800.66506515
97740000,97745000,21770,5000,6752048.0,5800.47482158
97745000,97750000,21771,5000,6752352.0,5798.57189151
97750000,97755000,21772,5000,6752656.0,5798.43100871
97755000,97760000,21773,5000,6752960.0,5798.53372887
97760000,97765000,21774,5000,6753263.0,5798.67189644
97765000,97770000,21775,5000,6753567.0,5798.77378242
97770000,97775000,21776,5000,6753871.0,5798.90114566
97775000,97780000,21777,5000,6754175.0,5799.00890211
97780000,97785000,21778,5000,6754479.0,5799.15023375
97785000,97790000,21779,5000,6754783.0,5799.2550655
97790000,97795000,21780,5000,6755087.0,5799.35202859
97795000,97800000,21781,5000,6755391.0,5799.41996574
97800000,97805000,21782,5000,6755695.0,5799.37278575
97805000,97810000,21783,5000,6755999.0,5799.14328736
97810000,97815000,21784,5000,6756303.0,5799.16269772
97815000,97820000,21785,5000,6756607.0,5799.26998373
97820000,97825000,21786,5000,6756911.0,5799.37354126
97825000,97830000,21787,5000,6757214.0,5799.41743686
97830000,97835000,21788,5000,6757518.0,5799.51823654
97835000,97840000,21789,5000,6757822.0,5799.62065284
97840000,97845000,21790,5000,6758126.0,5799.7387074
97845000,97850000,21791,5000,6758430.0,5799.84309289
97850000,97855000,21792,5000,6758734.0,5799.9314269
97855000,97860000,21793,5000,6759038.0,5800.06882547
97860000,97865000,21794,5000,6759342.0,5800.16978471
97865000,97870000,21795,5000,6759646.0,5800.19965343
97870000,97875000,21796,5000,6759950.0,5800.21423938
97875000,97880000,21797,5000,6760254.0,5800.36562353
97880000,97885000,21798,5000,6760558.0,5800.4658556
97885000,97890000,21799,5000,6760862.0,5800.60576115
97890000,97895000,21800,5000,6761166.0,5800.744625
97895000,97900000,21801,5000,6761470.0,5800.88607208
97900000,97905000,21802,5000,6761774.0,5800.98535401
97905000,97910000,21803,5000,6762078.0,5801.14461126
97910000,97915000,21804,5000,6762382.0,5801.2824823
97915000,97920000,21805,5000,6762686.0,5801.41908262
97920000,97925000,21806,5000,6762990.0,5801.58047159
97925000,97930000,21807,5000,6763294.0,5801.71824091
97930000,97935000,21808,5000,6763597.0,5801.81982475
97935000,97940000,21809,5000,6763901.0,5801.95997088
97940000,97945000,21810,5000,6764205.0,5802.0781324
97945000,97950000,21811,5000,6764509.0,5802.23605347
97950000,97955000,21812,5000,6764813.0,5802.39810064
97955000,97960000,21813,5000,6765117.0,5802.47230917
97960000,97965000,21814,5000,6765421.0,5802.52631809
97965000,97970000,21815,5000,6765725.0,5802.65512588
97970000,97975000,21816,5000,6766029.0,5802.76995408
97975000,97980000,21817,5000,6766333.0,5802.81076952
97980000,97985000,21818,5000,6766636.0,5802.94802447
97985000,97990000,21819,5000,6766940.0,5803.10930588
97990000,97995000,21820,5000,6767244.0,5803.21231133
97995000,98000000,21821,5000,6767548.0,5803.31559476
98000000,98005000,21822,5000,6767852.0,5803.45686837
98005000,98010000,21823,5000,6768160.0,5803.59868887
98010000,98015000,21824,5000,6768467.0,5803.69802282
98015000,98020000,21825,5000,6768774.0,5803.85779026
98020000,98025000,21826,5000,6769082.0,5803.9310784
98025000,98030000,21827,5000,6769389.0,5804.06993744
98030000,98035000,21828,5000,6769696.0,5804.22884078
98035000,98040000,21829,5000,6770004.0,5804.32861456
98040000,98045000,21830,5000,6770311.0,5804.36670016
98045000,98050000,21831,5000,6770619.0,5804.4676723
98050000,98055000,21832,5000,6770926.0,5804.56827504
98055000,98060000,21833,5000,6771233.0,5804.67136475
98060000,98065000,21834,5000,6771541.0,5804.70872126
98065000,98070000,21835,5000,6771848.0,5804.68857533
98070000,98075000,21836,5000,6772155.0,5804.67239693
98075000,98080000,21837,5000,6772463.0,5804.65953493
98080000,98085000,21838,5000,6772770.0,5804.6766763
98085000,98090000,21839,5000,6773078.0,5804.69320607
98090000,98095000,21840,5000,6773385.0,5804.71411969
98095000,98100000,21841,5000,6773693.0,5804.81713681
98100000,98105000,21842,5000,6774000.0,5804.87670089
98105000,98110000,21843,5000,6774307.0,5804.97168208
98110000,98115000,21844,5000,6774615.0,5805.06758937
98115000,98120000,21845,5000,6774922.0,5805.19993128
98120000,98125000,21846,5000,6775229.0,5805.30782824
98125000,98130000,21847,5000,6775537.0,5805.38097095
98130000,98135000,21848,5000,6775844.0,5805.48309191
98135000,98140000,21849,5000,6776151.0,5805.57256906
98140000,98145000,21850,5000,6776459.0,5805.66015111
98145000,98150000,21851,5000,6776766.0,5805.7273033
98150000,98155000,21852,5000,6777073.0,5805.75904002
98155000,98160000,21853,5000,6777381.0,5805.89929262
98160000,98165000,21854,5000,6777688.0,5805.99894371
98165000,98170000,21855,5000,6777995.0,5806.09614647
98170000,98175000,21856,5000,6778303.0,5806.19259473
98175000,98180000,21857,5000,6778610.0,5806.28335127
98180000,98185000,21858,5000,6778917.0,5806.40100821
98185000,98190000,21859,5000,6779224.0,5806.49053111
98190000,98195000,21860,5000,6779531.0,5806.59632032
98195000,98200000,21861,5000,6779839.0,5806.72984053
98200000,98205000,21862,5000,6780146.0,5806.85433696
98205000,98210000,21863,5000,6780454.0,5806.96215425
98210000,98215000,21864,5000,6780761.0,5807.0626378
98215000,98220000,21865,5000,6781068.0,5807.07748075
98220000,98225000,21866,5000,6781376.0,5807.03875647
98225000,98230000,21867,5000,6781683.0,5807.13780878
98230000,98235000,21868,5000,6781990.0,5807.20920373
98235000,98240000,21869,5000,6782298.0,5806.75536992
98240000,98245000,21870,5000,6782605.0,5806.60581463
98245000,98250000,21871,5000,6782912.0,5806.74413917
98250000,98255000,21872,5000,6783220.0,5806.88065071
98255000,98260000,21873,5000,6783527.0,5807.01761224
98260000,98265000,21874,5000,6783834.0,5807.11908909
98265000,98270000,21875,5000,6784141.0,5807.26001617
98270000,98275000,21876,5000,6784449.0,5807.35854001
98275000,98280000,21877,5000,6784756.0,5807.45929793
98280000,98285000,21878,5000,6785063.0,5807.46132174
98285000,98290000,21879,5000,6785371.0,5807.43063467
98290000,98295000,21880,5000,6785678.0,5807.47667641
98295000,98300000,21881,5000,6785986.0,5807.57377834
98300000,98305000,21882,5000,6786293.0,5807.6748797
98305000,98310000,21883,5000,6786600.0,5807.72676284
98310000,98315000,21884,5000,6786908.0,5807.78111655
98315000,98320000,21885,5000,6787215.0,5807.93340228
98320000,98325000,21886,5000,6787523.0,5808.07655841
98325000,98330000,21887,5000,6787830.0,5808.17722402
98330000,98335000,21888,5000,6788137.0,5808.31690802
98335000,98340000,21889,5000,6788445.0,5808.41799105
98340000,98345000,21890,5000,6788752.0,5808.5712754
98345000,98350000,21891,5000,6789059.0,5808.71107545
98350000,98355000,21892,5000,6789367.0,5808.85381775
98355000,98360000,21893,5000,6789674.0,5808.99469965
98360000,98365000,21894,5000,6789982.0,5809.09429637
98365000,98370000,21895,5000,6790289.0,5809.11561725
98370000,98375000,21896,5000,6790596.0,5809.13059515
98375000,98380000,21897,5000,6790904.0,5809.05791495
98380000,98385000,21898,5000,6791211.0,5809.14802576
98385000,98390000,21899,5000,6791519.0,5809.24095913
98390000,98395000,21900,5000,6791826.0,5809.25445322
98395000,98400000,21901,5000,6792134.0,5809.29587592
98400000,98405000,21902,5000,6792441.0,5809.40611492
98405000,98410000,21903,5000,6792749.0,5809.48169855
98410000,98415000,21904,5000,6793056.0,5809.55748345
98415000,98420000,21905,5000,6793363.0,5809.59622644
98420000,98425000,21906,5000,6793671.0,5809.73826095
98425000,98430000,21907,5000,6793978.0,5809.83849454
98430000,98435000,21908,5000,6794286.0,5809.99592426
98435000,98440000,21909,5000,6794593.0,5810.13439213
98440000,98445000,21910,5000,6794901.0,5810.27501574
98445000,98450000,21911,5000,6795208.0,5810.43495595
98450000,98455000,21912,5000,6795515.0,5810.57419149
98455000,98460000,21913,5000,6795823.0,5810.67621413
98460000,98465000,21914,5000,6796130.0,5810.72383218
98465000,98470000,21915,5000,6796438.0,5810.82331516
98470000,98475000,21916,5000,6796745.0,5810.86111377
98475000,98480000,21917,5000,6797052.0,5810.94631274
98480000,98485000,21918,5000,6797360.0,5809.56423291
98485000,98490000,21919,5000,6797667.0,5809.1296305
98490000,98495000,21920,5000,6797974.0,5809.10831851
98495000,98500000,21921,5000,6798282.0,5809.26910871
98500000,98505000,21922,5000,6798589.0,5809.37106173
98505000,98510000,21923,5000,6798897.0,5809.48140498
98510000,98515000,21924,5000,6799204.0,5809.56669351
98515000,98520000,21925,5000,6799511.0,5809.65883042
98520000,98525000,21926,5000,6799819.0,5809.78853022
98525000,98530000,21927,5000,6800126.0,5809.87353369
98530000,98535000,21928,5000,6800434.0,5809.93622158
98535000,98540000,21929,5000,6800741.0,5808.2662833
98540000,98545000,21930,5000,6801048.0,5808.0966212
98545000,98550000,21931,5000,6801356.0,5807.90830287
98550000,98555000,21932,5000,6801663.0,5807.8597061
98555000,98560000,21933,5000,6801970.0,5807.97339074
98560000,98565000,21934,5000,6802278.0,5808.10294541
98565000,98570000,21935,5000,6802585.0,5808.20590255
98570000,98575000,21936,5000,6802893.0,5808.31529682
98575000,98580000,21937,5000,6803200.0,5808.44774806
98580000,98585000,21938,5000,6803507.0,5808.58629433
98585000,98590000,21939,5000,6803814.0,5808.74353614
98590000,98595000,21940,5000,6804121.0,5808.79007788
98595000,98600000,21941,5000,6804429.0,5808.76464477
98600000,98605000,21942,5000,6804736.0,5808.76813569
98605000,98610000,21943,5000,6805043.0,5808.92484475
98610000,98615000,21944,5000,6805351.0,5809.08581721
98615000,98620000,21945,5000,6805658.0,5809.22542201
98620000,98625000,21946,5000,6805966.0,5809.38551639
98625000,98630000,21947,5000,6806273.0,5809.52580344
98630000,98635000,21948,5000,6806580.0,5809.66641682
98635000,98640000,21949,5000,6806888.0,5809.8091476
98640000,98645000,21950,5000,6807195.0,5809.94868281
98645000,98650000,21951,5000,6807502.0,5810.09091955
98650000,98655000,21952,5000,6807810.0,5810.2309607
98655000,98660000,21953,5000,6808117.0,5810.33167013
98660000,98665000,21954,5000,6808424.0,5810.39065729
98665000,98670000,21955,5000,6808732.0,5810.34166061
98670000,98675000,21956,5000,6809039.0,5810.47886501
98675000,98680000,21957,5000,6809346.0,5810.53571269
98680000,98685000,21958,5000,6809654.0,5810.62781029
98685000,98690000,21959,5000,6809961.0,5810.74165819
98690000,98695000,21960,5000,6810268.0,5810.83047169
98695000,98700000,21961,5000,6810576.0,5810.87498519
98700000,98705000,21962,5000,6810883.0,5810.92805818
98705000,98710000,21963,5000,6811190.0,5810.98056118
98710000,98715000,21964,5000,6811498.0,5811.04247095
98715000,98720000,21965,5000,6811805.0,5811.11336419
98720000,98725000,21966,5000,6812112.0,5811.18309212
98725000,98730000,21967,5000,6812420.0,5811.28379865
98730000,98735000,21968,5000,6812727.0,5811.36653869
98735000,98740000,21969,5000,6813034.0,5811.46702532
98740000,98745000,21970,5000,6813341.0,5811.54855056
98745000,98750000,21971,5000,6813649.0,5811.6313314
98750000,98755000,21972,5000,6813956.0,5811.76078953
98755000,98760000,21973,5000,6814263.0,5811.8412032
98760000,98765000,21974,5000,6814571.0,5811.9674039
98765000,98770000,21975,5000,6814878.0,5812.0692752
98770000,98775000,21976,5000,6815186.0,5812.16595125
98775000,98780000,21977,5000,6815493.0,5812.27435367
98780000,98785000,21978,5000,6815800.0,5812.43498965
98785000,98790000,21979,5000,6816108.0,5812.59721735
98790000,98795000,21980,5000,6816415.0,5812.69380988
98795000,98800000,21981,5000,6816723.0,5812.83473448
98800000,98805000,21982,5000,6817030.0,5812.93269936
98805000,98810000,21983,5000,6817337.0,5812.93058871
98810000,98815000,21984,5000,6817644.0,5813.00616928
98815000,98820000,21985,5000,6817952.0,5813.07440979
98820000,98825000,21986,5000,6818259.0,5813.1628573
98825000,98830000,21987,5000,6818566.0,5813.20524311
98830000,98835000,21988,5000,6818874.0,5813.28452156
98835000,98840000,21989,5000,6819181.0,5813.38966994
98840000,98845000,21990,5000,6819488.0,5813.51963775
98845000,98850000,21991,5000,6819796.0,5813.64554028
98850000,98855000,21992,5000,6820103.0,5813.74711825
98855000,98860000,21993,5000,6820411.0,5813.85083214
98860000,98865000,21994,5000,6820718.0,5813.94021239
98865000,98870000,21995,5000,6821025.0,5814.02562331
98870000,98875000,21996,5000,6821333.0,5814.12939379
98875000,98880000,21997,5000,6821640.0,5814.17359901
98880000,98885000,21998,5000,6821947.0,5814.23677384
98885000,98890000,21999,5000,6822255.0,5814.27257245
98890000,98895000,22000,5000,6822562.0,5814.25763873
98895000,98900000,22001,5000,6822869.0,5814.34766899
98900000,98905000,22002,5000,6823177.0,5814.40458087
98905000,98910000,22003,5000,6823484.0,5814.52342821
98910000,98915000,22004,5000,6823792.0,5814.58625575
98915000,98920000,22005,5000,6824099.0,5814.69811031
98920000,98925000,22006,5000,6824406.0,5814.80036138
98925000,98930000,22007,5000,6824713.0,5814.88661989
98930000,98935000,22008,5000,6825021.0,5814.97444222
98935000,98940000,22009,5000,6825328.0,5815.09692633
98940000,98945000,22010,5000,6825636.0,5815.22018686
98945000,98950000,22011,5000,6825943.0,5815.30373735
98950000,98955000,22012,5000,6826251.0,5815.44585111
98955000,98960000,22013,5000,6826558.0,5815.53383521
98960000,98965000,22014,5000,6826865.0,5815.6372106
98965000,98970000,22015,5000,6827173.0,5815.72560824
98970000,98975000,22016,5000,6827480.0,5815.58071488
98975000,98980000,22017,5000,6827787.0,5813.89835446
98980000,98985000,22018,5000,6828095.0,5814.05789086
98985000,98990000,22019,5000,6828402.0,5814.19664861
98990000,98995000,22020,5000,6828709.0,5814.26286452
98995000,99000000,22021,5000,6829017.0,5814.39825993
99000000,99005000,22022,5000,6829324.0,5814.55537604
99005000,99010000,22023,5000,6829630.0,5814.65868533
99010000,99015000,22024,5000,6829936.0,5814.76352223
99015000,99020000,22025,5000,6830242.0,5814.86261619
99020000,99025000,22026,5000,6830548.0,5814.98451684
99025000,99030000,22027,5000,6830854.0,5815.10699119
99030000,99035000,22028,5000,6831160.0,5815.23880979
99035000,99040000,22029,5000,6831466.0,5815.34143112
99040000,99045000,22030,5000,6831772.0,5815.33269045
99045000,99050000,22031,5000,6832078.0,5815.31391819
99050000,99055000,22032,5000,6832384.0,5815.29491055
99055000,99060000,22033,5000,6832690.0,5815.40202672
99060000,99065000,22034,5000,6832996.0,5815.52145593
99065000,99070000,22035,5000,6833302.0,5815.64114722
99070000,99075000,22036,5000,6833607.0,5815.7260977
99075000,99080000,22037,5000,6833914.0,5815.78753753
99080000,99085000,22038,5000,6834219.0,5815.86450019
99085000,99090000,22039,5000,6834525.0,5816.02120893
99090000,99095000,22040,5000,6834831.0,5816.11519022
99095000,99100000,22041,5000,6835137.0,5816.25465808
99100000,99105000,22042,5000,6835443.0,5816.34501023
99105000,99110000,22043,5000,6835749.0,5816.37845284
99110000,99115000,22044,5000,6836055.0,5816.47827708
99115000,99120000,22045,5000,6836361.0,5816.52476184
99120000,99125000,22046,5000,6836667.0,5816.58128851
99125000,99130000,22047,5000,6836973.0,5816.68643724
99130000,99135000,22048,5000,6837279.0,5816.78786267
99135000,99140000,22049,5000,6837585.0,5816.76164324
99140000,99145000,22050,5000,6837891.0,5816.76507982
99145000,99150000,22051,5000,6838197.0,5816.74094724
99150000,99155000,22052,5000,6838503.0,5816.87197753
99155000,99160000,22053,5000,6838808.0,5817.00019672
99160000,99165000,22054,5000,6839114.0,5817.03501073
99165000,99170000,22055,5000,6839420.0,5817.08168635
99170000,99175000,22056,5000,6839726.0,5817.23894994
99175000,99180000,22057,5000,6840032.0,5817.37555657
99180000,99185000,22058,5000,6840338.0,5817.53044016
99185000,99190000,22059,5000,6840644.0,5817.6682573
99190000,99195000,22060,5000,6840950.0,5817.80307005
99195000,99200000,22061,5000,6841256.0,5817.81979815
99200000,99205000,22062,5000,6841562.0,5817.91334846
99205000,99210000,22063,5000,6841868.0,5818.0079208
99210000,99215000,22064,5000,6842174.0,5818.07500131
99215000,99220000,22065,5000,6842480.0,5818.14356706
99220000,99225000,22066,5000,6842786.0,5818.24904353
99225000,99230000,22067,5000,6843092.0,5818.34435207
99230000,99235000,22068,5000,6843398.0,5818.39770111
99235000,99240000,22069,5000,6843703.0,5818.45940617
99240000,99245000,22070,5000,6844009.0,5818.54822455
99245000,99250000,22071,5000,6844316.0,5818.68669676
99250000,99255000,22072,5000,6844622.0,5818.84021255
99255000,99260000,22073,5000,6844928.0,5818.97450419
99260000,99265000,22074,5000,6845234.0,5819.13032377
99265000,99270000,22075,5000,6845540.0,5819.16290773
99270000,99275000,22076,5000,6845846.0,5819.14643611
99275000,99280000,22077,5000,6846152.0,5818.94599783
99280000,99285000,22078,5000,6846457.0,5819.09526625
99285000,99290000,22079,5000,6846764.0,5819.18093838
99290000,99295000,22080,5000,6847069.0,5819.26527582
99295000,99300000,22081,5000,6847375.0,5819.0597417
99300000,99305000,22082,5000,6847681.0,5818.91528733
99305000,99310000,22083,5000,6847987.0,5818.52507563
99310000,99315000,22084,5000,6848293.0,5818.67542786
99315000,99320000,22085,5000,6848599.0,5818.76666007
99320000,99325000,22086,5000,6848905.0,5818.9068166
99325000,99330000,22087,5000,6849211.0,5818.95310428
99330000,99335000,22088,5000,6849517.0,5819.07413104
99335000,99340000,22089,5000,6849823.0,5819.16189175
99340000,99345000,22090,5000,6850128.0,5819.27340164
99345000,99350000,22091,5000,6850434.0,5819.39214235
99350000,99355000,22092,5000,6850740.0,5819.48826076
99355000,99360000,22093,5000,6851046.0,5819.6444371
99360000,99365000,22094,5000,6851352.0,5819.78214813
99365000,99370000,22095,5000,6851658.0,5819.89788963
99370000,99375000,22096,5000,6851964.0,5820.03512465
99375000,99380000,22097,5000,6852270.0,5820.16842788
99380000,99385000,22098,5000,6852576.0,5820.30129156
99385000,99390000,22099,5000,6852882.0,5820.39723616
99390000,99395000,22100,5000,6853188.0,5820.52415978
99395000,99400000,22101,5000,6853494.0,5820.65749986
99400000,99405000,22102,5000,6853800.0,5820.69257452
99405000,99410000,22103,5000,6854106.0,5820.72488279
99410000,99415000,22104,5000,6854412.0,5820.75628464
99415000,99420000,22105,5000,6854718.0,5820.90898284
99420000,99425000,22106,5000,6855023.0,5821.0246484
99425000,99430000,22107,5000,6855329.0,5820.88658515
99430000,99435000,22108,5000,6855635.0,5820.70737417
99435000,99440000,22109,5000,6855941.0,5820.53158445
99440000,99445000,22110,5000,6856247.0,5820.6195434
99445000,99450000,22111,5000,6856553.0,5820.73551863
99450000,99455000,22112,5000,6856859.0,5820.87422938
99455000,99460000,22113,5000,6857165.0,5821.03382148
99460000,99465000,22114,5000,6857471.0,5821.17416074
99465000,99470000,22115,5000,6857777.0,5821.33051587
99470000,99475000,22116,5000,6858083.0,5821.46916362
99475000,99480000,22117,5000,6858389.0,5821.56793697
99480000,99485000,22118,5000,6858695.0,5821.66115116
99485000,99490000,22119,5000,6859001.0,5821.69856865
99490000,99495000,22120,5000,6859306.0,5821.79233193
99495000,99500000,22121,5000,6859612.0,5821.93226961
99500000,99505000,22122,5000,6859918.0,5822.02242908
99505000,99510000,22123,5000,6860224.0,5821.86477377
99510000,99515000,22124,5000,6860530.0,5821.67448115
99515000,99520000,22125,5000,6860836.0,5821.4412185
99520000,99525000,22126,5000,6861142.0,5821.23711567
99525000,99530000,22127,5000,6861448.0,5821.09610999
99530000,99535000,22128,5000,6861754.0,5820.95455508
99535000,99540000,22129,5000,6862060.0,5820.77052751
99540000,99545000,22130,5000,6862366.0,5820.62485342
99545000,99550000,22131,5000,6862672.0,5820.48722653
99550000,99555000,22132,5000,6862978.0,5820.10073565
99555000,99560000,22133,5000,6863284.0,5819.96194546
99560000,99565000,22134,5000,6863590.0,5819.82292837
99565000,99570000,22135,5000,6863896.0,5819.68427972
99570000,99575000,22136,5000,6864202.0,5819.26102331
99575000,99580000,22137,5000,6864508.0,5818.84059449
99580000,99585000,22138,5000,6864814.0,5818.69548061
99585000,99590000,22139,5000,6865120.0,5818.79457237
99590000,99595000,22140,5000,6865426.0,5818.95549984
99595000,99600000,22141,5000,6865732.0,5819.09633419
99600000,99605000,22142,5000,6866038.0,5819.25429083
99605000,99610000,22143,5000,6866344.0,5814.92146024
99610000,99615000,22144,5000,6866650.0,5814.71735686
99615000,99620000,22145,5000,6866956.0,5814.57959484
99620000,99625000,22146,5000,6867262.0,5814.59436575
99625000,99630000,22147,5000,6867568.0,5814.61205573
99630000,99635000,22148,5000,6867874.0,5814.7694394
99635000,99640000,22149,5000,6868180.0,5814.86864205
99640000,99645000,22150,5000,6868486.0,5815.00735012
99645000,99650000,22151,5000,6868792.0,5815.15866222
99650000,99655000,22152,5000,6869098.0,5815.31498428
99655000,99660000,22153,5000,6869404.0,5815.38909903
99660000,99665000,22154,5000,6869710.0,5815.52296456
99665000,99670000,22155,5000,6870016.0,5815.60595982
99670000,99675000,22156,5000,6870322.0,5815.64855315
99675000,99680000,22157,5000,6870628.0,5815.74771012
99680000,99685000,22158,5000,6870934.0,5815.90115546
99685000,99690000,22159,5000,6871240.0,5816.03643913
99690000,99695000,22160,5000,6871546.0,5816.12285364
99695000,99700000,22161,5000,6871852.0,5816.19739957
99700000,99705000,22162,5000,6872158.0,5816.23304648
99705000,99710000,22163,5000,6872464.0,5816.18187208
99710000,99715000,22164,5000,6872770.0,5816.27667511
99715000,99720000,22165,5000,6873076.0,5816.34903972
99720000,99725000,22166,5000,6873382.0,5816.4632351
99725000,99730000,22167,5000,6873688.0,5816.60524054
99730000,99735000,22168,5000,6873993.0,5816.73261226
99735000,99740000,22169,5000,6874299.0,5816.54356291
99740000,99745000,22170,5000,6874605.0,5816.36112349
99745000,99750000,22171,5000,6874911.0,5815.93829678
99750000,99755000,22172,5000,6875217.0,5813.58290665
99755000,99760000,22173,5000,6875523.0,5813.55570463
99760000,99765000,22174,5000,6875829.0,5813.67574908
99765000,99770000,22175,5000,6876135.0,5813.23396615
99770000,99775000,22176,5000,6876441.0,5813.02822962
99775000,99780000,22177,5000,6876747.0,5811.13225135
99780000,99785000,22178,5000,6877053.0,5810.24137392
99785000,99790000,22179,5000,6877358.0,5810.21202787
99790000,99795000,22180,5000,6877664.0,5810.23001692
99795000,99800000,22181,5000,6877970.0,5810.25087972
99800000,99805000,22182,5000,6878276.0,5810.23497626
99805000,99810000,22183,5000,6878582.0,5810.25295618
99810000,99815000,22184,5000,6878888.0,5810.07626597
99815000,99820000,22185,5000,6879194.0,5810.08995196
99820000,99825000,22186,5000,6879500.0,5810.0934013
99825000,99830000,22187,5000,6879806.0,5809.90191403
99830000,99835000,22188,5000,6880112.0,5809.91941258
99835000,99840000,22189,5000,6880418.0,5810.02327216
99840000,99845000,22190,5000,6880724.0,5810.10808461
99845000,99850000,22191,5000,6881030.0,5810.19316803
99850000,99855000,22192,5000,6881336.0,5810.28120329
99855000,99860000,22193,5000,6881642.0,5810.35387945
99860000,99865000,22194,5000,6881948.0,5810.44494096
99865000,99870000,22195,5000,6882254.0,5810.52905207
99870000,99875000,22196,5000,6882560.0,5810.64909639
99875000,99880000,22197,5000,6882866.0,5810.78306732
99880000,99885000,22198,5000,6883172.0,5810.85384272
99885000,99890000,22199,5000,6883478.0,5810.98895061
99890000,99895000,22200,5000,6883784.0,5811.06259505
99895000,99900000,22201,5000,6884090.0,5811.09911145
99900000,99905000,22202,5000,6884396.0,5811.1434782
99905000,99910000,22203,5000,6884702.0,5811.22840112
99910000,99915000,22204,5000,6885007.0,5808.58526893
99915000,99920000,22205,5000,6885313.0,5808.44689278
99920000,99925000,22206,5000,6885619.0,5799.97807243
99925000,99930000,22207,5000,6885925.0,5798.61580558
99930000,99935000,22208,5000,6886231.0,5794.3251953
99935000,99940000,22209,5000,6886537.0,5792.96783489
99940000,99945000,22210,5000,6886843.0,5792.10073
99945000,99950000,22211,5000,6887149.0,5791.72148368
99950000,99955000,22212,5000,6887455.0,5791.58661317
99955000,99960000,22213,5000,6887761.0,5791.60416989
99960000,99965000,22214,5000,6888067.0,5791.58026046
99965000,99970000,22215,5000,6888373.0,5791.59904881
99970000,99975000,22216,5000,6888679.0,5791.75229352
99975000,99980000,22217,5000,6888985.0,5791.8514277
99980000,99985000,22218,5000,6889290.0,5791.9883247
99985000,99990000,22219,5000,6889596.0,5791.84943667
99990000,99995000,22220,5000,6889902.0,5788.74986288
99995000,100000000,22221,5000,6890208.0,5786.17819148
